Information and diagnostics 
=========================== 
Total iter:                       10000 
Thin:                             1 
Num chains:                       3 
Max Rhat:                         1.43 
Min n.eff:                        0 


Model summary 
============= 
                        mean         sd          2.5%          50%       97.5% Rhat n.eff
betaD.R[1]      -0.563261228 0.49321675 -1.5475749728 -0.557653346  0.38305060 1.00   975
betaD.R[2]      -0.047362548 0.53286554 -1.1175104047 -0.043065961  0.98575780 1.00  1696
betaD.R[3]       0.420162463 0.61012377 -0.7781273946  0.423771352  1.61447559 1.00  2006
betaD.R[4]       0.824803178 0.45598411 -0.0734465530  0.821645252  1.71546403 1.00  5158
betaD.R[5]       0.933681557 0.55734529 -0.1623157226  0.932597764  2.03630484 1.00  4257
betaD.R[6]       0.330709618 0.65691106 -0.9805810289  0.340247660  1.59393593 1.00  3468
betaD.phi[1]    -1.139363339 0.29907401 -1.7477737230 -1.130175400 -0.56461651 1.00   525
betaD.phi[2]     0.326610282 0.36308564 -0.4005943796  0.330963379  1.03749688 1.01   800
betaD.phi[3]     0.427607033 0.40513481 -0.3217320683  0.413550966  1.26296122 1.00   835
betaD.phi[4]    -0.046762185 0.29401277 -0.6274954816 -0.047867431  0.53032024 1.00  1551
betaD.phi[5]    -0.376865034 0.41490176 -1.2023535660 -0.374982149  0.44112573 1.00  1662
betaD.phi[6]    -0.062346766 0.45857702 -0.9784974927 -0.051935859  0.83194458 1.01  1174
betaV.R[1]       0.982163966 0.45448497  0.1490384113  0.970897288  1.89983132 1.00   947
betaV.R[2]       0.006051268 0.54892542 -1.0586850479 -0.003299507  1.10321746 1.00  1673
betaV.R[3]      -0.418753725 0.64839505 -1.6941274919 -0.430534956  0.84947522 1.00  1842
betaV.R[4]      -0.619494001 0.53351348 -1.6992057641 -0.613947591  0.41167802 1.00  3550
betaV.R[5]      -1.119423442 0.66579713 -2.4538556438 -1.108089506  0.16848953 1.00  3637
betaV.R[6]      -1.036510875 0.72243899 -2.4688677335 -1.027501696  0.35457675 1.00  3784
betaV.phi[1]     1.020681239 0.31944431  0.4011638021  1.023989243  1.65198737 1.01   480
betaV.phi[2]    -0.117998052 0.38358967 -0.8739922767 -0.121329363  0.65667663 1.01   743
betaV.phi[3]    -0.679949129 0.42324958 -1.5650410799 -0.667005500  0.09914778 1.00   875
betaV.phi[4]     0.313759482 0.32547237 -0.3169938711  0.313109853  0.96685420 1.00  1518
betaV.phi[5]    -0.097736880 0.44774003 -0.9661776548 -0.099823334  0.77697061 1.00  1594
betaV.phi[6]    -0.739019413 0.53576112 -1.7961150217 -0.741428230  0.31766279 1.01  1127
betaX.R         -0.548925347 0.19516009 -0.9439612216 -0.543007413 -0.17845638 1.00  3630
betaX.phi        0.202554954 0.08156718  0.0431875253  0.201845315  0.36255073 1.00  3684
mean.R[1, 1]     0.076264367 0.05508191  0.0099382634  0.064860512  0.21921635 1.01  2121
mean.R[2, 1]     0.160079734 0.08585900  0.0392074144  0.144774745  0.37308498 1.00  2867
mean.R[3, 1]     0.237016913 0.14488785  0.0499657433  0.203874427  0.62291393 1.00  2472
mean.R[4, 1]     0.190441727 0.10620367  0.0346623043  0.173497606  0.44387939 1.00  3523
mean.R[5, 1]     0.382033527 0.19615304  0.0765629354  0.355198482  0.82370426 1.00  2829
mean.R[6, 1]     0.111040522 0.11717706  0.0067094170  0.074572697  0.45150431 1.01  3180
mean.R[1, 2]     0.166772799 0.06749419  0.0650200754  0.156940854  0.32621153 1.03  2439
mean.R[2, 2]     0.175831212 0.10795950  0.0346691351  0.152684204  0.44777920 1.03  3124
mean.R[3, 2]     0.215369462 0.13263659  0.0334603293  0.190315993  0.53537983 1.02  6459
mean.R[4, 2]     0.206683108 0.16575309  0.0143242142  0.161799076  0.63403922 1.01  4759
mean.R[5, 2]     0.255501998 0.19439705  0.0148251672  0.207756013  0.71948230 1.00  6780
mean.R[6, 2]     0.046034270 0.05298309  0.0009700725  0.027260191  0.19356273 1.01  8575
mean.R[1, 3]     0.166859581 0.07425598  0.0516535145  0.157311770  0.33695183 1.01  5032
mean.R[2, 3]     0.153896935 0.10482135  0.0222217102  0.129357403  0.41793788 1.00  7868
mean.R[3, 3]     0.195086684 0.13862719  0.0196378194  0.163116998  0.53261585 1.00 10905
mean.R[4, 3]     0.203898593 0.18112128  0.0078858880  0.148735646  0.67636857 1.00  6016
mean.R[5, 3]     0.231130793 0.20605520  0.0067272629  0.166513855  0.74366424 1.00  7204
mean.R[6, 3]     0.036599501 0.05057387  0.0003445474  0.017326741  0.18336570 1.00 10046
mean.R[1, 4]     0.173065710 0.06312917  0.0712924278  0.165991634  0.31535189 1.00  3179
mean.R[2, 4]     0.154624732 0.08060807  0.0402959643  0.140498811  0.34950473 1.00  5858
mean.R[3, 4]     0.163345758 0.09541782  0.0313925834  0.146034410  0.39690073 1.00  8782
mean.R[4, 4]     0.134628941 0.11221758  0.0109848893  0.103416022  0.43596078 1.00  4612
mean.R[5, 4]     0.173206604 0.14004862  0.0120094965  0.135883869  0.53462297 1.00  6171
mean.R[6, 4]     0.034304473 0.03633275  0.0012494261  0.022517024  0.13548594 1.00  7904
mean.R[1, 5]     0.036267678 0.02468676  0.0068209866  0.030142363  0.10009157 1.01  1429
mean.R[2, 5]     0.183050068 0.12239408  0.0284976486  0.154016913  0.48952799 1.00  1910
mean.R[3, 5]     0.322681350 0.19307135  0.0468503342  0.291322557  0.75426898 1.00  1954
mean.R[4, 5]     0.280586338 0.10485338  0.1077181464  0.270164880  0.51131279 1.01  6951
mean.R[5, 5]     0.576236883 0.18110554  0.2097368401  0.590209297  0.88050821 1.00  3847
mean.R[6, 5]     0.211589755 0.16009483  0.0198566817  0.170312762  0.61553660 1.00  3522
mean.R[1, 6]     0.040465322 0.02340509  0.0097712690  0.035636664  0.10011330 1.01  1510
mean.R[2, 6]     0.173925120 0.10247366  0.0358688414  0.152317765  0.42410079 1.00  2057
mean.R[3, 6]     0.292469964 0.16746584  0.0533300306  0.264672667  0.67859428 1.00  2007
mean.R[4, 6]     0.238443493 0.08490329  0.1003243651  0.229601786  0.42762301 1.00  6932
mean.R[5, 6]     0.515765149 0.16264919  0.2053491105  0.519218775  0.81374532 1.00  4128
mean.R[6, 6]     0.178959747 0.13080617  0.0211420451  0.145840608  0.51024629 1.00  3608
mean.R[1, 7]     0.031918910 0.01723492  0.0081973569  0.028707944  0.07398330 1.00  1783
mean.R[2, 7]     0.158798103 0.09384834  0.0322329503  0.139374282  0.39368269 1.01  1989
mean.R[3, 7]     0.252289286 0.15452618  0.0394825870  0.222482056  0.61774904 1.01  2168
mean.R[4, 7]     0.173458865 0.07265222  0.0560839839  0.165155464  0.33742102 1.02  3294
mean.R[5, 7]     0.459047545 0.16554013  0.1507402394  0.457380116  0.77793461 1.02  3142
mean.R[6, 7]     0.196279743 0.13522091  0.0254900082  0.165544115  0.53469409 1.00  3663
mean.R[1, 8]     0.067326810 0.02933855  0.0245118938  0.062619630  0.13859279 1.02  3506
mean.R[2, 8]     0.163947563 0.06327237  0.0653672441  0.155595340  0.31082517 1.00  4718
mean.R[3, 8]     0.190269864 0.09195058  0.0526804338  0.175974077  0.40506450 1.00  4543
mean.R[4, 8]     0.104496159 0.04603400  0.0367936502  0.096976549  0.21271652 1.01  5286
mean.R[5, 8]     0.269777113 0.09590679  0.1097309100  0.260763549  0.48023871 1.00  6923
mean.R[6, 8]     0.119103908 0.06831684  0.0254783129  0.106448792  0.28610180 1.00  5678
mean.R[1, 9]     0.069393280 0.02898767  0.0253009202  0.065069337  0.13715366 1.01  4267
mean.R[2, 9]     0.163011062 0.06368396  0.0621125847  0.154928558  0.30976017 1.00  5725
mean.R[3, 9]     0.181879929 0.08941665  0.0488070828  0.167527200  0.38993802 1.00  5086
mean.R[4, 9]     0.095627145 0.04350624  0.0314304817  0.088727116  0.19768014 1.00  6106
mean.R[5, 9]     0.249646060 0.09289358  0.0974007287  0.240118499  0.45403493 1.00  8153
mean.R[6, 9]     0.115945834 0.06787602  0.0238064707  0.103033004  0.28282763 1.00  6322
mean.R[1, 10]    0.057500186 0.02487594  0.0203797390  0.053766241  0.11517332 1.01  4232
mean.R[2, 10]    0.157120609 0.06410664  0.0563142107  0.148586313  0.30588676 1.01  4240
mean.R[3, 10]    0.188315468 0.09684300  0.0472204526  0.172188414  0.41297363 1.00  4314
mean.R[4, 10]    0.103007626 0.04706932  0.0332156624  0.095635060  0.21440241 1.00  6562
mean.R[5, 10]    0.278736063 0.10392283  0.1058635586  0.269295952  0.50313288 1.00  7200
mean.R[6, 10]    0.128064844 0.07669346  0.0245547414  0.113097198  0.31662145 1.00  6143
mean.R[1, 11]    0.095572031 0.05238040  0.0272289532  0.084563963  0.22720943 1.04  1457
mean.R[2, 11]    0.179357173 0.07747273  0.0641437826  0.167516360  0.36337419 1.01  3508
mean.R[3, 11]    0.175568873 0.09330172  0.0416461795  0.159312146  0.39687202 1.01  5739
mean.R[4, 11]    0.084337313 0.05117742  0.0204848586  0.073186142  0.21263504 1.03  3840
mean.R[5, 11]    0.211707268 0.09799690  0.0656606007  0.196349717  0.43871180 1.02  4453
mean.R[6, 11]    0.114713420 0.07529459  0.0195823408  0.097755652  0.30659560 1.02  5130
mean.R[1, 12]    0.086172797 0.04121646  0.0263388757  0.079324634  0.18498678 1.00  2583
mean.R[2, 12]    0.157701262 0.06515196  0.0556359381  0.149264806  0.30673382 1.01  4102
mean.R[3, 12]    0.155186205 0.08134007  0.0375327267  0.141617219  0.34958556 1.00  4926
mean.R[4, 12]    0.074002293 0.03991536  0.0190968382  0.066591809  0.17032601 1.00  4930
mean.R[5, 12]    0.184006554 0.08172744  0.0582802633  0.172222112  0.37082875 1.00  6614
mean.R[6, 12]    0.091135715 0.05656287  0.0169836160  0.079221323  0.23165317 1.00  6253
mean.R[1, 13]    0.112883164 0.05048868  0.0416353108  0.104123565  0.23690110 1.04  1318
mean.R[2, 13]    0.170880216 0.06234579  0.0759767102  0.161826223  0.32043377 1.03  2391
mean.R[3, 13]    0.168738936 0.07432077  0.0552663119  0.157361064  0.34408085 1.02  4351
mean.R[4, 13]    0.090413267 0.04544942  0.0279607070  0.081783962  0.20367921 1.03  2714
mean.R[5, 13]    0.191621814 0.07991189  0.0729271752  0.179152817  0.37931205 1.02  3215
mean.R[6, 13]    0.075928595 0.04504048  0.0166222356  0.066412622  0.18699643 1.02  4597
mean.R[1, 14]    0.085658117 0.03865240  0.0275723690  0.079812906  0.17655568 1.00  2534
mean.R[2, 14]    0.154284851 0.05928544  0.0574474505  0.147712490  0.28747219 1.01  3896
mean.R[3, 14]    0.155683162 0.07394905  0.0429779018  0.145214355  0.32670076 1.00  5130
mean.R[4, 14]    0.078486861 0.03853436  0.0229161891  0.071956308  0.17089481 1.00  4227
mean.R[5, 14]    0.188035253 0.07615904  0.0662297252  0.179245867  0.35951375 1.00  5656
mean.R[6, 14]    0.083366051 0.04843633  0.0172323140  0.073931854  0.20130990 1.00  5767
mean.R[1, 15]    0.075005465 0.03470720  0.0242736391  0.069330555  0.15697174 1.00  3347
mean.R[2, 15]    0.158936657 0.06419064  0.0579071321  0.150988508  0.30458586 1.00  6135
mean.R[3, 15]    0.166921344 0.08537969  0.0414268492  0.152540534  0.36804461 1.00  5458
mean.R[4, 15]    0.082886600 0.04176485  0.0236512345  0.075607763  0.18402687 1.00  5905
mean.R[5, 15]    0.216063836 0.09086784  0.0743199093  0.204446736  0.42113092 1.00  7297
mean.R[6, 15]    0.105385079 0.06363669  0.0202039371  0.092751754  0.26084871 1.00  6983
mean.R[1, 16]    0.076505709 0.03347965  0.0256371464  0.071623208  0.15462639 1.00  2993
mean.R[2, 16]    0.156679790 0.05844539  0.0610334237  0.150183216  0.28732065 1.01  5509
mean.R[3, 16]    0.166878081 0.08038331  0.0450653278  0.155421502  0.35521811 1.00  5277
mean.R[4, 16]    0.085693876 0.04034660  0.0267544514  0.079388512  0.18104666 1.00  5219
mean.R[5, 16]    0.215237329 0.08214627  0.0801964143  0.206817623  0.39444001 1.00  6683
mean.R[6, 16]    0.097828824 0.05685648  0.0196608939  0.087164356  0.23457203 1.00  6056
mean.R[1, 17]    0.153479447 0.12095596  0.0290075989  0.118752269  0.50022988 1.00  1750
mean.R[2, 17]    0.147747931 0.07601259  0.0366839158  0.136397899  0.32620637 1.01  2682
mean.R[3, 17]    0.128657165 0.08094525  0.0204878672  0.112776615  0.32771323 1.01  3392
mean.R[4, 17]    0.060572495 0.04179693  0.0074353108  0.051619312  0.16517248 1.01  3685
mean.R[5, 17]    0.122788843 0.08720792  0.0101119620  0.104444246  0.33328406 1.01  3372
mean.R[6, 17]    0.055982649 0.05084672  0.0033631535  0.041992066  0.18715830 1.00  4313
mean.p[1]        0.932170575 0.05720956  0.7829152526  0.947321109  0.98934185 1.00  9984
mean.p[2]        0.957155442 0.02732945  0.8881275796  0.963337280  0.99168498 1.00  6019
mean.p[3]        0.965685047 0.02067186  0.9145736761  0.969766364  0.99292643 1.00  5409
mean.p[4]        0.972634154 0.01583501  0.9338578168  0.975667511  0.99437721 1.00  4141
mean.p[5]        0.964308280 0.01834785  0.9200477555  0.967537968  0.99049527 1.00  5994
mean.p[6]        0.973714447 0.01505667  0.9372008431  0.976669349  0.99433019 1.00  4389
mean.p[7]        0.970579388 0.01703241  0.9290501269  0.973651356  0.99385568 1.00  4500
mean.p[8]        0.959704463 0.02127509  0.9082004155  0.963507911  0.98982125 1.00  5723
mean.p[9]        0.968003130 0.01925642  0.9200991217  0.971952628  0.99350466 1.00  5205
mean.p[10]       0.962944464 0.01918049  0.9165838896  0.966428578  0.98998243 1.00  6339
mean.p[11]       0.956435045 0.02076128  0.9064298230  0.959810348  0.98676255 1.00  6224
mean.p[12]       0.933180083 0.02774131  0.8671306666  0.937491896  0.97466815 1.00  6882
mean.p[13]       0.909782281 0.03101707  0.8385892378  0.913643824  0.95938976 1.00  6404
mean.p[14]       0.764943167 0.05474532  0.6500965586  0.767920250  0.86307367 1.00  4009
mean.p[15]       0.923182610 0.02936586  0.8538111767  0.927128233  0.96878687 1.00  7308
mean.p[16]       0.952993744 0.01962189  0.9072632248  0.955702521  0.98329058 1.00  7274
mean.p[17]       0.951019750 0.02110983  0.9012622282  0.954275794  0.98309899 1.00  7102
mean.p[18]       0.856699015 0.07284475  0.6999994754  0.863956892  0.96983597 1.01  1131
mean.phi[1, 1]   0.551550328 0.13512552  0.2877098517  0.551991237  0.80951978 1.00  3684
mean.phi[2, 1]   0.784018966 0.09129726  0.5724202229  0.795034071  0.93013859 1.00  3950
mean.phi[3, 1]   0.833558681 0.10144212  0.5859745429  0.852051947  0.97333837 1.00  2876
mean.phi[4, 1]   0.833828299 0.08951043  0.6034516400  0.851276940  0.95577441 1.01  3983
mean.phi[5, 1]   0.597907733 0.15004663  0.2755969772  0.611876544  0.85311400 1.00  4170
mean.phi[6, 1]   0.640233430 0.14933467  0.3467406741  0.643937565  0.91159027 1.01  2277
mean.phi[1, 2]   0.634995226 0.07491352  0.4828168571  0.637347640  0.77497400 1.00  7849
mean.phi[2, 2]   0.825641492 0.07481217  0.6524993252  0.835261036  0.94113312 1.00  6788
mean.phi[3, 2]   0.716634050 0.11379211  0.4601768765  0.730153715  0.89890092 1.00  7155
mean.phi[4, 2]   0.875579437 0.08422546  0.6588248739  0.895824105  0.97704459 1.00  4257
mean.phi[5, 2]   0.495916175 0.17947718  0.1595114863  0.499084453  0.83298800 1.00  5912
mean.phi[6, 2]   0.239272783 0.12204542  0.0529146311  0.222929187  0.51573358 1.00  6023
mean.phi[1, 3]   0.567534889 0.08231097  0.4035996298  0.569021034  0.72610800 1.00 10461
mean.phi[2, 3]   0.832705148 0.06177179  0.6920779959  0.839627728  0.93236245 1.00 11053
mean.phi[3, 3]   0.712423044 0.10909531  0.4716798417  0.722225324  0.89305355 1.00  9551
mean.phi[4, 3]   0.876329863 0.07233206  0.6998574140  0.890669011  0.97462655 1.00  6110
mean.phi[5, 3]   0.517314875 0.18274997  0.1702935729  0.520732263  0.85328025 1.00  6877
mean.phi[6, 3]   0.246797618 0.12734856  0.0541817687  0.228759832  0.53632965 1.00 10067
mean.phi[1, 4]   0.435326501 0.10806896  0.2302854406  0.435031252  0.64541980 1.00  1264
mean.phi[2, 4]   0.700477463 0.08583320  0.5189788033  0.706057624  0.84873833 1.00  5727
mean.phi[3, 4]   0.770515212 0.07262328  0.6128776641  0.776539021  0.89473107 1.00  7703
mean.phi[4, 4]   0.902843161 0.04933298  0.7830694661  0.911459668  0.97361742 1.00  5113
mean.phi[5, 4]   0.630012061 0.14159850  0.3339791177  0.639735674  0.87566673 1.00  6188
mean.phi[6, 4]   0.257308782 0.12333317  0.0654087716  0.241526346  0.53439886 1.00  4241
mean.phi[1, 5]   0.350242275 0.08372640  0.1965189566  0.346604112  0.52550090 1.00  1678
mean.phi[2, 5]   0.771332475 0.11787376  0.4875900132  0.791689657  0.94113609 1.00  1455
mean.phi[3, 5]   0.901215651 0.05901321  0.7558100371  0.912918273  0.97951998 1.00  1968
mean.phi[4, 5]   0.798407535 0.05563586  0.6782900052  0.803054560  0.89382070 1.00  7416
mean.phi[5, 5]   0.662196498 0.14260314  0.3583061737  0.673911697  0.89974716 1.00  2547
mean.phi[6, 5]   0.640553382 0.16755357  0.2699499996  0.661203836  0.90470403 1.01  1675
mean.phi[1, 6]   0.205318520 0.08424902  0.0705135201  0.196205686  0.39578481 1.00  1849
mean.phi[2, 6]   0.779665903 0.08589423  0.5818144559  0.790438807  0.91640890 1.00  2318
mean.phi[3, 6]   0.884301063 0.07429593  0.6964623206  0.900849935  0.97745090 1.00  1811
mean.phi[4, 6]   0.814332852 0.04990108  0.7060930727  0.818080311  0.90053110 1.00  7698
mean.phi[5, 6]   0.564156566 0.15203540  0.2571106710  0.573196088  0.83384216 1.00  2134
mean.phi[6, 6]   0.628360014 0.15597418  0.2950209127  0.643459972  0.88354801 1.00  2023
mean.phi[1, 7]   0.175960160 0.05996805  0.0736591815  0.170986417  0.30814999 1.00  1283
mean.phi[2, 7]   0.748957880 0.12210974  0.4621094805  0.768220378  0.93141574 1.00  1801
mean.phi[3, 7]   0.908301701 0.05254630  0.7783664276  0.918583395  0.97922966 1.00  2538
mean.phi[4, 7]   0.774401201 0.05875668  0.6475048731  0.778856154  0.87726816 1.00  7822
mean.phi[5, 7]   0.786980765 0.09574163  0.5662181858  0.800298406  0.93483859 1.00  3569
mean.phi[6, 7]   0.738937040 0.13158079  0.4283645616  0.759481778  0.93389890 1.00  2130
mean.phi[1, 8]   0.495556440 0.12126863  0.2470174077  0.499730296  0.72135791 1.00  3869
mean.phi[2, 8]   0.699132656 0.10780598  0.4572112323  0.711571816  0.87504621 1.00  6002
mean.phi[3, 8]   0.828833537 0.08548287  0.6170380534  0.844463642  0.94797209 1.00  5015
mean.phi[4, 8]   0.849853205 0.04605614  0.7484759806  0.854056933  0.92816630 1.00  6455
mean.phi[5, 8]   0.795357448 0.07661089  0.6232903917  0.803931176  0.91975489 1.00  6930
mean.phi[6, 8]   0.642048671 0.12482570  0.3676827105  0.652118501  0.85399702 1.00  6146
mean.phi[1, 9]   0.543095281 0.06639068  0.4100880210  0.544642090  0.66898359 1.00  6999
mean.phi[2, 9]   0.705969807 0.11220446  0.4554109977  0.717419657  0.89235855 1.00  5414
mean.phi[3, 9]   0.833603531 0.08020637  0.6354526759  0.846711259  0.94948851 1.00  5275
mean.phi[4, 9]   0.725872484 0.07567443  0.5595792884  0.732848650  0.85212667 1.00  3507
mean.phi[5, 9]   0.798241881 0.06541261  0.6538934323  0.804427021  0.90685942 1.00  8604
mean.phi[6, 9]   0.697589291 0.11624113  0.4370571501  0.709087965  0.89218212 1.00  6261
mean.phi[1, 10]  0.548333881 0.08238272  0.3842581397  0.549932417  0.70556208 1.00  7337
mean.phi[2, 10]  0.752773644 0.06754600  0.6087238912  0.756890183  0.87237336 1.00  6556
mean.phi[3, 10]  0.837675518 0.08414188  0.6313480954  0.853592397  0.95305126 1.00  5152
mean.phi[4, 10]  0.848170676 0.06266261  0.7029939297  0.856409608  0.94685378 1.00  5611
mean.phi[5, 10]  0.825742573 0.06034846  0.6918768725  0.831575979  0.92608876 1.00  6796
mean.phi[6, 10]  0.745708315 0.10001035  0.5238327942  0.755680658  0.90972361 1.00  5905
mean.phi[1, 11]  0.764235569 0.08169034  0.5861976139  0.771175809  0.90417073 1.00  5086
mean.phi[2, 11]  0.689432189 0.08860950  0.5010132557  0.695046346  0.84546866 1.00  6834
mean.phi[3, 11]  0.785589381 0.06827313  0.6353549693  0.792037493  0.90077903 1.00  7736
mean.phi[4, 11]  0.817199856 0.07514186  0.6420336246  0.828168294  0.93193758 1.00  6591
mean.phi[5, 11]  0.775926279 0.07405081  0.6132649927  0.783786175  0.89985905 1.00  7609
mean.phi[6, 11]  0.647620447 0.10900773  0.4172761015  0.654751977  0.83700151 1.00  7388
mean.phi[1, 12]  0.745296588 0.06293464  0.6133668142  0.748586058  0.85839615 1.00  6548
mean.phi[2, 12]  0.642988414 0.10115672  0.4261681860  0.649902861  0.82200414 1.00  5116
mean.phi[3, 12]  0.850742260 0.06536729  0.7016881245  0.859204594  0.95190053 1.00  4442
mean.phi[4, 12]  0.842032033 0.05847019  0.7072487042  0.848954966  0.93546675 1.00  6701
mean.phi[5, 12]  0.750171028 0.08767262  0.5510103479  0.760565960  0.89260770 1.00  6146
mean.phi[6, 12]  0.656192502 0.09604963  0.4552369655  0.662271649  0.82714307 1.00  8040
mean.phi[1, 13]  0.741843983 0.08030543  0.5690115416  0.748471415  0.88135282 1.00  4652
mean.phi[2, 13]  0.732743003 0.06907481  0.5892178253  0.735648456  0.85615136 1.00  6556
mean.phi[3, 13]  0.711087692 0.10438462  0.4723905445  0.725176555  0.87607389 1.00  3711
mean.phi[4, 13]  0.818968334 0.05644863  0.6923006049  0.824949165  0.91192991 1.00  6860
mean.phi[5, 13]  0.755478216 0.08932843  0.5576804498  0.764219000  0.90345915 1.00  6201
mean.phi[6, 13]  0.687825590 0.09955277  0.4810240811  0.694219754  0.86244497 1.00  3446
mean.phi[1, 14]  0.739323538 0.07979353  0.5664082328  0.744469990  0.88036823 1.00  5295
mean.phi[2, 14]  0.734939920 0.08450203  0.5526772240  0.740734280  0.88207668 1.00  6235
mean.phi[3, 14]  0.769111800 0.07231393  0.6086812679  0.776405610  0.88858441 1.00  7355
mean.phi[4, 14]  0.821397341 0.05730456  0.6960528044  0.827362022  0.91734223 1.00  6839
mean.phi[5, 14]  0.774074603 0.08769576  0.5751369561  0.783553148  0.91747393 1.00  5720
mean.phi[6, 14]  0.595126221 0.10687522  0.3712111718  0.599435236  0.79045482 1.00  6829
mean.phi[1, 15]  0.749873666 0.06197887  0.6208282394  0.753320908  0.86009839 1.00  5879
mean.phi[2, 15]  0.758908919 0.08276272  0.5772732487  0.765829928  0.89994934 1.00  5525
mean.phi[3, 15]  0.834273499 0.06887185  0.6729255628  0.843883571  0.93911013 1.00  5913
mean.phi[4, 15]  0.809926667 0.05389020  0.6911157651  0.813953119  0.90237111 1.00  7965
mean.phi[5, 15]  0.787553882 0.09243261  0.5724676301  0.800609405  0.92984301 1.00  6017
mean.phi[6, 15]  0.616216682 0.11038788  0.3808257353  0.623185812  0.81133750 1.00  6423
mean.phi[1, 16]  0.750410176 0.07544725  0.5912476733  0.755420920  0.88477012 1.00  3937
mean.phi[2, 16]  0.649676927 0.07511976  0.4930295617  0.653231979  0.78614826 1.00  7694
mean.phi[3, 16]  0.829942272 0.06987560  0.6679246608  0.839625190  0.93817582 1.00  6661
mean.phi[4, 16]  0.848353546 0.05044294  0.7369974857  0.853383505  0.93185296 1.00  6824
mean.phi[5, 16]  0.703526433 0.09486561  0.4939142021  0.713242111  0.86082687 1.00  5675
mean.phi[6, 16]  0.665806735 0.11231255  0.4231764152  0.674024073  0.86044234 1.00  6914
mean.phi[1, 17]  0.803299985 0.09787452  0.5878867095  0.812271983  0.96320284 1.00  2461
mean.phi[2, 17]  0.662865413 0.11270101  0.4292627848  0.668376128  0.86856815 1.00  2833
mean.phi[3, 17]  0.733226420 0.10810248  0.4992318761  0.743411510  0.91296299 1.01  3048
mean.phi[4, 17]  0.831088748 0.07582438  0.6623991065  0.838051495  0.95535649 1.00  2367
mean.phi[5, 17]  0.721960663 0.11321692  0.4734190925  0.732113398  0.91198188 1.00  3361
mean.phi[6, 17]  0.545944471 0.16730330  0.1987456863  0.557400838  0.83699513 1.00  3577
mu.R[1]          0.074933454 0.02286157  0.0368506004  0.072951673  0.12557832 1.00  4002
mu.R[2]          0.154168727 0.04671663  0.0760925363  0.149269490  0.25827911 1.00  4305
mu.R[3]          0.184368708 0.07027344  0.0696183516  0.175391072  0.34118976 1.00  4429
mu.R[4]          0.114738668 0.04004184  0.0498345552  0.109879781  0.20336262 1.00  4069
mu.R[5]          0.255363734 0.07644529  0.1250867179  0.250613067  0.41920769 1.00  5770
mu.R[6]          0.083631952 0.04349443  0.0207974267  0.076585832  0.18669544 1.00  4849
mu.p             0.946227117 0.01252185  0.9185501302  0.947273906  0.96757489 1.01  1229
mu.phi[1]        0.559621268 0.04090541  0.4773846359  0.560643237  0.63701732 1.00  2139
mu.phi[2]        0.749462835 0.03931322  0.6689955105  0.751155754  0.82127313 1.00  2264
mu.phi[3]        0.828439967 0.03664843  0.7518077499  0.830980457  0.89402366 1.00  2699
mu.phi[4]        0.839493512 0.02678673  0.7835243826  0.840549238  0.88925413 1.00  2345
mu.phi[5]        0.721218062 0.04739223  0.6237221560  0.723064743  0.80793436 1.00  3771
mu.phi[6]        0.590280576 0.05580153  0.4777501286  0.592009653  0.69684066 1.00  4576
sigma.R          0.160582854 0.15423424  0.0051277921  0.107227527  0.55177785 1.43   104
sigma.p          0.755912964 0.17803012  0.4492911802  0.740818848  1.14233887 1.01  1266
sigma.phi        0.507560054 0.11422434  0.2942488249  0.504259462  0.74876660 1.00   321
veg[1]           0.255071386 0.66811086 -1.1100696042  0.265452519  1.56395329 1.01  1578
veg[2]           1.786000000 0.00000000  1.7860000000  1.786000000  1.78600000  NaN     0
veg[3]           2.190000000 0.00000000  2.1900000000  2.190000000  2.19000000  NaN     0
veg[4]           1.651000000 0.00000000  1.6510000000  1.651000000  1.65100000  NaN     0
veg[5]          -0.549000000 0.00000000 -0.5490000000 -0.549000000 -0.54900000  NaN     0
veg[6]          -0.447000000 0.00000000 -0.4470000000 -0.447000000 -0.44700000  NaN     0
veg[7]          -0.953000000 0.00000000 -0.9530000000 -0.953000000 -0.95300000  NaN     0
veg[8]          -0.518000000 0.00000000 -0.5180000000 -0.518000000 -0.51800000  NaN     0
veg[9]          -0.537000000 0.00000000 -0.5370000000 -0.537000000 -0.53700000  NaN     0
veg[10]         -0.664000000 0.00000000 -0.6640000000 -0.664000000 -0.66400000  NaN     0
veg[11]         -0.509000000 0.00000000 -0.5090000000 -0.509000000 -0.50900000  NaN     0
veg[12]         -0.377000000 0.00000000 -0.3770000000 -0.377000000 -0.37700000  NaN     0
veg[13]          0.075000000 0.00000000  0.0750000000  0.075000000  0.07500000  NaN     0
veg[14]         -0.243000000 0.00000000 -0.2430000000 -0.243000000 -0.24300000  NaN     0
veg[15]         -0.510000000 0.00000000 -0.5100000000 -0.510000000 -0.51000000  NaN     0
veg[16]         -0.394000000 0.00000000 -0.3940000000 -0.394000000 -0.39400000  NaN     0
veg[17]          0.374011649 0.57605710 -0.6804936438  0.340555453  1.59389375 1.00  2117
