Information and diagnostics 
=========================== 
Total iter:                       10000 
Thin:                             1 
Num chains:                       3 
Max Rhat:                         1.78 
Min n.eff:                        0 


Model summary 
============= 
                       mean          sd         2.5%         50%       97.5% Rhat n.eff
betaVR.R[1]      0.51221824 0.875049108 -1.165499123  0.49192488  2.25958699 1.02   270
betaVR.R[2]      0.41984806 0.629813113 -0.823860446  0.42450390  1.66239909 1.00  1720
betaVR.R[3]      0.39618108 0.690276526 -0.941077204  0.39613542  1.75797163 1.01  2379
betaVR.R[4]     -0.35815606 0.423422484 -1.204913665 -0.36049627  0.48200096 1.00  1581
betaVR.R[5]     -0.59343743 0.548596856 -1.668316726 -0.59677735  0.47717444 1.00  3480
betaVR.R[6]     -0.64729573 0.639738659 -1.911320594 -0.64855785  0.62286044 1.00  4957
betaVR.phi[1]    0.91662885 0.137541430  0.652393199  0.91371091  1.19052455 1.00  6286
betaVR.phi[2]   -0.26181607 0.234215490 -0.735470082 -0.25813532  0.18249765 1.00  4110
betaVR.phi[3]   -0.50439625 0.259338668 -1.046766370 -0.49259370 -0.02675284 1.00  3413
betaVR.phi[4]    0.07348397 0.125272347 -0.172179800  0.07171214  0.31592381 1.00  5708
betaVR.phi[5]   -0.14984441 0.246030875 -0.641861610 -0.14665782  0.32820540 1.00  5743
betaVR.phi[6]    0.01639278 0.310745911 -0.595667056  0.01952052  0.62450762 1.00  4096
betaX.R         -0.89205426 0.304990023 -1.515293749 -0.88257560 -0.31175752 1.01  1102
betaX.phi        0.19852158 0.075002640  0.049277359  0.19832731  0.34714057 1.00  4262
mean.R[1, 1]     0.57204895 0.172490277  0.229555028  0.56933489  0.91187295 1.00  1452
mean.R[2, 1]     0.56201938 0.150694491  0.262640806  0.56245335  0.86107508 1.00  3175
mean.R[3, 1]     0.47559550 0.173830498  0.164639193  0.46577908  0.84501365 1.00  3173
mean.R[4, 1]     0.32564693 0.138356356  0.079561242  0.31760557  0.61187083 1.00  1493
mean.R[5, 1]     0.33377243 0.137264340  0.094176814  0.32621918  0.62334844 1.00  4570
mean.R[6, 1]     0.09690126 0.070930156  0.011049397  0.08120170  0.27164671 1.00  4580
mean.R[1, 2]     0.54203685 0.111348530  0.322666908  0.54270058  0.75428195 1.00   977
mean.R[2, 2]     0.53040967 0.112730307  0.308625139  0.53127549  0.74264594 1.00  2129
mean.R[3, 2]     0.44253353 0.129126791  0.201337953  0.44110238  0.70349587 1.00  2266
mean.R[4, 2]     0.34342626 0.115191953  0.142454256  0.33548149  0.58445047 1.00  1406
mean.R[5, 2]     0.35462964 0.102306957  0.169782117  0.35013443  0.56892238 1.00  4086
mean.R[6, 2]     0.10450341 0.053678406  0.027647892  0.09546576  0.23363032 1.00  3713
mean.R[1, 3]     0.54627595 0.112066149  0.324780318  0.54701939  0.75904615 1.00   975
mean.R[2, 3]     0.53393467 0.112133497  0.312842177  0.53491266  0.74354127 1.00  2176
mean.R[3, 3]     0.44575751 0.129758516  0.203029653  0.44372209  0.70516149 1.00  2270
mean.R[4, 3]     0.34089963 0.116241568  0.139164162  0.33216509  0.58515503 1.00  1383
mean.R[5, 3]     0.35009736 0.102954200  0.165856072  0.34489394  0.56671391 1.00  3923
mean.R[6, 3]     0.10249337 0.053016767  0.026802576  0.09358726  0.22991808 1.00  3726
mean.R[1, 4]     0.59648704 0.151033306  0.290649324  0.60593071  0.85782999 1.01   618
mean.R[2, 4]     0.57820757 0.124641395  0.326627422  0.58225914  0.80548159 1.00  2549
mean.R[3, 4]     0.48843754 0.152697177  0.200238679  0.48729771  0.78255677 1.00  2363
mean.R[4, 4]     0.31172667 0.135262740  0.095295189  0.29526936  0.60770671 1.00  1213
mean.R[5, 4]     0.29761718 0.119684785  0.102673789  0.28466714  0.56211040 1.00  3413
mean.R[6, 4]     0.08254481 0.052905271  0.016087854  0.07057408  0.21624158 1.00  3993
mean.R[1, 5]     0.36542123 0.278204533  0.012265462  0.30688232  0.92510409 1.02   233
mean.R[2, 5]     0.37027728 0.247275707  0.028484375  0.32805069  0.88880645 1.00  1602
mean.R[3, 5]     0.32037220 0.243173199  0.017857332  0.25918346  0.86324431 1.01  2485
mean.R[4, 5]     0.50820435 0.158098281  0.206959569  0.50929474  0.80853966 1.00  3144
mean.R[5, 5]     0.61573893 0.208742282  0.173917062  0.64276709  0.93408146 1.00  4415
mean.R[6, 5]     0.32824071 0.228425750  0.022848292  0.28329920  0.83486728 1.00  5226
mean.R[1, 6]     0.37741781 0.261100697  0.021377569  0.33601558  0.90248865 1.02   224
mean.R[2, 6]     0.38391335 0.232633113  0.042812442  0.35172309  0.86941994 1.00  1577
mean.R[3, 6]     0.32861395 0.228265890  0.027178703  0.27958396  0.83538777 1.01  2434
mean.R[4, 6]     0.48663123 0.142567862  0.219464703  0.48554289  0.76407567 1.00  3259
mean.R[5, 6]     0.58836756 0.193436882  0.190250265  0.60522908  0.90418622 1.00  4614
mean.R[6, 6]     0.29166543 0.201130027  0.025792692  0.24988783  0.75983033 1.00  5096
mean.R[1, 7]     0.36805632 0.273357875  0.014391519  0.31485410  0.91993598 1.02   236
mean.R[2, 7]     0.37349674 0.243102864  0.032192468  0.33402480  0.88318721 1.00  1603
mean.R[3, 7]     0.32205615 0.238775627  0.020366792  0.26473075  0.85425468 1.01  2469
mean.R[4, 7]     0.50105509 0.153739438  0.208720369  0.50163673  0.79720138 1.00  3165
mean.R[5, 7]     0.60722982 0.204503342  0.178163287  0.63030476  0.92661120 1.00  4434
mean.R[6, 7]     0.31681887 0.220438590  0.023543684  0.27184155  0.81395245 1.00  5219
mean.R[1, 8]     0.50479295 0.119349121  0.270097487  0.50450156  0.73526887 1.00   800
mean.R[2, 8]     0.49985069 0.124992812  0.257266097  0.49998421  0.73953106 1.00  1687
mean.R[3, 8]     0.41526125 0.132929478  0.174256297  0.40980530  0.68974374 1.00  2250
mean.R[4, 8]     0.36472625 0.105415360  0.173717382  0.35991744  0.58223803 1.00  1731
mean.R[5, 8]     0.39401431 0.101742587  0.208482869  0.39111179  0.60223021 1.00  4770
mean.R[6, 8]     0.12367635 0.062374478  0.033070112  0.11316133  0.27069715 1.00  3925
mean.R[1, 9]     0.53285660 0.110589516  0.316580139  0.53365238  0.74415145 1.00   966
mean.R[2, 9]     0.52284588 0.114627623  0.297483822  0.52417239  0.73766784 1.00  1984
mean.R[3, 9]     0.43565593 0.128720065  0.195521536  0.43370840  0.69642431 1.00  2254
mean.R[4, 9]     0.34899437 0.112261481  0.150941433  0.34294206  0.58178717 1.00  1486
mean.R[5, 9]     0.36468786 0.101146942  0.181688458  0.36042969  0.57614439 1.00  4267
mean.R[6, 9]     0.10907418 0.055218024  0.029183469  0.10037123  0.24116694 1.00  3729
mean.R[1, 10]    0.47929944 0.138767208  0.215337913  0.47735949  0.74612307 1.01   515
mean.R[2, 10]    0.47885638 0.139435121  0.214518466  0.47713363  0.74991393 1.00  1585
mean.R[3, 10]    0.39760100 0.143227806  0.144260630  0.38916021  0.69802677 1.00  2241
mean.R[4, 10]    0.38104673 0.101825620  0.194079733  0.37761807  0.58966001 1.00  2079
mean.R[5, 10]    0.42359894 0.108480067  0.223805860  0.42210199  0.64224165 1.00  5136
mean.R[6, 10]    0.14066624 0.073720446  0.034901415  0.12767082  0.31571586 1.00  4152
mean.R[1, 11]    0.63238211 0.195296408  0.223057158  0.65535037  0.93351860 1.01   402
mean.R[2, 11]    0.61496054 0.153060062  0.298077244  0.62703313  0.87368274 1.00  2286
mean.R[3, 11]    0.52634294 0.186701551  0.170255132  0.53098053  0.86371608 1.01  2452
mean.R[4, 11]    0.29120857 0.154205961  0.064239671  0.26647274  0.64694295 1.00  1194
mean.R[5, 11]    0.26139414 0.139553992  0.060270512  0.23763471  0.58814204 1.00  3310
mean.R[6, 11]    0.07183479 0.059753643  0.008750226  0.05510235  0.23054798 1.00  4372
mean.R[1, 12]    0.62742518 0.189790256  0.232125085  0.64772730  0.92492491 1.01   415
mean.R[2, 12]    0.60953328 0.148793495  0.302042002  0.61983050  0.86437130 1.00  2424
mean.R[3, 12]    0.52065097 0.182040544  0.174871060  0.52444298  0.85387459 1.00  2440
mean.R[4, 12]    0.29313402 0.151462752  0.067571814  0.26954916  0.64107802 1.00  1194
mean.R[5, 12]    0.26521938 0.136688940  0.064851427  0.24350679  0.58399358 1.00  3311
mean.R[6, 12]    0.07277688 0.058399031  0.009403106  0.05683424  0.22776100 1.00  4327
mean.R[1, 13]    0.61555281 0.172978656  0.257983738  0.62951499  0.89955977 1.01   511
mean.R[2, 13]    0.59702173 0.137540665  0.315220868  0.60462603  0.83884540 1.00  2463
mean.R[3, 13]    0.50754037 0.168746282  0.188811050  0.50915682  0.82461940 1.00  2418
mean.R[4, 13]    0.30146102 0.144429774  0.079667896  0.28110094  0.62438420 1.00  1196
mean.R[5, 13]    0.27917252 0.129468045  0.080467739  0.26144469  0.57474415 1.00  3331
mean.R[6, 13]    0.07675767 0.055680157  0.012041928  0.06269664  0.22004101 1.00  4228
mean.R[1, 14]    0.60671126 0.161715739  0.275661288  0.61824657  0.88008833 1.01   525
mean.R[2, 14]    0.58808765 0.130628354  0.323087616  0.59332187  0.82236258 1.00  2621
mean.R[3, 14]    0.49839741 0.160646825  0.194290544  0.49817318  0.80397517 1.00  2374
mean.R[4, 14]    0.30670385 0.140070930  0.087250396  0.28783243  0.61847267 1.00  1198
mean.R[5, 14]    0.28829573 0.124577503  0.091637282  0.27349126  0.56850839 1.00  3358
mean.R[6, 14]    0.07952486 0.054092052  0.013963655  0.06637526  0.21775579 1.00  4100
mean.R[1, 15]    0.58255552 0.136005110  0.308913979  0.58972193  0.82360311 1.01   728
mean.R[2, 15]    0.56541148 0.117373038  0.328979820  0.56892631  0.78288771 1.00  2442
mean.R[3, 15]    0.47575859 0.142877653  0.204898930  0.47462708  0.75515019 1.00  2339
mean.R[4, 15]    0.32082906 0.129424214  0.108174918  0.30684809  0.60110762 1.00  1221
mean.R[5, 15]    0.31334536 0.113752914  0.121624620  0.30399190  0.56018161 1.00  3487
mean.R[6, 15]    0.08798679 0.051944634  0.019277268  0.07713155  0.21813127 1.00  3860
mean.R[1, 16]    0.57278313 0.127550442  0.317274870  0.57702889  0.80420786 1.01   795
mean.R[2, 16]    0.55662868 0.114616699  0.328283357  0.55881632  0.76927416 1.00  2390
mean.R[3, 16]    0.46723248 0.138015129  0.206375873  0.46598011  0.73999765 1.00  2312
mean.R[4, 16]    0.32589454 0.125153527  0.116508005  0.31388453  0.59354150 1.00  1261
mean.R[5, 16]    0.32280313 0.109971071  0.134495313  0.31494296  0.55850753 1.00  3594
mean.R[6, 16]    0.09145824 0.051600504  0.021420388  0.08132326  0.21929895 1.00  3804
mean.R[1, 17]    0.62152612 0.199580755  0.205555129  0.62744111  0.96091803 1.01   519
mean.R[2, 17]    0.60535687 0.161726573  0.279574775  0.60685290  0.90662211 1.00  2535
mean.R[3, 17]    0.51778929 0.191948705  0.160028074  0.51078754  0.89127284 1.01  2522
mean.R[4, 17]    0.29551942 0.154304416  0.056334432  0.27546316  0.64763326 1.00  1329
mean.R[5, 17]    0.27148698 0.145645545  0.041662150  0.25634600  0.59081317 1.00  3124
mean.R[6, 17]    0.07660512 0.065066228  0.006051526  0.06006687  0.23849455 1.00  4305
mean.p[1]        0.93916764 0.008547030  0.921287592  0.93939548  0.95488772 1.00  6788
mean.p[2]        0.93927654 0.008607655  0.921370169  0.93951409  0.95536957 1.01  4834
mean.p[3]        0.93948515 0.008523064  0.921822734  0.93964379  0.95556282 1.01  4865
mean.p[4]        0.93952454 0.008512778  0.921927688  0.93967557  0.95546078 1.01  4754
mean.p[5]        0.93947415 0.008547920  0.921856116  0.93958960  0.95553544 1.01  4863
mean.p[6]        0.93937685 0.008466510  0.921591904  0.93966741  0.95516697 1.00  5545
mean.p[7]        0.93954055 0.008475754  0.921927753  0.93972652  0.95539960 1.00  4965
mean.p[8]        0.93929600 0.008485172  0.921449144  0.93947644  0.95504155 1.00  5515
mean.p[9]        0.93940891 0.008518538  0.921491311  0.93958651  0.95534510 1.00  4988
mean.p[10]       0.93932231 0.008463252  0.921708716  0.93954681  0.95507836 1.00  5549
mean.p[11]       0.93945840 0.008455449  0.921977072  0.93959240  0.95537306 1.01  5012
mean.p[12]       0.93891358 0.008627436  0.920760122  0.93920219  0.95441571 1.01  4831
mean.p[13]       0.93904437 0.008476700  0.921169490  0.93928661  0.95471034 1.00  5738
mean.p[14]       0.93752733 0.010672304  0.915592904  0.93849579  0.95398903 1.17  4038
mean.p[15]       0.93894427 0.008488289  0.921032547  0.93919325  0.95452108 1.01  5789
mean.p[16]       0.93932554 0.008403520  0.921785084  0.93952083  0.95505895 1.00  5893
mean.p[17]       0.93938697 0.008485716  0.921729725  0.93959020  0.95526133 1.00  4871
mean.p[18]       0.93891265 0.008646816  0.920778723  0.93926813  0.95461010 1.01  4883
mean.phi[1, 1]   0.66444592 0.120568089  0.409429717  0.67203059  0.87675482 1.00  4277
mean.phi[2, 1]   0.72333313 0.052106753  0.606472086  0.72703185  0.81721697 1.00  6375
mean.phi[3, 1]   0.78065823 0.069414725  0.615045143  0.78845676  0.89405146 1.00  5105
mean.phi[4, 1]   0.82546934 0.027402734  0.770898961  0.82549766  0.88029806 1.00  5258
mean.phi[5, 1]   0.72899755 0.055400831  0.601355893  0.73483902  0.82031159 1.00  7197
mean.phi[6, 1]   0.59447676 0.065345612  0.474743437  0.59136720  0.73573899 1.00  8432
mean.phi[1, 2]   0.60179885 0.028525073  0.546473195  0.60168468  0.65759648 1.01  6383
mean.phi[2, 2]   0.74110510 0.030763795  0.678127081  0.74203721  0.79911062 1.00  5051
mean.phi[3, 2]   0.81335403 0.032054609  0.747432330  0.81417130  0.87236361 1.00  3972
mean.phi[4, 2]   0.82239105 0.021541886  0.777998897  0.82299621  0.86217275 1.00  5305
mean.phi[5, 2]   0.74418721 0.036156983  0.670948340  0.74525127  0.81136129 1.00  6438
mean.phi[6, 2]   0.57897913 0.048535310  0.483392370  0.57886472  0.67322840 1.00  5380
mean.phi[1, 3]   0.60922798 0.028563708  0.553315856  0.60933534  0.66448429 1.00  6257
mean.phi[2, 3]   0.73936911 0.030424636  0.677049242  0.73998863  0.79712652 1.00  5307
mean.phi[3, 3]   0.81080312 0.031939243  0.745313556  0.81182195  0.86980834 1.00  4067
mean.phi[4, 3]   0.82268530 0.021682962  0.778083244  0.82322158  0.86269857 1.00  5285
mean.phi[5, 3]   0.74329930 0.036247328  0.668975803  0.74435315  0.81034993 1.00  6548
mean.phi[6, 3]   0.57916056 0.048174561  0.484605201  0.57901987  0.67261446 1.00  5510
mean.phi[1, 4]   0.70314571 0.031022186  0.639986944  0.70392983  0.76094213 1.00  5374
mean.phi[2, 4]   0.71439469 0.034999927  0.642193613  0.71535524  0.78102143 1.00  8863
mean.phi[3, 4]   0.77273206 0.035093715  0.701009430  0.77395138  0.83823506 1.00  8462
mean.phi[4, 4]   0.82748598 0.025768776  0.773381786  0.82843648  0.87504758 1.00  4854
mean.phi[5, 4]   0.72920632 0.043131829  0.640559971  0.73043814  0.80970221 1.00  8135
mean.phi[6, 4]   0.58071536 0.053377883  0.475616167  0.58126885  0.68275873 1.00  8970
mean.phi[1, 5]   0.19450064 0.044022881  0.117255979  0.19136216  0.28889493 1.00  6251
mean.phi[2, 5]   0.81738246 0.077521597  0.639072780  0.82834398  0.93658515 1.00  3718
mean.phi[3, 5]   0.91321673 0.047917847  0.797228200  0.92210078  0.97958944 1.00  3235
mean.phi[4, 5]   0.79801942 0.038042961  0.718556685  0.79998469  0.86653869 1.00  7678
mean.phi[5, 5]   0.78584778 0.087857517  0.582437915  0.79827466  0.92401679 1.00  5274
mean.phi[6, 5]   0.56474036 0.156782000  0.249812843  0.56971407  0.84381060 1.00  3657
mean.phi[1, 6]   0.23209694 0.044575437  0.150368200  0.23004600  0.32489862 1.00  6205
mean.phi[2, 6]   0.80994064 0.071659389  0.647696433  0.81882049  0.92493482 1.00  3653
mean.phi[3, 6]   0.90494392 0.046868598  0.795317491  0.91224475  0.97342438 1.00  3170
mean.phi[4, 6]   0.80168389 0.033484277  0.731965690  0.80321996  0.86253822 1.00  7987
mean.phi[5, 6]   0.78171251 0.079955903  0.600614266  0.79155054  0.91129131 1.00  5169
mean.phi[6, 6]   0.56693848 0.142175155  0.280260748  0.57133330  0.82383520 1.00  3625
mean.phi[1, 7]   0.20422745 0.044034525  0.125691174  0.20144724  0.29890700 1.00  6296
mean.phi[2, 7]   0.81535200 0.075950421  0.641996919  0.82558933  0.93337049 1.00  3720
mean.phi[3, 7]   0.91094446 0.047537961  0.797468966  0.91938341  0.97799086 1.00  3237
mean.phi[4, 7]   0.79897007 0.036632314  0.721685357  0.80097152  0.86515950 1.00  7830
mean.phi[5, 7]   0.78487040 0.085496877  0.588857136  0.79674498  0.92025085 1.00  5236
mean.phi[6, 7]   0.56566024 0.152520034  0.258570372  0.57121245  0.83889531 1.00  3645
mean.phi[1, 8]   0.53283995 0.029813756  0.474316663  0.53316998  0.59048317 1.00  6279
mean.phi[2, 8]   0.75499236 0.035296827  0.683376755  0.75585686  0.82143558 1.00  3932
mean.phi[3, 8]   0.83461409 0.034628691  0.763030995  0.83571333  0.89773864 1.00  3172
mean.phi[4, 8]   0.81967963 0.020345362  0.777833606  0.82009913  0.85748102 1.00  6226
mean.phi[5, 8]   0.75270433 0.038579123  0.673506490  0.75388800  0.82440575 1.00  5468
mean.phi[6, 8]   0.57775516 0.058355150  0.462507499  0.57812403  0.69020635 1.00  3954
mean.phi[1, 9]   0.58360869 0.028466069  0.527842755  0.58358923  0.63895835 1.00  6420
mean.phi[2, 9]   0.74459162 0.031404643  0.680304338  0.74531157  0.80407607 1.00  4682
mean.phi[3, 9]   0.81923395 0.032524921  0.752529536  0.82013892  0.87952499 1.00  3683
mean.phi[4, 9]   0.82117548 0.021099479  0.777501641  0.82183680  0.85978727 1.00  5502
mean.phi[5, 9]   0.74663189 0.036259364  0.672665111  0.74760906  0.81433413 1.00  6365
mean.phi[6, 9]   0.57908256 0.050363715  0.479586449  0.57908739  0.67628094 1.00  4800
mean.phi[1, 10]  0.48446606 0.032047985  0.420527156  0.48468863  0.54701032 1.00  6237
mean.phi[2, 10]  0.76480483 0.040140915  0.681920624  0.76634916  0.83982255 1.00  3536
mean.phi[3, 10]  0.84800756 0.036881613  0.770783004  0.84964574  0.91457139 1.00  3021
mean.phi[4, 10]  0.81714670 0.020317760  0.775384661  0.81765319  0.85514061 1.00  6962
mean.phi[5, 10]  0.75809591 0.042781903  0.669754563  0.75975829  0.83705074 1.00  5129
mean.phi[6, 10]  0.57675780 0.068818634  0.439738807  0.57731582  0.70795426 1.00  3831
mean.phi[1, 11]  0.77755060 0.032389925  0.710356217  0.77890304  0.83644812 1.00  6259
mean.phi[2, 11]  0.69060070 0.049075338  0.589035986  0.69265215  0.78124702 1.00  7977
mean.phi[3, 11]  0.73230982 0.048331225  0.631269915  0.73465023  0.82077660 1.00  9188
mean.phi[4, 11]  0.83086343 0.030782676  0.765362463  0.83250754  0.88603348 1.00  4698
mean.phi[5, 11]  0.71548467 0.057431460  0.596174757  0.71801542  0.82080893 1.00  8140
mean.phi[6, 11]  0.58220609 0.073063389  0.435418168  0.58417338  0.72017724 1.00  7430
mean.phi[1, 12]  0.76842067 0.032115124  0.701964424  0.76935482  0.82742477 1.00  6402
mean.phi[2, 12]  0.69384598 0.046820795  0.596513241  0.69536070  0.78039265 1.00  8247
mean.phi[3, 12]  0.73825000 0.046116421  0.642322743  0.74042910  0.82266315 1.00  9204
mean.phi[4, 12]  0.83041151 0.030068400  0.766694060  0.83193096  0.88480934 1.00  4704
mean.phi[5, 12]  0.71719869 0.055330509  0.602353871  0.71966996  0.81902952 1.00  8150
mean.phi[6, 12]  0.58206370 0.069766326  0.441936795  0.58384751  0.71294799 1.00  7880
mean.phi[1, 13]  0.74158338 0.031647106  0.677183442  0.74239858  0.80049035 1.00  6324
mean.phi[2, 13]  0.70338869 0.040806619  0.618283515  0.70472376  0.77983618 1.00  8750
mean.phi[3, 13]  0.75329225 0.040403576  0.669250460  0.75496885  0.82877873 1.00  9464
mean.phi[4, 13]  0.82901188 0.028101173  0.769762371  0.83038080  0.88031583 1.00  4749
mean.phi[5, 13]  0.72265673 0.049432756  0.620294327  0.72443949  0.81458212 1.00  8146
mean.phi[6, 13]  0.58227499 0.061874430  0.458823875  0.58321450  0.69990696 1.00  8351
mean.phi[1, 14]  0.72363870 0.031164951  0.660621065  0.72439584  0.78156493 1.00  6130
mean.phi[2, 14]  0.70923127 0.037567893  0.631905926  0.71025864  0.78027801 1.00  9090
mean.phi[3, 14]  0.76306590 0.037446114  0.686369891  0.76448409  0.83288504 1.00  9287
mean.phi[4, 14]  0.82814571 0.026922431  0.771451097  0.82933279  0.87757333 1.00  4786
mean.phi[5, 14]  0.72586647 0.046147998  0.630576036  0.72736882  0.81219801 1.00  8167
mean.phi[6, 14]  0.58158789 0.057161652  0.467826085  0.58225793  0.69117190 1.00  8972
mean.phi[1, 15]  0.67670989 0.029627775  0.618033352  0.67696211  0.73362228 1.01  6208
mean.phi[2, 15]  0.72275575 0.031940013  0.657935467  0.72347539  0.78394606 1.00  8337
mean.phi[3, 15]  0.78506438 0.032959919  0.717382880  0.78612319  0.84652427 1.00  6496
mean.phi[4, 15]  0.82581673 0.024385253  0.775314940  0.82666404  0.87059539 1.00  4945
mean.phi[5, 15]  0.73390439 0.039786023  0.652212598  0.73487383  0.80840595 1.00  7703
mean.phi[6, 15]  0.58071958 0.049133595  0.485217955  0.58124738  0.67434291 1.00  8760
mean.phi[1, 16]  0.65867780 0.029172265  0.600953940  0.65867092  0.71447761 1.00  6494
mean.phi[2, 16]  0.72676590 0.030881880  0.663261295  0.72755034  0.78563244 1.00  7436
mean.phi[3, 16]  0.79249796 0.032161387  0.726940616  0.79359533  0.85202484 1.00  5676
mean.phi[4, 16]  0.82502874 0.023568462  0.776459806  0.82569282  0.86835760 1.00  5043
mean.phi[5, 16]  0.73623019 0.038203951  0.657510688  0.73706493  0.80760228 1.00  7525
mean.phi[6, 16]  0.58053789 0.047605959  0.487954933  0.58079694  0.67255688 1.00  8177
mean.phi[1, 17]  0.75803773 0.086801910  0.568149464  0.76640738  0.90309823 1.00  3515
mean.phi[2, 17]  0.68919729 0.061296527  0.543005858  0.69858951  0.78278692 1.00  5876
mean.phi[3, 17]  0.73318657 0.069374080  0.571384364  0.74328689  0.84136818 1.00  4960
mean.phi[4, 17]  0.82893945 0.031096322  0.762834225  0.83036810  0.88624459 1.00  5152
mean.phi[5, 17]  0.71278555 0.064321883  0.562224625  0.72057388  0.81803237 1.00  7171
mean.phi[6, 17]  0.58113076 0.077939212  0.415993344  0.58299209  0.73542961 1.00  7688
mu.R[1]          0.52261104 0.111673772  0.300588739  0.52390423  0.73596411 1.00   932
mu.R[2]          0.51440116 0.117214512  0.285108060  0.51602097  0.73575573 1.00  1873
mu.R[3]          0.42803575 0.129170537  0.188904056  0.42544439  0.69233907 1.00  2266
mu.R[4]          0.35431762 0.109366853  0.158992745  0.34939305  0.58132712 1.00  1571
mu.R[5]          0.37480372 0.100380003  0.192862572  0.37241288  0.58265875 1.00  4472
mu.R[6]          0.11385090 0.057090383  0.030524469  0.10439652  0.24949262 1.00  3798
mu.p             0.93922209 0.008166430  0.922306481  0.93938463  0.95436569 1.00  6327
mu.phi[1]        0.56589650 0.028228962  0.510545573  0.56588021  0.62094995 1.00  6459
mu.phi[2]        0.74847305 0.032345643  0.682699147  0.74932889  0.81000394 1.00  4297
mu.phi[3]        0.82489936 0.032935888  0.757468104  0.82599893  0.88564045 1.00  3451
mu.phi[4]        0.82083626 0.020410657  0.778999892  0.82130042  0.85877198 1.00  5979
mu.phi[5]        0.74870442 0.036549209  0.674798170  0.74982545  0.81640661 1.00  5921
mu.phi[6]        0.57864767 0.052372478  0.475090515  0.57887990  0.68032623 1.00  4478
sigma.R          0.02517313 0.023400210  0.002687288  0.01727895  0.08286951 1.18    76
sigma.p          0.02691474 0.034909943  0.001400896  0.01622962  0.13272905 1.45    82
sigma.phi        0.01862920 0.019162095  0.002820188  0.01206864  0.08032786 1.78    40
vegr[1]          0.51230677 0.644377572 -0.707342192  0.49212790  1.85041066 1.00  4005
vegr[2]          0.15900000 0.000000000  0.159000000  0.15900000  0.15900000  NaN     0
vegr[3]          0.19500000 0.000000000  0.195000000  0.19500000  0.19500000  NaN     0
vegr[4]          0.66200000 0.000000000  0.662000000  0.66200000  0.66200000  NaN     0
vegr[5]         -1.87200000 0.000000000 -1.872000000 -1.87200000 -1.87200000  NaN     0
vegr[6]         -1.61200000 0.000000000 -1.612000000 -1.61200000 -1.61200000  NaN     0
vegr[7]         -1.79500000 0.000000000 -1.795000000 -1.79500000 -1.79500000  NaN     0
vegr[8]         -0.14500000 0.000000000 -0.145000000 -0.14500000 -0.14500000  NaN     0
vegr[9]          0.08100000 0.000000000  0.081000000  0.08100000  0.08100000  NaN     0
vegr[10]        -0.36000000 0.000000000 -0.360000000 -0.36000000 -0.36000000  NaN     0
vegr[11]         1.08500000 0.000000000  1.085000000  1.08500000  1.08500000  NaN     0
vegr[12]         1.02700000 0.000000000  1.027000000  1.02700000  1.02700000  NaN     0
vegr[13]         0.86700000 0.000000000  0.867000000  0.86700000  0.86700000  NaN     0
vegr[14]         0.76500000 0.000000000  0.765000000  0.76500000  0.76500000  NaN     0
vegr[15]         0.51600000 0.000000000  0.516000000  0.51600000  0.51600000  NaN     0
vegr[16]         0.42700000 0.000000000  0.427000000  0.42700000  0.42700000  NaN     0
vegr[17]         1.03033491 0.534109988  0.008269950  1.03027688  2.10291412 1.00  3177
