Information and diagnostics 
=========================== 
Total iter:                       10000 
Thin:                             1 
Num chains:                       3 
Max Rhat:                         1.14 
Min n.eff:                        0 


Model summary 
============= 
                       mean          sd          2.5%          50%       97.5% Rhat n.eff
betaD.R[1]      -0.03475512 0.741392110 -1.514916e+00 -0.023716417  1.39523719 1.00  4975
betaD.R[2]       0.61538809 0.690878709 -7.608993e-01  0.610135296  1.97914567 1.00  4427
betaD.R[3]      -0.35607574 0.678795817 -1.740779e+00 -0.339596166  0.92824191 1.00  4325
betaD.R[4]       0.68979074 0.540763776 -3.848662e-01  0.695892035  1.76015055 1.00  5769
betaD.R[5]      -1.10756265 0.653092956 -2.470714e+00 -1.084229693  0.11601105 1.01  3115
betaD.R[6]      -0.09671436 0.492491691 -1.118610e+00 -0.086462500  0.82984425 1.00  2757
betaD.phi[1]    -0.50536386 0.357422905 -1.231150e+00 -0.501884036  0.18979677 1.01   637
betaD.phi[2]     0.15834016 0.428085447 -6.738780e-01  0.153598228  1.02971323 1.01  1390
betaD.phi[3]    -0.05363864 0.386470397 -8.028905e-01 -0.060312594  0.71265007 1.00  1156
betaD.phi[4]     0.24166973 0.322547038 -3.722802e-01  0.235396263  0.88371869 1.00  1525
betaD.phi[5]    -0.35495303 0.358629435 -1.053269e+00 -0.361663840  0.35879082 1.01  1732
betaD.phi[6]    -0.29002742 0.340821016 -9.379579e-01 -0.299030520  0.40073101 1.01   618
betaV.R[1]      -0.08999410 0.737993290 -1.559865e+00 -0.085950267  1.32898700 1.00  4702
betaV.R[2]       1.12848216 0.737135420 -2.592886e-01  1.107482050  2.62646874 1.00  4358
betaV.R[3]      -0.60451355 0.756815392 -2.121555e+00 -0.591940421  0.87188708 1.00  4863
betaV.R[4]      -1.02411552 0.577452597 -2.230020e+00 -1.013465963  0.05514299 1.00  4662
betaV.R[5]      -0.44231067 0.791137174 -2.047369e+00 -0.423097132  1.07200827 1.00  2835
betaV.R[6]      -0.31595830 0.609291239 -1.552404e+00 -0.303216429  0.85489291 1.00  2089
betaV.phi[1]     0.43736906 0.378559132 -3.039901e-01  0.437394302  1.20162191 1.01   689
betaV.phi[2]     0.30431471 0.458624085 -6.112562e-01  0.304475399  1.18963666 1.01  1485
betaV.phi[3]    -0.21156777 0.400420523 -1.040939e+00 -0.197796592  0.55589264 1.00  1067
betaV.phi[4]    -0.08656782 0.329795931 -7.322170e-01 -0.084640538  0.57280025 1.00  1558
betaV.phi[5]     0.49807216 0.401984046 -3.101445e-01  0.513047297  1.26988894 1.01  1707
betaV.phi[6]     0.28058834 0.368877314 -4.719890e-01  0.301232422  0.97487954 1.02   583
mean.R[1, 1]     0.02946857 0.043832155  6.806290e-04  0.016557808  0.13459483 1.01  7220
mean.R[2, 1]     0.45342884 0.274264778  2.393298e-02  0.424600746  0.96994468 1.01  1758
mean.R[3, 1]     0.07902214 0.101772170  1.436192e-03  0.047290925  0.36818421 1.01  3876
mean.R[4, 1]     0.17697390 0.170462605  4.406396e-03  0.126590930  0.65572529 1.01  1319
mean.R[5, 1]     0.10254392 0.115590094  2.048168e-03  0.065980825  0.43017192 1.00  3767
mean.R[6, 1]     0.12212478 0.103670900  1.910702e-02  0.094447388  0.42086380 1.00  3678
mean.R[1, 2]     0.03192330 0.042970311  2.807639e-04  0.015722279  0.15414941 1.00  7864
mean.R[2, 2]     0.73985702 0.217377967  2.165224e-01  0.802105723  0.99110295 1.00  8183
mean.R[3, 2]     0.04317580 0.061777349  3.094282e-04  0.019123773  0.22535877 1.00  8091
mean.R[4, 2]     0.13327423 0.132431946  3.850249e-03  0.088420954  0.49152602 1.00  6616
mean.R[5, 2]     0.04336498 0.073462028  2.378360e-04  0.014455786  0.26206446 1.00  3911
mean.R[6, 2]     0.07000681 0.057096780  4.813201e-03  0.055021235  0.21850095 1.00  6371
mean.R[1, 3]     0.03924754 0.059393687  1.411296e-04  0.015621120  0.21296409 1.00  9039
mean.R[2, 3]     0.80910605 0.204969751  2.535371e-01  0.888937116  0.99763766 1.00  8641
mean.R[3, 3]     0.04146372 0.069792133  1.039718e-04  0.013512649  0.25046760 1.00  8714
mean.R[4, 3]     0.13824739 0.154825296  1.916145e-03  0.079698252  0.56882839 1.00  6955
mean.R[5, 3]     0.03634242 0.074548242  6.341977e-05  0.008055102  0.25999946 1.00  4539
mean.R[6, 3]     0.06841685 0.065448005  2.617835e-03  0.048229589  0.24481225 1.00  6917
mean.R[1, 4]     0.02757291 0.033262209  4.663119e-04  0.015844907  0.12292163 1.00  6411
mean.R[2, 4]     0.67381644 0.218080880  2.019955e-01  0.711454436  0.97708749 1.00  7627
mean.R[3, 4]     0.04559236 0.057271666  7.086320e-04  0.024572117  0.21126581 1.00  7260
mean.R[4, 4]     0.09857485 0.093404086  4.551959e-03  0.069303790  0.35120211 1.00  6017
mean.R[5, 4]     0.06400473 0.090329366  7.825898e-04  0.028162913  0.33034744 1.00  3336
mean.R[6, 4]     0.07293257 0.055181578  6.481810e-03  0.059683330  0.21438251 1.00  4612
mean.R[1, 5]     0.02961113 0.034924815  1.156321e-03  0.017609481  0.12831702 1.00  4583
mean.R[2, 5]     0.19814070 0.147481094  2.047897e-02  0.160563855  0.57179671 1.00  4239
mean.R[3, 5]     0.12231876 0.110164327  8.463646e-03  0.088635651  0.41839446 1.01  3785
mean.R[4, 5]     0.35779489 0.147767947  1.075001e-01  0.346215529  0.66757796 1.00  5449
mean.R[5, 5]     0.11977095 0.092392682  1.375897e-02  0.094876535  0.35879305 1.01  3377
mean.R[6, 5]     0.12742451 0.078230507  2.204293e-02  0.111412449  0.31808233 1.00  2904
mean.R[1, 6]     0.02615511 0.027638231  1.402286e-03  0.017056022  0.10278800 1.00  4260
mean.R[2, 6]     0.18827111 0.127530463  2.627656e-02  0.158910869  0.50703195 1.00  4394
mean.R[3, 6]     0.11238665 0.092946361  1.046281e-02  0.086227765  0.35668669 1.01  3728
mean.R[4, 6]     0.30582239 0.123264416  1.009476e-01  0.294336974  0.57356455 1.00  5475
mean.R[5, 6]     0.12320851 0.081700389  1.974205e-02  0.104584107  0.32822612 1.01  3316
mean.R[6, 6]     0.11789838 0.063694536  2.703849e-02  0.106710944  0.26886355 1.00  3044
mean.R[1, 7]     0.02714748 0.026757451  1.612438e-03  0.018874305  0.10015060 1.00  4809
mean.R[2, 7]     0.08278836 0.066428275  1.030865e-02  0.064144762  0.26211336 1.00  5242
mean.R[3, 7]     0.17073630 0.118809551  2.200095e-02  0.142838755  0.46505405 1.01  4700
mean.R[4, 7]     0.30837595 0.113880411  1.166571e-01  0.297965748  0.55198538 1.00  6970
mean.R[5, 7]     0.25999435 0.120427042  7.560595e-02  0.243979184  0.53525415 1.00  4004
mean.R[6, 7]     0.14397588 0.076146572  3.626302e-02  0.131197205  0.32485794 1.00  2706
mean.R[1, 8]     0.02388894 0.019273087  2.085306e-03  0.018911317  0.07356305 1.00  4901
mean.R[2, 8]     0.08578032 0.047772130  1.951723e-02  0.076567555  0.20319116 1.00  7899
mean.R[3, 8]     0.14829970 0.078173516  3.371266e-02  0.135027037  0.33414525 1.00  7249
mean.R[4, 8]     0.16947467 0.062929102  6.663049e-02  0.162398507  0.31039556 1.00  8630
mean.R[5, 8]     0.32893920 0.080825799  1.832993e-01  0.324804671  0.49826712 1.00 12294
mean.R[6, 8]     0.12688993 0.045684314  5.398594e-02  0.121425619  0.22996543 1.00  6898
mean.R[1, 9]     0.02413933 0.020093121  1.966484e-03  0.018897412  0.07671418 1.00  5132
mean.R[2, 9]     0.07851718 0.046055676  1.654271e-02  0.068950016  0.19306308 1.00  9039
mean.R[3, 9]     0.15437343 0.082785936  3.414615e-02  0.140259860  0.34829758 1.00  8433
mean.R[4, 9]     0.15997579 0.064178594  5.772010e-02  0.152259779  0.30529230 1.00  8775
mean.R[5, 9]     0.35881184 0.089180362  1.964730e-01  0.354849386  0.54288363 1.00 12765
mean.R[6, 9]     0.12780009 0.047179125  5.265725e-02  0.121935532  0.23515562 1.00  7992
mean.R[1, 10]    0.02479353 0.021011849  1.941555e-03  0.019011775  0.07918727 1.00  5485
mean.R[2, 10]    0.07280324 0.044903342  1.438753e-02  0.062995890  0.18660420 1.00  8859
mean.R[3, 10]    0.16420838 0.091199601  3.423768e-02  0.147882337  0.38039776 1.00  7656
mean.R[4, 10]    0.18499370 0.072770224  6.812660e-02  0.176267616  0.34831531 1.00  9050
mean.R[5, 10]    0.35846713 0.093099920  1.915810e-01  0.353304364  0.55091592 1.00 11649
mean.R[6, 10]    0.13325936 0.051589569  5.300700e-02  0.126371302  0.25029918 1.00  6855
mean.R[1, 11]    0.02645402 0.025211533  1.623084e-03  0.019192840  0.09462753 1.00  5831
mean.R[2, 11]    0.07099708 0.048768652  1.148036e-02  0.059208392  0.19699388 1.00  8594
mean.R[3, 11]    0.17167046 0.099274356  3.343873e-02  0.153477984  0.41243750 1.00  9378
mean.R[4, 11]    0.13452171 0.068493731  3.686388e-02  0.122697801  0.30144188 1.00  8016
mean.R[5, 11]    0.44232842 0.123041434  2.122399e-01  0.438589151  0.68832269 1.00  6941
mean.R[6, 11]    0.13344825 0.057065672  4.611906e-02  0.124894511  0.26620821 1.00  7295
mean.R[1, 12]    0.02437262 0.021687512  1.753091e-03  0.018385240  0.08231373 1.00  5075
mean.R[2, 12]    0.08289937 0.051453977  1.593660e-02  0.071638031  0.21242394 1.00  7972
mean.R[3, 12]    0.14946647 0.082537717  3.190745e-02  0.134994462  0.34760058 1.00  8766
mean.R[4, 12]    0.12515701 0.059487811  3.734599e-02  0.115775788  0.26770341 1.00  7554
mean.R[5, 12]    0.38910035 0.109857751  1.873647e-01  0.383542165  0.61564799 1.01  6160
mean.R[6, 12]    0.12367661 0.050019052  4.552784e-02  0.116674916  0.23872584 1.00  6395
mean.R[1, 13]    0.02235628 0.017753832  2.227379e-03  0.017686167  0.06901486 1.00  3845
mean.R[2, 13]    0.16087438 0.073941096  4.916123e-02  0.150224429  0.33437455 1.00  6017
mean.R[3, 13]    0.10404828 0.054440616  2.614108e-02  0.094636893  0.23400020 1.00  5506
mean.R[4, 13]    0.11243496 0.048211987  3.971851e-02  0.105498095  0.22504932 1.00  4882
mean.R[5, 13]    0.25301443 0.095007538  9.887859e-02  0.242784678  0.46262382 1.00  2868
mean.R[6, 13]    0.10782687 0.041073079  4.242148e-02  0.102617642  0.20384912 1.00  4126
mean.R[1, 14]    0.02325453 0.019053050  2.037901e-03  0.018234064  0.07290036 1.00  4504
mean.R[2, 14]    0.10459782 0.055589415  2.552661e-02  0.094383771  0.24040957 1.00  7616
mean.R[3, 14]    0.13092559 0.067523642  3.193602e-02  0.120257564  0.28942461 1.00  7565
mean.R[4, 14]    0.12606762 0.053184290  4.394993e-02  0.118762961  0.24879062 1.00  6462
mean.R[5, 14]    0.32822455 0.093291869  1.622248e-01  0.322415482  0.52461841 1.00  4795
mean.R[6, 14]    0.11805169 0.043859985  4.777796e-02  0.112771222  0.21900586 1.00  5888
mean.R[1, 15]    0.02481904 0.021644863  1.834337e-03  0.018955950  0.08175843 1.00  5479
mean.R[2, 15]    0.07554143 0.046676700  1.463995e-02  0.065234756  0.19375457 1.00  9319
mean.R[3, 15]    0.15978626 0.088047269  3.456342e-02  0.144221024  0.36942602 1.00  8916
mean.R[4, 15]    0.14575713 0.065028930  4.687944e-02  0.136540464  0.29814956 1.00  8408
mean.R[5, 15]    0.39310796 0.103443136  2.039855e-01  0.388575750  0.60560324 1.00  8865
mean.R[6, 15]    0.12918876 0.050579371  4.993072e-02  0.122445333  0.24585298 1.00  7766
mean.R[1, 16]    0.02351871 0.019350995  2.002471e-03  0.018465277  0.07425880 1.00  4804
mean.R[2, 16]    0.08920356 0.049198644  2.063051e-02  0.079819376  0.21112324 1.00  8318
mean.R[3, 16]    0.14167928 0.073896174  3.353557e-02  0.129549206  0.31820869 1.00  8248
mean.R[4, 16]    0.14140062 0.058073864  5.075045e-02  0.134124345  0.27387054 1.00  7664
mean.R[5, 16]    0.34337349 0.089619697  1.804113e-01  0.338686155  0.52827427 1.00  7363
mean.R[6, 16]    0.12221815 0.044889702  5.036948e-02  0.116816545  0.22438780 1.00  6836
mean.R[1, 17]    0.02555999 0.030213915  1.159504e-03  0.016488281  0.10347225 1.01  4988
mean.R[2, 17]    0.20347685 0.155026463  2.734109e-02  0.159694296  0.61756797 1.00  5446
mean.R[3, 17]    0.09604896 0.069688708  8.078799e-03  0.080916867  0.26854708 1.00  5422
mean.R[4, 17]    0.08164039 0.061020577  6.412990e-03  0.068469560  0.23357328 1.00  4057
mean.R[5, 17]    0.28400810 0.159961049  3.112839e-02  0.269848554  0.65345132 1.01  3364
mean.R[6, 17]    0.10719625 0.065669219  1.665450e-02  0.095624439  0.26851088 1.00  3664
mean.p[1]        0.99126399 0.002799982  9.850035e-01  0.991561350  0.99578552 1.00  6376
mean.p[2]        0.99136438 0.002697656  9.853772e-01  0.991637707  0.99579602 1.00  5497
mean.p[3]        0.99136991 0.002708479  9.852604e-01  0.991600494  0.99585527 1.00  5305
mean.p[4]        0.99141663 0.002705182  9.852853e-01  0.991687673  0.99586835 1.00  5334
mean.p[5]        0.99127258 0.002717510  9.850843e-01  0.991554506  0.99575888 1.00  5405
mean.p[6]        0.99139120 0.002707204  9.852321e-01  0.991665774  0.99581657 1.01  5344
mean.p[7]        0.99110288 0.002867395  9.845823e-01  0.991423556  0.99565992 1.01  4414
mean.p[8]        0.99123887 0.002746217  9.850144e-01  0.991530360  0.99571498 1.00  5273
mean.p[9]        0.99122879 0.002763550  9.849863e-01  0.991525179  0.99573203 1.01  5373
mean.p[10]       0.99140322 0.002701457  9.853230e-01  0.991676433  0.99587228 1.00  5299
mean.p[11]       0.99140919 0.002703940  9.853077e-01  0.991663119  0.99588500 1.00  5234
mean.p[12]       0.99143765 0.002660982  9.854656e-01  0.991696671  0.99581840 1.00  5400
mean.p[13]       0.99142160 0.002717870  9.852527e-01  0.991682106  0.99587235 1.01  5225
mean.p[14]       0.99144086 0.002673160  9.854580e-01  0.991722430  0.99585472 1.00  5097
mean.p[15]       0.99125307 0.002773124  9.849326e-01  0.991548158  0.99571463 1.00  5207
mean.p[16]       0.99132989 0.002713721  9.852811e-01  0.991597584  0.99581731 1.00  5405
mean.p[17]       0.99128255 0.002726566  9.851358e-01  0.991558618  0.99575113 1.00  5321
mean.p[18]       0.99131059 0.002772341  9.850687e-01  0.991597726  0.99579925 1.00  4968
mean.phi[1, 1]   0.78598081 0.105034860  5.483501e-01  0.798981408  0.94989654 1.00  4049
mean.phi[2, 1]   0.91079790 0.069709619  7.270471e-01  0.928165555  0.98837766 1.01  4003
mean.phi[3, 1]   0.85723968 0.081265135  6.584836e-01  0.871105529  0.97309905 1.01  4673
mean.phi[4, 1]   0.92930468 0.049499000  7.986835e-01  0.941374983  0.98754909 1.00  5438
mean.phi[5, 1]   0.90684882 0.067439000  7.336549e-01  0.922411903  0.98791772 1.00  3876
mean.phi[6, 1]   0.79307424 0.084550063  6.066867e-01  0.801224641  0.93217139 1.00  4306
mean.phi[1, 2]   0.79911509 0.081122506  6.173421e-01  0.808869145  0.92936461 1.00  3523
mean.phi[2, 2]   0.94049128 0.046077757  8.214147e-01  0.952550578  0.99201640 1.00  6687
mean.phi[3, 2]   0.70612142 0.124451706  4.254324e-01  0.721201800  0.90347547 1.00  5525
mean.phi[4, 2]   0.93081009 0.044284753  8.163338e-01  0.941120715  0.98636344 1.00  6405
mean.phi[5, 2]   0.91683162 0.058479934  7.649003e-01  0.931067648  0.98727156 1.00  5887
mean.phi[6, 2]   0.62677078 0.099465454  4.244096e-01  0.631488798  0.80735273 1.00  8811
mean.phi[1, 3]   0.68221197 0.097221135  4.753674e-01  0.688352115  0.85194743 1.00 10112
mean.phi[2, 3]   0.94446825 0.040918149  8.403970e-01  0.954534499  0.99291941 1.00  7946
mean.phi[3, 3]   0.74775537 0.117526028  4.812418e-01  0.764366801  0.92719319 1.00  8443
mean.phi[4, 3]   0.95278987 0.032237616  8.694007e-01  0.960241275  0.99216835 1.00  6672
mean.phi[5, 3]   0.87511656 0.084230942  6.603758e-01  0.894858933  0.98073253 1.00  6044
mean.phi[6, 3]   0.64895789 0.104379421  4.306545e-01  0.655086432  0.83363302 1.00  8839
mean.phi[1, 4]   0.60929649 0.113981650  3.703247e-01  0.616271113  0.81136120 1.00  2894
mean.phi[2, 4]   0.92380537 0.049648488  7.973631e-01  0.935384287  0.98559275 1.00  6506
mean.phi[3, 4]   0.86914363 0.057704134  7.356191e-01  0.877226595  0.95814238 1.00  5212
mean.phi[4, 4]   0.89949213 0.046072588  7.902620e-01  0.906807824  0.96735229 1.00  8130
mean.phi[5, 4]   0.93500540 0.042826230  8.283976e-01  0.944899078  0.98837953 1.00  5872
mean.phi[6, 4]   0.67497036 0.099488073  4.659689e-01  0.681490117  0.84768492 1.00  5844
mean.phi[1, 5]   0.56239738 0.111535421  3.370346e-01  0.564950885  0.77074325 1.00  2306
mean.phi[2, 5]   0.85268036 0.092321021  6.181920e-01  0.872933513  0.97261162 1.00  2386
mean.phi[3, 5]   0.83866849 0.083601081  6.380211e-01  0.853142492  0.95850673 1.00  3008
mean.phi[4, 5]   0.92753336 0.030827191  8.554787e-01  0.931935033  0.97391911 1.00  5609
mean.phi[5, 5]   0.88564742 0.060066144  7.420851e-01  0.896266082  0.97175205 1.01  2062
mean.phi[6, 5]   0.67136341 0.106300277  4.486547e-01  0.677144027  0.86145581 1.01  1467
mean.phi[1, 6]   0.60846928 0.152563639  2.900992e-01  0.616468226  0.87094525 1.00  1819
mean.phi[2, 6]   0.87057561 0.073929068  6.882642e-01  0.884644908  0.97100623 1.01  3521
mean.phi[3, 6]   0.86940722 0.078416574  6.741806e-01  0.885598235  0.97306840 1.00  3010
mean.phi[4, 6]   0.95672894 0.020885731  9.068822e-01  0.960114732  0.98708582 1.00  4203
mean.phi[5, 6]   0.72650691 0.087254156  5.369269e-01  0.733992745  0.87303337 1.00  5409
mean.phi[6, 6]   0.41448267 0.106040418  2.174778e-01  0.411724587  0.62850284 1.00  2561
mean.phi[1, 7]   0.50155528 0.115686547  2.743882e-01  0.503179911  0.71915851 1.00  2764
mean.phi[2, 7]   0.84030830 0.097796734  5.939092e-01  0.861173305  0.96774643 1.00  2972
mean.phi[3, 7]   0.86639285 0.073042091  6.870173e-01  0.880358058  0.96671312 1.00  3531
mean.phi[4, 7]   0.92870477 0.027757507  8.646230e-01  0.932649825  0.97116437 1.00  6640
mean.phi[5, 7]   0.89402790 0.053264580  7.675974e-01  0.902659076  0.97187230 1.01  2295
mean.phi[6, 7]   0.65095252 0.123350563  3.959305e-01  0.657309444  0.86901010 1.01  2217
mean.phi[1, 8]   0.66331382 0.115801246  4.066273e-01  0.675092941  0.85430598 1.00  5899
mean.phi[2, 8]   0.81754073 0.079393128  6.292402e-01  0.830782766  0.93635723 1.00  7028
mean.phi[3, 8]   0.86552055 0.075291297  6.775509e-01  0.880823460  0.96567516 1.00  5675
mean.phi[4, 8]   0.90408620 0.033928393  8.260350e-01  0.908688919  0.95777043 1.00  7722
mean.phi[5, 8]   0.76348303 0.070631408  6.098277e-01  0.770727937  0.88104891 1.00  2861
mean.phi[6, 8]   0.52739419 0.112658507  3.015865e-01  0.531313273  0.73478106 1.00  4833
mean.phi[1, 9]   0.71798500 0.064121539  5.821199e-01  0.721453420  0.83397249 1.00  7455
mean.phi[2, 9]   0.85386071 0.077388008  6.615894e-01  0.868547312  0.95995812 1.00  6224
mean.phi[3, 9]   0.88568951 0.060540722  7.384259e-01  0.897008877  0.96942523 1.00  5910
mean.phi[4, 9]   0.84468364 0.056807743  7.124101e-01  0.852547895  0.93299000 1.00  3521
mean.phi[5, 9]   0.82831665 0.051211939  7.144546e-01  0.833087306  0.91361066 1.00  6995
mean.phi[6, 9]   0.46715248 0.115292319  2.410873e-01  0.468762177  0.68479024 1.00  2062
mean.phi[1, 10]  0.73499506 0.084473778  5.507399e-01  0.740862211  0.88220620 1.00  6634
mean.phi[2, 10]  0.88944978 0.043611880  7.889544e-01  0.894812013  0.95914294 1.00  6798
mean.phi[3, 10]  0.87424620 0.069550353  7.015879e-01  0.888312680  0.96717961 1.00  5823
mean.phi[4, 10]  0.91995113 0.038963166  8.248859e-01  0.927123575  0.97515495 1.00  6348
mean.phi[5, 10]  0.86805500 0.044581436  7.661065e-01  0.872473747  0.94061110 1.00  7914
mean.phi[6, 10]  0.70652780 0.101119765  4.899175e-01  0.713961156  0.88182784 1.00  5291
mean.phi[1, 11]  0.84026936 0.061083486  7.029332e-01  0.847169835  0.94042929 1.00  5544
mean.phi[2, 11]  0.82864689 0.074858422  6.516489e-01  0.840344527  0.94110810 1.00  6372
mean.phi[3, 11]  0.88296887 0.046112441  7.769804e-01  0.888721721  0.95535054 1.00  7848
mean.phi[4, 11]  0.92699446 0.039144223  8.331813e-01  0.934106214  0.98041810 1.00  6147
mean.phi[5, 11]  0.93868047 0.030764063  8.655056e-01  0.943785182  0.98317899 1.01  2886
mean.phi[6, 11]  0.78483992 0.079951291  6.095346e-01  0.792607132  0.91924352 1.00  3577
mean.phi[1, 12]  0.67965667 0.079092991  5.105890e-01  0.684773089  0.81953457 1.00  5897
mean.phi[2, 12]  0.85964072 0.057071387  7.269862e-01  0.867679044  0.94819666 1.00  7485
mean.phi[3, 12]  0.80214622 0.085947464  6.034477e-01  0.815703299  0.92970393 1.00  5017
mean.phi[4, 12]  0.90962263 0.036016227  8.261623e-01  0.914670684  0.96484812 1.00  7009
mean.phi[5, 12]  0.91151329 0.042415587  8.107354e-01  0.918583646  0.97240250 1.00  6738
mean.phi[6, 12]  0.69810980 0.071910900  5.500727e-01  0.701467629  0.82902220 1.00  8063
mean.phi[1, 13]  0.74494406 0.067855095  5.956471e-01  0.749926932  0.86156135 1.00  7006
mean.phi[2, 13]  0.84806939 0.062015519  6.987522e-01  0.857660743  0.94065198 1.00  6315
mean.phi[3, 13]  0.79950815 0.076066083  6.262604e-01  0.810212573  0.91753067 1.00  6040
mean.phi[4, 13]  0.92771998 0.030569476  8.545616e-01  0.931936961  0.97373576 1.00  6685
mean.phi[5, 13]  0.90115556 0.050357528  7.777379e-01  0.911234623  0.97084044 1.00  5288
mean.phi[6, 13]  0.71536627 0.071120910  5.631063e-01  0.719132734  0.84249734 1.00  7606
mean.phi[1, 14]  0.78592197 0.065904985  6.402691e-01  0.791413817  0.89721357 1.00  7056
mean.phi[2, 14]  0.89807645 0.044699996  7.928826e-01  0.904641338  0.96655561 1.00  5679
mean.phi[3, 14]  0.87836465 0.055184015  7.472647e-01  0.886710358  0.95939867 1.00  6592
mean.phi[4, 14]  0.93061167 0.028933682  8.638470e-01  0.934826073  0.97498770 1.00  6702
mean.phi[5, 14]  0.89315605 0.053977215  7.605031e-01  0.903018142  0.96791185 1.00  6202
mean.phi[6, 14]  0.60039280 0.084417182  4.266447e-01  0.604023749  0.75358169 1.00  6214
mean.phi[1, 15]  0.79599389 0.056481461  6.750056e-01  0.800035473  0.89511540 1.00  8130
mean.phi[2, 15]  0.84568354 0.059154965  7.080029e-01  0.853696573  0.93803643 1.00  7376
mean.phi[3, 15]  0.90073157 0.044563893  7.963980e-01  0.907335999  0.96757674 1.00  6648
mean.phi[4, 15]  0.92466267 0.028663246  8.585179e-01  0.928314094  0.96976023 1.00  7453
mean.phi[5, 15]  0.90476454 0.052275037  7.723917e-01  0.915103141  0.97553372 1.00  5827
mean.phi[6, 15]  0.71332001 0.083298606  5.371064e-01  0.718870845  0.85979672 1.00  6940
mean.phi[1, 16]  0.86959551 0.053080313  7.504558e-01  0.875993826  0.95463442 1.00  2083
mean.phi[2, 16]  0.82298623 0.055781087  6.987819e-01  0.828594814  0.91490874 1.00  7543
mean.phi[3, 16]  0.86937657 0.055572468  7.359791e-01  0.877004352  0.95347627 1.00  6594
mean.phi[4, 16]  0.93414268 0.026730079  8.719379e-01  0.937792919  0.97537181 1.00  7001
mean.phi[5, 16]  0.90263758 0.041174166  8.047655e-01  0.909015717  0.96461623 1.00  6596
mean.phi[6, 16]  0.74300171 0.085041518  5.586033e-01  0.749300049  0.88829722 1.00  6156
mean.phi[1, 17]  0.76909725 0.102197298  5.340361e-01  0.782817929  0.92835654 1.01  3869
mean.phi[2, 17]  0.89855193 0.049386799  7.824664e-01  0.905626966  0.97449138 1.00  5796
mean.phi[3, 17]  0.82407949 0.064240878  6.807302e-01  0.831261973  0.92783790 1.00  7332
mean.phi[4, 17]  0.89713474 0.037850289  8.104566e-01  0.901481658  0.95756784 1.00  7105
mean.phi[5, 17]  0.94870034 0.030462024  8.751043e-01  0.954180564  0.99056236 1.00  3931
mean.phi[6, 17]  0.77086069 0.088547454  5.782927e-01  0.778323126  0.91844042 1.00  3835
mu.R[1]          0.02098130 0.015506321  2.466473e-03  0.017253650  0.06096613 1.00  3584
mu.R[2]          0.18127313 0.074210830  6.294927e-02  0.172665981  0.34904718 1.00  5799
mu.R[3]          0.09312869 0.049713614  2.194103e-02  0.083789608  0.21280483 1.01  4470
mu.R[4]          0.14966959 0.051939627  6.334547e-02  0.144028213  0.26543190 1.00  4979
mu.R[5]          0.17588697 0.067756480  6.296841e-02  0.168604711  0.32260916 1.00  2633
mu.R[6]          0.10227202 0.032829544  4.839205e-02  0.098485335  0.17603534 1.00  5227
mu.p             0.99135590 0.002477262  9.859007e-01  0.991567791  0.99554599 1.00  5717
mu.phi[1]        0.70544495 0.040573311  6.221105e-01  0.707763366  0.77931853 1.00  2061
mu.phi[2]        0.88641139 0.026592277  8.294410e-01  0.888789722  0.93241630 1.00  2911
mu.phi[3]        0.85970266 0.030638240  7.940042e-01  0.861887589  0.91327113 1.00  3049
mu.phi[4]        0.92935781 0.014466019  8.985778e-01  0.930371007  0.95437869 1.00  2226
mu.phi[5]        0.89565775 0.022672677  8.469392e-01  0.897346595  0.93504456 1.00  2508
mu.phi[6]        0.66034748 0.041410554  5.770189e-01  0.661199336  0.73905674 1.00  2490
sigma.R          0.08159451 0.065337193  1.090960e-02  0.063660317  0.25285926 1.14   136
sigma.p          0.10786430 0.082186872  9.162867e-03  0.087027816  0.30918129 1.02   148
sigma.phi        0.57716177 0.121224788  3.117703e-01  0.579444665  0.80749061 1.03   337
veg[1]           0.78606344 1.098272117 -1.525913e+00  0.862129739  2.73106514 1.01  1005
veg[2]           1.78600000 0.000000000  1.786000e+00  1.786000000  1.78600000  NaN     0
veg[3]           2.19000000 0.000000000  2.190000e+00  2.190000000  2.19000000  NaN     0
veg[4]           1.65100000 0.000000000  1.651000e+00  1.651000000  1.65100000  NaN     0
veg[5]          -0.54900000 0.000000000 -5.490000e-01 -0.549000000 -0.54900000  NaN     0
veg[6]          -0.44700000 0.000000000 -4.470000e-01 -0.447000000 -0.44700000  NaN     0
veg[7]          -0.95300000 0.000000000 -9.530000e-01 -0.953000000 -0.95300000  NaN     0
veg[8]          -0.51800000 0.000000000 -5.180000e-01 -0.518000000 -0.51800000  NaN     0
veg[9]          -0.53700000 0.000000000 -5.370000e-01 -0.537000000 -0.53700000  NaN     0
veg[10]         -0.66400000 0.000000000 -6.640000e-01 -0.664000000 -0.66400000  NaN     0
veg[11]         -0.50900000 0.000000000 -5.090000e-01 -0.509000000 -0.50900000  NaN     0
veg[12]         -0.37700000 0.000000000 -3.770000e-01 -0.377000000 -0.37700000  NaN     0
veg[13]          0.07500000 0.000000000  7.500000e-02  0.075000000  0.07500000  NaN     0
veg[14]         -0.24300000 0.000000000 -2.430000e-01 -0.243000000 -0.24300000  NaN     0
veg[15]         -0.51000000 0.000000000 -5.100000e-01 -0.510000000 -0.51000000  NaN     0
veg[16]         -0.39400000 0.000000000 -3.940000e-01 -0.394000000 -0.39400000  NaN     0
veg[17]          0.43999115 0.651648957 -8.137216e-01  0.428534289  1.75232608 1.01  2614
