Information and diagnostics 
=========================== 
Total iter:                       10000 
Thin:                             1 
Num chains:                       3 
Max Rhat:                         2.1 
Min n.eff:                        36 


Model summary 
============= 
                      mean          sd        2.5%        50%      97.5% Rhat n.eff
mean.M[1, 1]    0.09879785 0.025184271 0.055303484 0.09644064 0.15389662 1.01  5625
mean.M[2, 1]    0.12152172 0.028756792 0.069120241 0.11979646 0.18344502 1.01  4976
mean.M[3, 1]    0.03737548 0.010006956 0.020537871 0.03644166 0.06021278 1.01  5214
mean.M[4, 1]    0.02007199 0.008431473 0.007506285 0.01875752 0.04011296 1.00  4948
mean.M[5, 1]    0.04574451 0.012804580 0.024018346 0.04457358 0.07427788 1.01  5546
mean.M[1, 2]    0.09761704 0.024879675 0.052964608 0.09592345 0.15157667 1.01  5353
mean.M[2, 2]    0.13431373 0.036090455 0.082076473 0.12893168 0.22532199 1.05  1263
mean.M[3, 2]    0.03805164 0.010202854 0.021428940 0.03699018 0.06077963 1.01  4433
mean.M[4, 2]    0.02005391 0.008432191 0.007614804 0.01878784 0.03928174 1.00  4651
mean.M[5, 2]    0.04600787 0.013016087 0.024277671 0.04461801 0.07470875 1.01  5631
mean.M[1, 3]    0.09521878 0.024004562 0.050056466 0.09396996 0.14610049 1.01  3762
mean.M[2, 3]    0.12719583 0.031224252 0.076726548 0.12391045 0.19687641 1.02  3828
mean.M[3, 3]    0.03652623 0.009537986 0.019747203 0.03580878 0.05725458 1.01  4644
mean.M[4, 3]    0.02001384 0.008344392 0.007604756 0.01870647 0.03978330 1.00  4942
mean.M[5, 3]    0.04704201 0.013728266 0.024916057 0.04545274 0.07770436 1.01  4672
mean.M[1, 4]    0.09660930 0.024418042 0.051505094 0.09485796 0.14868528 1.01  4663
mean.M[2, 4]    0.11936678 0.027137705 0.067655950 0.11835469 0.17606329 1.01  4993
mean.M[3, 4]    0.03659566 0.009537667 0.019768821 0.03592331 0.05723223 1.01  4718
mean.M[4, 4]    0.01985745 0.008224646 0.007387522 0.01870874 0.03904217 1.00  4741
mean.M[5, 4]    0.04605700 0.013049226 0.024285646 0.04477699 0.07499953 1.01  5327
mean.M[1, 5]    0.09825523 0.024965995 0.055169912 0.09606116 0.15321311 1.01  5461
mean.M[2, 5]    0.12505425 0.029323771 0.075556432 0.12247279 0.18980335 1.01  4741
mean.M[3, 5]    0.03671102 0.009322546 0.020151553 0.03606066 0.05716119 1.00  4604
mean.M[4, 5]    0.01982421 0.008182114 0.007548166 0.01863390 0.03901740 1.00  5291
mean.M[5, 5]    0.04566269 0.012923888 0.023891963 0.04432869 0.07431899 1.01  5060
mean.M[1, 6]    0.09940775 0.024856945 0.056296897 0.09733136 0.15346699 1.01  5956
mean.M[2, 6]    0.12169005 0.028779939 0.069769061 0.12002909 0.18328207 1.01  5364
mean.M[3, 6]    0.03601608 0.009171682 0.019453488 0.03547971 0.05536816 1.01  4488
mean.M[4, 6]    0.02040693 0.008546017 0.007685369 0.01909611 0.04069134 1.01  5121
mean.M[5, 6]    0.04607327 0.013232621 0.024104064 0.04468112 0.07531288 1.01  4544
mean.M[1, 7]    0.09918671 0.025645884 0.054791654 0.09689246 0.15600581 1.01  5284
mean.M[2, 7]    0.12075826 0.028546358 0.068500930 0.11905886 0.18082543 1.01  4873
mean.M[3, 7]    0.03706124 0.009313894 0.020998974 0.03628410 0.05775199 1.00  5576
mean.M[4, 7]    0.01976667 0.008139842 0.007524901 0.01866904 0.03885062 1.00  4981
mean.M[5, 7]    0.04620517 0.013232588 0.024145534 0.04494378 0.07595460 1.01  5090
mean.M[1, 8]    0.10287669 0.027291386 0.059310776 0.09959706 0.16373105 1.01  4080
mean.M[2, 8]    0.12350027 0.029838904 0.071536411 0.12102475 0.18838005 1.01  5125
mean.M[3, 8]    0.03658434 0.009360875 0.020327496 0.03583804 0.05709785 1.01  4699
mean.M[4, 8]    0.02086320 0.008934914 0.008095183 0.01938213 0.04213389 1.02  4391
mean.M[5, 8]    0.04630405 0.013282023 0.024124863 0.04497544 0.07573838 1.01  5368
mean.M[1, 9]    0.09888421 0.025349166 0.054655424 0.09665550 0.15445577 1.01  5332
mean.M[2, 9]    0.12359023 0.029128873 0.072761673 0.12128424 0.18769413 1.01  5436
mean.M[3, 9]    0.03940234 0.011024981 0.022631444 0.03794219 0.06602021 1.02  3203
mean.M[4, 9]    0.01998276 0.008078402 0.007740643 0.01886207 0.03880679 1.00  5227
mean.M[5, 9]    0.04755896 0.013972063 0.025813232 0.04584441 0.07938826 1.01  4940
mean.M[1, 10]   0.09738722 0.023355394 0.055883594 0.09558692 0.14804418 1.01  6333
mean.M[2, 10]   0.12303671 0.029229795 0.071623357 0.12091053 0.18724310 1.01  5405
mean.M[3, 10]   0.03673930 0.009660627 0.019944109 0.03604522 0.05821223 1.01  4629
mean.M[4, 10]   0.01954940 0.007950818 0.007382269 0.01846067 0.03806998 1.00  5296
mean.M[5, 10]   0.04707089 0.013649737 0.025161002 0.04557461 0.07806307 1.01  4617
mean.M[1, 11]   0.09740619 0.025042011 0.053125172 0.09536617 0.15101744 1.01  4932
mean.M[2, 11]   0.11931188 0.026545782 0.070549232 0.11775155 0.17475299 1.01  5588
mean.M[3, 11]   0.03678921 0.009533252 0.020020315 0.03617518 0.05741886 1.00  4858
mean.M[4, 11]   0.02014428 0.008258981 0.007715725 0.01896471 0.03953025 1.01  5024
mean.M[5, 11]   0.04522897 0.012460868 0.023782216 0.04413686 0.07259491 1.01  4966
mean.M[1, 12]   0.10002411 0.024909851 0.056949077 0.09773603 0.15490593 1.01  5883
mean.M[2, 12]   0.12947251 0.032257541 0.078682464 0.12552879 0.20456884 1.03  2857
mean.M[3, 12]   0.03694009 0.009435138 0.020719878 0.03624372 0.05778083 1.01  4730
mean.M[4, 12]   0.01984335 0.008174085 0.007633037 0.01857483 0.03909186 1.00  5352
mean.M[5, 12]   0.04668205 0.012645147 0.025832161 0.04529579 0.07501979 1.01  5948
mean.M[1, 13]   0.10515445 0.027469445 0.061951401 0.10153055 0.16988677 1.01  3407
mean.M[2, 13]   0.12898777 0.030285421 0.079914284 0.12574177 0.19833891 1.02  3189
mean.M[3, 13]   0.03767115 0.009786139 0.021360897 0.03673037 0.05953126 1.01  5151
mean.M[4, 13]   0.02046188 0.008700270 0.007818194 0.01904754 0.04093097 1.01  4702
mean.M[5, 13]   0.04851667 0.013632037 0.026887124 0.04690775 0.08015156 1.01  4442
mean.M[1, 14]   0.09603765 0.024168468 0.051615495 0.09460681 0.14849729 1.01  4398
mean.M[2, 14]   0.11837336 0.027311334 0.067535804 0.11704514 0.17499477 1.01  4656
mean.M[3, 14]   0.03735458 0.009358755 0.021454988 0.03656926 0.05822089 1.00  5802
mean.M[4, 14]   0.01982322 0.008151632 0.007414016 0.01857053 0.03879646 1.00  4991
mean.M[5, 14]   0.04551993 0.012557559 0.024251066 0.04435228 0.07337717 1.01  5509
mean.M[1, 15]   0.10223137 0.025302040 0.060437878 0.09956629 0.15927418 1.01  5857
mean.M[2, 15]   0.11774182 0.027331878 0.066426049 0.11684436 0.17398448 1.01  3274
mean.M[3, 15]   0.03742086 0.009540148 0.021362648 0.03653230 0.05855537 1.01  5408
mean.M[4, 15]   0.01994878 0.008315367 0.007537215 0.01872199 0.03957337 1.00  5296
mean.M[5, 15]   0.04615674 0.012596579 0.024741158 0.04506184 0.07436633 1.01  5445
mean.M[1, 16]   0.10408975 0.025828136 0.062207078 0.10096514 0.16385184 1.01  4493
mean.M[2, 16]   0.12003296 0.027238787 0.070050991 0.11855462 0.17772270 1.01  5403
mean.M[3, 16]   0.03751608 0.009549236 0.021253254 0.03668368 0.05849529 1.01  5551
mean.M[4, 16]   0.01974964 0.008051828 0.007371888 0.01859271 0.03857882 1.00  5187
mean.M[5, 16]   0.04739871 0.013019107 0.026323120 0.04591971 0.07705314 1.01  5540
mean.M[1, 17]   0.09889846 0.024238672 0.056866431 0.09689460 0.15195705 1.01  5672
mean.M[2, 17]   0.12625159 0.028442170 0.078004243 0.12359264 0.18994857 1.02  5559
mean.M[3, 17]   0.04009526 0.010761611 0.023408286 0.03864890 0.06549219 1.03  2598
mean.M[4, 17]   0.01957623 0.008006095 0.007357984 0.01841373 0.03828453 1.00  5296
mean.M[5, 17]   0.04590506 0.012435224 0.024707539 0.04485461 0.07353855 1.01  4922
mean.Pi[1]      0.99606508 0.002030640 0.991330742 0.99637908 0.99914501 1.00  3815
mean.Pi[2]      0.99606508 0.002030640 0.991330742 0.99637908 0.99914501 1.00  3815
mean.Pi[3]      0.99606508 0.002030640 0.991330742 0.99637908 0.99914501 1.00  3815
mean.Pi[4]      0.99606508 0.002030640 0.991330742 0.99637908 0.99914501 1.00  3815
mean.Pi[5]      0.99606508 0.002030640 0.991330742 0.99637908 0.99914501 1.00  3815
mean.Pi[6]      0.99606508 0.002030640 0.991330742 0.99637908 0.99914501 1.00  3815
mean.Pi[7]      0.99606508 0.002030640 0.991330742 0.99637908 0.99914501 1.00  3815
mean.Pi[8]      0.99606508 0.002030640 0.991330742 0.99637908 0.99914501 1.00  3815
mean.Pi[9]      0.99606508 0.002030640 0.991330742 0.99637908 0.99914501 1.00  3815
mean.Pi[10]     0.99606508 0.002030640 0.991330742 0.99637908 0.99914501 1.00  3815
mean.Pi[11]     0.99606508 0.002030640 0.991330742 0.99637908 0.99914501 1.00  3815
mean.Pi[12]     0.99606508 0.002030640 0.991330742 0.99637908 0.99914501 1.00  3815
mean.Pi[13]     0.99606508 0.002030640 0.991330742 0.99637908 0.99914501 1.00  3815
mean.Pi[14]     0.99606508 0.002030640 0.991330742 0.99637908 0.99914501 1.00  3815
mean.Pi[15]     0.99606508 0.002030640 0.991330742 0.99637908 0.99914501 1.00  3815
mean.Pi[16]     0.99606508 0.002030640 0.991330742 0.99637908 0.99914501 1.00  3815
mean.Pi[17]     0.99606508 0.002030640 0.991330742 0.99637908 0.99914501 1.00  3815
mean.Pi[18]     0.99606508 0.002030640 0.991330742 0.99637908 0.99914501 1.00  3815
mean.Po[1]      0.03666814 0.011620103 0.019435170 0.03515044 0.06223486 1.01  4731
mean.Po[2]      0.03669458 0.011482431 0.019768867 0.03519396 0.06233151 1.03  2641
mean.Po[3]      0.03736539 0.011854449 0.020248781 0.03568571 0.06462014 1.02  2690
mean.Po[4]      0.03775658 0.012299235 0.020790097 0.03588696 0.06755057 1.03  1654
mean.Po[5]      0.03788766 0.013406879 0.020510535 0.03586715 0.06824064 1.02  1473
mean.Po[6]      0.03740198 0.012040980 0.020650798 0.03567408 0.06531939 1.02  2249
mean.Po[7]      0.03591923 0.010374685 0.019279995 0.03477704 0.05847716 1.01  3773
mean.Po[8]      0.03698299 0.011646241 0.020220363 0.03536707 0.06324678 1.02  2309
mean.Po[9]      0.03674582 0.010805139 0.020282997 0.03534871 0.06202233 1.02  3557
mean.Po[10]     0.03903795 0.013499016 0.021482967 0.03661608 0.07407579 1.03   999
mean.Po[11]     0.03763884 0.011336980 0.021141229 0.03604558 0.06550705 1.02  2872
mean.Po[12]     0.03860773 0.012302187 0.021778652 0.03646643 0.06959323 1.01  1364
mean.Po[13]     0.03481557 0.009638429 0.017400089 0.03407557 0.05515444 1.01  3344
mean.Po[14]     0.03435491 0.009308745 0.017537503 0.03369824 0.05425705 1.01  4346
mean.Po[15]     0.03440917 0.009145296 0.018029445 0.03377020 0.05391535 1.01  4573
mean.Po[16]     0.03405347 0.009227810 0.016842619 0.03355071 0.05332010 1.01  3466
mean.Po[17]     0.03480869 0.009139137 0.018716471 0.03408813 0.05447792 1.00  4955
mean.Po[18]     0.03425014 0.008951441 0.017762889 0.03377524 0.05305219 1.01  4461
mean.R[1, 1]    0.37465095 0.121018482 0.157684188 0.36803447 0.62563435 1.00  6735
mean.R[2, 1]    0.25051582 0.108466568 0.075624952 0.23800030 0.49023594 1.00  6227
mean.R[3, 1]    0.32104610 0.093096886 0.154256104 0.31639852 0.51238978 1.01  6451
mean.R[4, 1]    0.28775427 0.077051156 0.150826054 0.28227621 0.44828086 1.00  6150
mean.R[5, 1]    0.13927509 0.049511342 0.064033613 0.13341773 0.24674225 1.02  4632
mean.R[1, 2]    0.37571048 0.121046541 0.159272219 0.36993761 0.62815504 1.00  6779
mean.R[2, 2]    0.25044688 0.110179815 0.074947880 0.23732603 0.49727855 1.00  6053
mean.R[3, 2]    0.31974485 0.092777903 0.153342442 0.31553003 0.51253409 1.01  6426
mean.R[4, 2]    0.28603715 0.077174775 0.149655550 0.28142450 0.44646198 1.01  6333
mean.R[5, 2]    0.13318820 0.042825355 0.060779857 0.12950905 0.22859904 1.00  6187
mean.R[1, 3]    0.37909012 0.121630926 0.160689514 0.37305152 0.63674624 1.00  6619
mean.R[2, 3]    0.25186646 0.109779670 0.076784582 0.23945407 0.49762714 1.00  6257
mean.R[3, 3]    0.32053401 0.092810767 0.152913584 0.31700963 0.51239280 1.01  5949
mean.R[4, 3]    0.28258882 0.075261648 0.144554810 0.27920501 0.43793525 1.01  5771
mean.R[5, 3]    0.13401907 0.043378598 0.060570469 0.13029368 0.23067964 1.00  6213
mean.R[1, 4]    0.37845621 0.121685929 0.161166319 0.37156599 0.63342026 1.00  6792
mean.R[2, 4]    0.25031280 0.108190802 0.076748900 0.23816750 0.49050109 1.00  6369
mean.R[3, 4]    0.31519654 0.091787538 0.148382683 0.31157847 0.50536387 1.01  5440
mean.R[4, 4]    0.28665868 0.077570595 0.151428902 0.28115204 0.44722413 1.00  6257
mean.R[5, 4]    0.13427021 0.043582763 0.061684091 0.13050254 0.23175581 1.01  6357
mean.R[1, 5]    0.37420870 0.121539067 0.155851317 0.36757696 0.62676348 1.00  6619
mean.R[2, 5]    0.25019222 0.109850309 0.075274061 0.23762162 0.49562626 1.00  6143
mean.R[3, 5]    0.33233581 0.097392499 0.166049079 0.32583131 0.54142281 1.02  4788
mean.R[4, 5]    0.28649791 0.077760525 0.149241080 0.28151623 0.44927182 1.01  6277
mean.R[5, 5]    0.13487144 0.044424827 0.060632320 0.13079268 0.23324503 1.01  6072
mean.R[1, 6]    0.37651218 0.121523273 0.158691581 0.37014619 0.62985272 1.00  6750
mean.R[2, 6]    0.25050211 0.108770177 0.075855477 0.23785533 0.49234811 1.00  6303
mean.R[3, 6]    0.32030984 0.092981849 0.152990438 0.31651144 0.51406284 1.01  6422
mean.R[4, 6]    0.27738790 0.074870621 0.139906487 0.27429895 0.43042338 1.01  4849
mean.R[5, 6]    0.13344917 0.042573704 0.060660104 0.12979569 0.22837841 1.00  6368
mean.R[1, 7]    0.37596204 0.121931366 0.157382768 0.37005341 0.63237561 1.00  6661
mean.R[2, 7]    0.25002208 0.108752094 0.075964714 0.23819977 0.49116145 1.00  6163
mean.R[3, 7]    0.31736642 0.092213041 0.150859229 0.31241932 0.50945320 1.01  6314
mean.R[4, 7]    0.28698529 0.077056272 0.150868846 0.28228995 0.44820290 1.01  6433
mean.R[5, 7]    0.13870214 0.047925028 0.064205772 0.13354870 0.24475023 1.02  4818
mean.R[1, 8]    0.37500464 0.120489997 0.159542656 0.36965933 0.62637357 1.00  6830
mean.R[2, 8]    0.25158212 0.109485393 0.076525488 0.23859060 0.49239449 1.00  6215
mean.R[3, 8]    0.32422420 0.092397294 0.160606979 0.31934508 0.51584220 1.01  6531
mean.R[4, 8]    0.29039690 0.074775393 0.158468291 0.28552287 0.44721256 1.00  6377
mean.R[5, 8]    0.13602815 0.043977158 0.063084175 0.13165703 0.23468645 1.01  6301
mean.R[1, 9]    0.37617666 0.122717901 0.157054075 0.36971564 0.63143924 1.00  6317
mean.R[2, 9]    0.25033418 0.109026748 0.075617745 0.23709800 0.49061484 1.00  6285
mean.R[3, 9]    0.32647501 0.092942661 0.162620716 0.32061310 0.52018041 1.01  5934
mean.R[4, 9]    0.29035452 0.075104204 0.158407635 0.28560658 0.44754933 1.00  6709
mean.R[5, 9]    0.13275408 0.042793864 0.059469943 0.12917867 0.22652026 1.01  6092
mean.R[1, 10]   0.37635228 0.122149227 0.157944284 0.37057660 0.63123440 1.00  6666
mean.R[2, 10]   0.25160380 0.110052821 0.075590495 0.23821696 0.49725603 1.00  5848
mean.R[3, 10]   0.31909027 0.092877023 0.151225775 0.31543011 0.51124960 1.01  6283
mean.R[4, 10]   0.29414289 0.078130475 0.161270753 0.28805890 0.46070075 1.01  5073
mean.R[5, 10]   0.13619052 0.046327336 0.061806414 0.13189949 0.23782587 1.01  5680
mean.R[1, 11]   0.37600279 0.119737385 0.160629176 0.36984643 0.62491413 1.00  6943
mean.R[2, 11]   0.24916266 0.107924800 0.074431308 0.23719210 0.48626037 1.00  6354
mean.R[3, 11]   0.32069065 0.094306481 0.153021272 0.31607804 0.51469978 1.01  6256
mean.R[4, 11]   0.28654872 0.077637279 0.149146277 0.28114898 0.44769713 1.00  6346
mean.R[5, 11]   0.13575556 0.045412047 0.062020978 0.13097252 0.23623395 1.01  5984
mean.R[1, 12]   0.37638163 0.121653557 0.158626160 0.37015095 0.63133620 1.00  6665
mean.R[2, 12]   0.25103427 0.110432311 0.076536969 0.23813422 0.49593436 1.00  5999
mean.R[3, 12]   0.32015251 0.093155779 0.152646407 0.31498178 0.51413207 1.01  5710
mean.R[4, 12]   0.28460015 0.076374261 0.146160358 0.28082086 0.44215563 1.01  5895
mean.R[5, 12]   0.13342481 0.043009568 0.060243839 0.12950823 0.23067357 1.00  6243
mean.R[1, 13]   0.37877432 0.121880318 0.161303785 0.37265343 0.63575088 1.00  6631
mean.R[2, 13]   0.25058116 0.109124023 0.075816422 0.23816880 0.49295208 1.00  6226
mean.R[3, 13]   0.32054993 0.092877642 0.154124506 0.31567737 0.51249847 1.01  6471
mean.R[4, 13]   0.28671196 0.077254153 0.149819384 0.28115433 0.44893688 1.00  6251
mean.R[5, 13]   0.14591451 0.060256296 0.066830258 0.13733783 0.27972035 1.07  4040
mean.R[1, 14]   0.37288506 0.120306757 0.156199733 0.36655224 0.62426754 1.00  6794
mean.R[2, 14]   0.24869551 0.107875004 0.074261543 0.23702407 0.48689169 1.00  6265
mean.R[3, 14]   0.32020229 0.093223880 0.151610168 0.31608258 0.51300375 1.01  6357
mean.R[4, 14]   0.29023544 0.077476357 0.155662234 0.28482167 0.45471759 1.01  5534
mean.R[5, 14]   0.13494863 0.043477986 0.062533415 0.13117195 0.23188396 1.00  6223
mean.R[1, 15]   0.37447597 0.121323944 0.157664270 0.36836912 0.62844785 1.00  6744
mean.R[2, 15]   0.25415983 0.110122620 0.078812425 0.24063792 0.50026210 1.00  6132
mean.R[3, 15]   0.31826229 0.091908655 0.151350018 0.31423448 0.50761533 1.01  5810
mean.R[4, 15]   0.28660017 0.076882045 0.151249243 0.28143602 0.44633346 1.01  6219
mean.R[5, 15]   0.13440802 0.044210095 0.060735969 0.13033304 0.23376815 1.01  6185
mean.R[1, 16]   0.37428699 0.120461429 0.156525530 0.36865534 0.62452455 1.00  6773
mean.R[2, 16]   0.25455428 0.111222351 0.079113250 0.24171777 0.50045256 1.00  5037
mean.R[3, 16]   0.32130445 0.093636008 0.154010335 0.31648800 0.51598809 1.01  6403
mean.R[4, 16]   0.28305313 0.075184352 0.147820736 0.27920213 0.43912870 1.01  6031
mean.R[5, 16]   0.13617477 0.046486234 0.061016205 0.13132130 0.24000476 1.01  5487
mean.R[1, 17]   0.37476932 0.120719608 0.157024794 0.36913631 0.62753258 1.00  6749
mean.R[2, 17]   0.25207960 0.110629461 0.076397106 0.23930151 0.49817236 1.00  5951
mean.R[3, 17]   0.32100547 0.094275705 0.152805585 0.31628543 0.51697285 1.01  6308
mean.R[4, 17]   0.28639539 0.078675504 0.149873156 0.28027243 0.45006983 1.01  6013
mean.R[5, 17]   0.13605722 0.047295700 0.060873390 0.13151431 0.23836050 1.01  5351
mean.phi[1, 1]  0.95935102 0.042641677 0.841274493 0.97284476 0.99658900 1.00  6182
mean.phi[2, 1]  0.96192839 0.038489567 0.853533547 0.97403162 0.99651231 1.00  6239
mean.phi[3, 1]  0.96849388 0.032556741 0.879637642 0.97854571 0.99726828 1.00  6324
mean.phi[4, 1]  0.93608940 0.054904502 0.784032447 0.95191677 0.99237390 1.00  6133
mean.phi[5, 1]  0.87767987 0.067337472 0.713245181 0.89003949 0.97168194 1.00  6831
mean.phi[1, 2]  0.96510673 0.033413888 0.875578979 0.97523323 0.99686665 1.00  7111
mean.phi[2, 2]  0.96443559 0.034910702 0.870592511 0.97515615 0.99660968 1.00  7437
mean.phi[3, 2]  0.97494956 0.022955978 0.911832069 0.98174817 0.99739339 1.00  6898
mean.phi[4, 2]  0.94238750 0.047856258 0.812935748 0.95557210 0.99313444 1.00  6057
mean.phi[5, 2]  0.66452942 0.104795102 0.442662579 0.67192221 0.84493881 1.00  7169
mean.phi[1, 3]  0.95626622 0.032275905 0.870542545 0.96453036 0.99349613 1.00  7199
mean.phi[2, 3]  0.96607892 0.032273838 0.879397329 0.97603565 0.99674692 1.00  6879
mean.phi[3, 3]  0.98024730 0.016474534 0.935761384 0.98485487 0.99759646 1.00  6562
mean.phi[4, 3]  0.85809328 0.086184290 0.646194736 0.87593118 0.96994070 1.00  6387
mean.phi[5, 3]  0.75074032 0.094213901 0.543050808 0.76003531 0.90540858 1.00  6776
mean.phi[1, 4]  0.94488943 0.043584582 0.828920606 0.95705320 0.99212237 1.00  6965
mean.phi[2, 4]  0.95778353 0.031650736 0.873718155 0.96613348 0.99377715 1.00  7948
mean.phi[3, 4]  0.93861505 0.033808220 0.854983091 0.94515486 0.98463704 1.00  7015
mean.phi[4, 4]  0.95341288 0.035620531 0.860220308 0.96265348 0.99392905 1.00  5731
mean.phi[5, 4]  0.73583391 0.100530572 0.517833720 0.74526172 0.90141886 1.00  6772
mean.phi[1, 5]  0.96186182 0.038295724 0.854796874 0.97354816 0.99667719 1.00  6700
mean.phi[2, 5]  0.96809825 0.029888659 0.886231937 0.97720807 0.99691906 1.00  6878
mean.phi[3, 5]  0.95550564 0.023759239 0.898607404 0.96008673 0.98812803 1.00  7817
mean.phi[4, 5]  0.95614367 0.033544691 0.867946183 0.96476100 0.99443555 1.00  6021
mean.phi[5, 5]  0.80532152 0.083456295 0.614509670 0.81670113 0.93391350 1.00  6899
mean.phi[1, 6]  0.96660374 0.031860090 0.879248282 0.97589082 0.99679923 1.00  6622
mean.phi[2, 6]  0.96097030 0.039663216 0.852464283 0.97353717 0.99646861 1.00  6493
mean.phi[3, 6]  0.98591402 0.010490952 0.958590155 0.98863344 0.99805487 1.00  6196
mean.phi[4, 6]  0.73286420 0.090224623 0.536414341 0.74093133 0.88338484 1.00  5501
mean.phi[5, 6]  0.44632591 0.110107326 0.235357715 0.44520528 0.66328751 1.00  5179
mean.phi[1, 7]  0.95643520 0.047452628 0.826957661 0.97162493 0.99656934 1.00  6221
mean.phi[2, 7]  0.93845213 0.050696080 0.801901193 0.95305315 0.99227762 1.00  6653
mean.phi[3, 7]  0.96948783 0.017704077 0.925634467 0.97309888 0.99294227 1.00  7461
mean.phi[4, 7]  0.96095577 0.028714549 0.886511166 0.96790338 0.99445238 1.00  5860
mean.phi[5, 7]  0.81969729 0.103067991 0.571493823 0.84015364 0.96111845 1.00  6398
mean.phi[1, 8]  0.96601168 0.032935422 0.874124861 0.97592760 0.99669145 1.00  6559
mean.phi[2, 8]  0.95539497 0.050089586 0.814081650 0.97144349 0.99643882 1.00  6126
mean.phi[3, 8]  0.94171752 0.028341031 0.873149408 0.94632647 0.98232937 1.00  7177
mean.phi[4, 8]  0.83097682 0.058358085 0.699793808 0.83671595 0.92776473 1.00  7162
mean.phi[5, 8]  0.55472867 0.129538074 0.298714184 0.55850615 0.79538948 1.00  6006
mean.phi[1, 9]  0.95703262 0.046982985 0.829477632 0.97195772 0.99647454 1.00  6444
mean.phi[2, 9]  0.96502231 0.034207573 0.870437593 0.97536578 0.99682588 1.00  6602
mean.phi[3, 9]  0.93068150 0.039715509 0.831946279 0.93923003 0.98299073 1.00  6862
mean.phi[4, 9]  0.87440261 0.043095189 0.777476257 0.87912894 0.94547463 1.00  7480
mean.phi[5, 9]  0.57377940 0.117548660 0.332209075 0.58062073 0.78696168 1.00  6052
mean.phi[1, 10] 0.97743750 0.018503647 0.927821830 0.98239299 0.99729487 1.00  7047
mean.phi[2, 10] 0.95896979 0.043602109 0.840794772 0.97240995 0.99661004 1.00  6125
mean.phi[3, 10] 0.96286722 0.027684419 0.890593526 0.97025857 0.99447748 1.00  7437
mean.phi[4, 10] 0.90288781 0.038991019 0.811619047 0.90826339 0.96429876 1.00  7225
mean.phi[5, 10] 0.91889939 0.052497762 0.787314893 0.93024604 0.98590054 1.00  5569
mean.phi[1, 11] 0.90720361 0.064775084 0.739469525 0.92358185 0.98437295 1.00  5951
mean.phi[2, 11] 0.96496823 0.024983550 0.900669086 0.97127157 0.99420505 1.00  7582
mean.phi[3, 11] 0.97724588 0.020322463 0.923485875 0.98301468 0.99759146 1.01  6192
mean.phi[4, 11] 0.96977092 0.021358536 0.914724782 0.97499077 0.99527790 1.00  5857
mean.phi[5, 11] 0.91729864 0.044212726 0.809472726 0.92517985 0.97963354 1.00  6271
mean.phi[1, 12] 0.97260370 0.024006355 0.907214484 0.97968624 0.99718363 1.00  7380
mean.phi[2, 12] 0.96652240 0.031592517 0.879157194 0.97634245 0.99699857 1.00  7233
mean.phi[3, 12] 0.97360194 0.018284705 0.926417765 0.97815916 0.99552876 1.00  7383
mean.phi[4, 12] 0.94040949 0.037558086 0.848477642 0.94809726 0.98920979 1.00  7019
mean.phi[5, 12] 0.86048161 0.046547105 0.756233109 0.86474511 0.93785952 1.00  7638
mean.phi[1, 13] 0.95408364 0.034851199 0.861952368 0.96338191 0.99317522 1.00  7178
mean.phi[2, 13] 0.97263509 0.024232667 0.908004674 0.97960208 0.99703216 1.00  6401
mean.phi[3, 13] 0.98386302 0.013059199 0.949118538 0.98744219 0.99788936 1.00  6637
mean.phi[4, 13] 0.95155020 0.037775191 0.850065353 0.96174886 0.99377922 1.00  6121
mean.phi[5, 13] 0.91780309 0.034660553 0.838066465 0.92250102 0.97101938 1.00  6662
mean.phi[1, 14] 0.95007385 0.039026125 0.846956318 0.96056992 0.99302407 1.00  7449
mean.phi[2, 14] 0.95254654 0.036265510 0.857182330 0.96181559 0.99312012 1.00  7071
mean.phi[3, 14] 0.98537029 0.011153669 0.956812715 0.98827768 0.99811489 1.00  6001
mean.phi[4, 14] 0.92938604 0.046909197 0.808091885 0.93998608 0.98710181 1.00  6595
mean.phi[5, 14] 0.82027237 0.050973846 0.710513361 0.82512326 0.90627221 1.00  7245
mean.phi[1, 15] 0.97377972 0.022426923 0.913066489 0.98001215 0.99704419 1.00  7420
mean.phi[2, 15] 0.95639299 0.032902056 0.868195998 0.96487526 0.99344737 1.00  7902
mean.phi[3, 15] 0.97942744 0.013293956 0.945838372 0.98246197 0.99597971 1.00  7162
mean.phi[4, 15] 0.94772816 0.041053107 0.839449399 0.95887319 0.99331702 1.00  6249
mean.phi[5, 15] 0.93058047 0.032006294 0.856116554 0.93538246 0.97848633 1.00  6215
mean.phi[1, 16] 0.97759289 0.018277180 0.929469288 0.98249447 0.99730192 1.00  6972
mean.phi[2, 16] 0.95534356 0.032715368 0.868793851 0.96367874 0.99333647 1.00  7863
mean.phi[3, 16] 0.98580460 0.010760152 0.957356599 0.98846023 0.99803970 1.00  5967
mean.phi[4, 16] 0.94047843 0.032280588 0.862885203 0.94628492 0.98535692 1.00  7197
mean.phi[5, 16] 0.95826951 0.024367139 0.898458579 0.96303074 0.99130992 1.00  4429
mean.phi[1, 17] 0.97469960 0.021271842 0.917423353 0.98059540 0.99707713 1.00  6682
mean.phi[2, 17] 0.97712962 0.018714398 0.927156260 0.98234779 0.99726057 1.00  7183
mean.phi[3, 17] 0.98580693 0.010697678 0.957688602 0.98856691 0.99794824 1.00  6457
mean.phi[4, 17] 0.97006446 0.020766593 0.916273860 0.97510975 0.99526740 1.00  6171
mean.phi[5, 17] 0.96006238 0.023408181 0.903027869 0.96506503 0.99154975 1.00  4169
mean.r[1]       0.96777955 0.016533027 0.928739685 0.97072234 0.99130237 1.00  5458
mean.r[2]       0.96772747 0.016643286 0.927707775 0.97060520 0.99119932 1.00  4475
mean.r[3]       0.96784222 0.016601693 0.928833635 0.97080159 0.99121966 1.00  4479
mean.r[4]       0.96812638 0.016057725 0.929588010 0.97093922 0.99128458 1.00  5013
mean.r[5]       0.96811332 0.016075700 0.930136983 0.97090880 0.99119242 1.00  5065
mean.r[6]       0.96809081 0.016116736 0.929977307 0.97076805 0.99140406 1.00  4962
mean.r[7]       0.96826605 0.015929334 0.930542151 0.97093188 0.99129640 1.00  5064
mean.r[8]       0.96792038 0.016317937 0.929048934 0.97086474 0.99132191 1.00  4788
mean.r[9]       0.96835868 0.015935516 0.930459381 0.97103237 0.99133185 1.00  4919
mean.r[10]      0.96846813 0.015792216 0.930954011 0.97114736 0.99126397 1.00  5095
mean.r[11]      0.96808637 0.016243080 0.929617406 0.97086115 0.99138390 1.00  4982
mean.r[12]      0.96776599 0.016581712 0.928005487 0.97070633 0.99131316 1.00  4543
mean.r[13]      0.96824178 0.016054979 0.930431090 0.97111011 0.99135177 1.00  5061
mean.r[14]      0.96789159 0.016269438 0.928996054 0.97084303 0.99130835 1.00  4886
mean.r[15]      0.96821819 0.015912502 0.930638598 0.97087450 0.99122388 1.00  5130
mean.r[16]      0.96793465 0.016205022 0.929842745 0.97064260 0.99132011 1.00  4842
mean.r[17]      0.96797197 0.016402871 0.928893773 0.97084403 0.99135160 1.00  4688
mean.r[18]      0.96769690 0.016544264 0.928141013 0.97061514 0.99133723 1.00  4621
mu.M[1]         0.09836734 0.020602836 0.062435197 0.09647251 0.14328016 1.00  6171
mu.M[2]         0.12228799 0.023112946 0.080553949 0.12136574 0.17035103 1.00  5758
mu.M[3]         0.03698146 0.007862997 0.023167998 0.03642119 0.05398732 1.00  5077
mu.M[4]         0.01979301 0.007506212 0.008077869 0.01873984 0.03693836 1.00  5129
mu.M[5]         0.04598478 0.010883878 0.027306354 0.04500365 0.06997171 1.00  5851
mu.Pi           0.99606508 0.002030640 0.991330742 0.99637908 0.99914501 1.00  3815
mu.Po           0.03609711 0.008249456 0.021998666 0.03535651 0.05419542 1.00  5172
mu.R[1]         0.37449273 0.116008888 0.164247623 0.36813261 0.61570393 1.00  6942
mu.R[2]         0.24970539 0.104809736 0.079110113 0.23799650 0.48191811 1.00  6362
mu.R[3]         0.31962149 0.086997536 0.163326394 0.31640981 0.49657119 1.00  6068
mu.R[4]         0.28523231 0.069809466 0.159251443 0.28129077 0.43259160 1.00  6638
mu.R[5]         0.13486247 0.040367125 0.066251757 0.13169366 0.22389146 1.00  6324
mu.phi[1]       0.96784628 0.014444423 0.933031855 0.97032422 0.98866547 1.00  2863
mu.phi[2]       0.96783186 0.014099205 0.935064186 0.97003169 0.98874606 1.00  2955
mu.phi[3]       0.97586479 0.008193720 0.956824794 0.97699109 0.98856446 1.00  2143
mu.phi[4]       0.93629718 0.019744907 0.891331353 0.93865342 0.96811616 1.00  1228
mu.phi[5]       0.82771339 0.038277708 0.745147025 0.83116156 0.89290881 1.00  1120
mu.r            0.96811182 0.015547877 0.931598989 0.97072990 0.99093930 1.00  5093
sigma.M         0.13613239 0.105773701 0.023318960 0.09899609 0.40875397 1.31    36
sigma.Po        0.13209177 0.137736949 0.009427037 0.08021021 0.51491187 1.08    79
sigma.R         0.11487539 0.134358964 0.012116219 0.07240749 0.52101425 2.10    46
sigma.phi       0.95976879 0.145756720 0.689359654 0.95376808 1.25745404 1.01   845
sigma.r         0.10660574 0.092561668 0.003656413 0.07918785 0.34724816 1.04   115
