Information and diagnostics 
=========================== 
Total iter:                       5000 
Thin:                             1 
Num chains:                       3 
Max Rhat:                         1.29 
Min n.eff:                        0 


Model summary 
============= 
                      mean          sd         2.5%         50%      97.5% Rhat n.eff
mean.M[1, 1]    0.04918605 0.056996728 0.0018688013 0.029297548 0.21223834 1.00  3585
mean.M[2, 1]    0.03316741 0.040060186 0.0013994040 0.019412086 0.14614569 1.00  3297
mean.M[3, 1]    0.03058488 0.044915906 0.0007885950 0.014297501 0.16731047 1.01  3648
mean.M[4, 1]    0.12953966 0.107378679 0.0096533738 0.100188563 0.40871437 1.00  3418
mean.M[5, 1]    0.02606808 0.029431031 0.0010251419 0.016208997 0.11193302 1.00  3797
mean.M[1, 2]    0.06847842 0.054586725 0.0068467946 0.053897624 0.21233482 1.00  3326
mean.M[2, 2]    0.23347872 0.103641121 0.0684991120 0.220855723 0.46878538 1.00  3684
mean.M[3, 2]    0.05475158 0.049564410 0.0041213244 0.040232216 0.19211161 1.00  3729
mean.M[4, 2]    0.10406716 0.087801223 0.0090501064 0.079097404 0.33937771 1.01  3435
mean.M[5, 2]    0.03048802 0.038922259 0.0011047516 0.016923989 0.14230814 1.00  3857
mean.M[1, 3]    0.21978187 0.093747614 0.0665670217 0.209401933 0.42582092 1.00  3354
mean.M[2, 3]    0.06789400 0.043652651 0.0119294351 0.058718026 0.17521024 1.00  3453
mean.M[3, 3]    0.01380892 0.016559205 0.0005322476 0.008206498 0.05903149 1.01  3271
mean.M[4, 3]    0.11469806 0.095975366 0.0090413151 0.087196160 0.36151834 1.00  3419
mean.M[5, 3]    0.07349964 0.061057056 0.0068938739 0.056114119 0.23649715 1.00  3536
mean.M[1, 4]    0.44034412 0.132609035 0.1950322748 0.436659375 0.70400144 1.00  3306
mean.M[2, 4]    0.03231794 0.025252081 0.0036617849 0.025101383 0.09808388 1.00  3436
mean.M[3, 4]    0.01388938 0.015566989 0.0006648176 0.008519983 0.05734406 1.01  3349
mean.M[4, 4]    0.06818729 0.054921504 0.0059347134 0.052877648 0.20847154 1.00  3549
mean.M[5, 4]    0.03098969 0.037914370 0.0009976307 0.017371684 0.13460543 1.00  3304
mean.M[1, 5]    0.36109397 0.119647415 0.1447935851 0.357580026 0.59843608 1.00  3327
mean.M[2, 5]    0.10202964 0.054617124 0.0255949411 0.092462856 0.23584792 1.00  3696
mean.M[3, 5]    0.02195202 0.017712707 0.0021260972 0.017173389 0.06716927 1.00  3339
mean.M[4, 5]    0.06073973 0.048587715 0.0053753580 0.047823888 0.18686573 1.00  3649
mean.M[5, 5]    0.02688271 0.030574740 0.0010961911 0.016111136 0.11264124 1.02  3572
mean.M[1, 6]    0.08441449 0.109040997 0.0028504059 0.043051439 0.40395260 1.00  3655
mean.M[2, 6]    0.04095499 0.032084950 0.0046537732 0.032900944 0.12223510 1.00  3708
mean.M[3, 6]    0.01702064 0.013313584 0.0017989442 0.013536759 0.05172566 1.00  3500
mean.M[4, 6]    0.13150880 0.081337100 0.0227003763 0.114535843 0.32960886 1.00  3482
mean.M[5, 6]    0.03800825 0.048349616 0.0013007989 0.020792549 0.17938277 1.01  3464
mean.M[1, 7]    0.51860318 0.135407952 0.2512552195 0.518491780 0.76811956 1.00  3178
mean.M[2, 7]    0.02577227 0.029185365 0.0011118935 0.015751109 0.10763129 1.00  3917
mean.M[3, 7]    0.02655339 0.017028788 0.0046625449 0.022900521 0.07015348 1.00  3670
mean.M[4, 7]    0.05128474 0.040765837 0.0052572481 0.040101308 0.15857182 1.01  3547
mean.M[5, 7]    0.03895018 0.049605764 0.0012759248 0.021242264 0.18404873 1.00  3388
mean.M[1, 8]    0.30098152 0.171503095 0.0523261431 0.275318416 0.69038171 1.00  3427
mean.M[2, 8]    0.10295218 0.067065756 0.0171464253 0.088202368 0.26541274 1.00  3472
mean.M[3, 8]    0.01698122 0.013583400 0.0018361805 0.013431722 0.05239827 1.00  3502
mean.M[4, 8]    0.09908974 0.052350275 0.0248210118 0.090806681 0.22637293 1.00  3470
mean.M[5, 8]    0.04178345 0.056619501 0.0011187504 0.021789059 0.21163526 1.00  3469
mean.M[1, 9]    0.26283317 0.071679999 0.1395933069 0.257079102 0.41784000 1.00  3527
mean.M[2, 9]    0.05236338 0.042992667 0.0051274378 0.040356960 0.16691378 1.00  3385
mean.M[3, 9]    0.06071096 0.033741579 0.0139323103 0.055040335 0.14236174 1.00  3540
mean.M[4, 9]    0.04800574 0.029400935 0.0092940613 0.042159686 0.12028144 1.00  3267
mean.M[5, 9]    0.10127503 0.088444338 0.0075451070 0.076004606 0.33769187 1.00  3795
mean.M[1, 10]   0.13663551 0.084383693 0.0247954608 0.117510640 0.33948245 1.00  3664
mean.M[2, 10]   0.04521658 0.027928780 0.0087813534 0.039781168 0.11574499 1.00  3826
mean.M[3, 10]   0.01118461 0.012533664 0.0005426947 0.007041886 0.04675613 1.02  3505
mean.M[4, 10]   0.02725416 0.020279851 0.0033382949 0.022495007 0.07990920 1.00  3347
mean.M[5, 10]   0.06128947 0.051505872 0.0056108922 0.046534418 0.19372433 1.01  3649
mean.M[1, 11]   0.06213306 0.048543889 0.0067972004 0.048847389 0.18717049 1.00  3559
mean.M[2, 11]   0.04052532 0.025675871 0.0076171286 0.034906474 0.10409653 1.00  3548
mean.M[3, 11]   0.01216167 0.013693907 0.0005507485 0.007514003 0.05033657 1.00  3541
mean.M[4, 11]   0.04378536 0.026921062 0.0077378573 0.038304363 0.11135032 1.00  3281
mean.M[5, 11]   0.01856117 0.020834792 0.0009041778 0.011548130 0.07691975 1.01  3516
mean.M[1, 12]   0.33749603 0.091205849 0.1731382304 0.334741237 0.52139826 1.00  3662
mean.M[2, 12]   0.16040322 0.066843572 0.0566335209 0.152008190 0.31345571 1.00  3366
mean.M[3, 12]   0.01866541 0.014902805 0.0022010946 0.014673909 0.05581975 1.00  3662
mean.M[4, 12]   0.03340202 0.025579574 0.0038098234 0.027002746 0.10010596 1.00  3426
mean.M[5, 12]   0.04528796 0.028532657 0.0081946689 0.039274021 0.11721029 1.00  3828
mean.M[1, 13]   0.20154888 0.072417286 0.0792945096 0.195371038 0.35899071 1.00  3304
mean.M[2, 13]   0.13415418 0.051626888 0.0523478794 0.127347954 0.24689752 1.00  3566
mean.M[3, 13]   0.02828703 0.018325682 0.0048718549 0.024311012 0.07571454 1.00  3533
mean.M[4, 13]   0.07381421 0.045541209 0.0134711463 0.064155999 0.18827303 1.00  3598
mean.M[5, 13]   0.07168160 0.033589795 0.0222323515 0.066172181 0.15158751 1.00  3347
mean.M[1, 14]   0.15947805 0.070275266 0.0532550924 0.150417069 0.32185095 1.00  3508
mean.M[2, 14]   0.03018961 0.022460817 0.0036215526 0.024414775 0.08934992 1.00  3289
mean.M[3, 14]   0.02697319 0.017273786 0.0047689618 0.023256974 0.07057324 1.00  3492
mean.M[4, 14]   0.04218644 0.032947677 0.0045306641 0.033572213 0.12802747 1.00  3416
mean.M[5, 14]   0.02347768 0.018051808 0.0027555723 0.018883668 0.07003608 1.00  3358
mean.M[1, 15]   0.16089201 0.059508705 0.0650454796 0.155271049 0.29564054 1.00  3360
mean.M[2, 15]   0.06340087 0.032936739 0.0162859893 0.057783101 0.14221493 1.00  3323
mean.M[3, 15]   0.02424638 0.015474141 0.0043383152 0.020962267 0.06385577 1.00  3170
mean.M[4, 15]   0.05495123 0.044528617 0.0048588225 0.043307944 0.17275441 1.00  3562
mean.M[5, 15]   0.03308402 0.020570535 0.0060201633 0.028868362 0.08443749 1.00  3374
mean.M[1, 16]   0.02479723 0.023876270 0.0014484764 0.017276204 0.08961358 1.00  3776
mean.M[2, 16]   0.11263601 0.041001108 0.0469696716 0.108404504 0.20511098 1.00  3176
mean.M[3, 16]   0.02744909 0.018096165 0.0043296074 0.023744105 0.07339376 1.00  3080
mean.M[4, 16]   0.02813878 0.020855689 0.0036394819 0.022923868 0.08111156 1.00  3004
mean.M[5, 16]   0.04508091 0.023784784 0.0116074317 0.040747499 0.10244891 1.00  3497
mean.M[1, 17]   0.19876946 0.124155418 0.0277348387 0.173931571 0.50345992 1.00  3362
mean.M[2, 17]   0.10782728 0.040166345 0.0431408918 0.103234914 0.19957611 1.00  3322
mean.M[3, 17]   0.05999141 0.026615101 0.0190898538 0.056192353 0.12290252 1.00  3044
mean.M[4, 17]   0.02640436 0.019188238 0.0032689407 0.021859114 0.07337699 1.00  3018
mean.M[5, 17]   0.02528386 0.018199319 0.0025770199 0.021145818 0.07234135 1.00  2435
mean.Pi[1]      0.99595850 0.002211572 0.9908084083 0.996297406 0.99918000 1.01  1655
mean.Pi[2]      0.99600769 0.002155239 0.9910486753 0.996345882 0.99919454 1.01  1460
mean.Pi[3]      0.99597157 0.002212757 0.9907990608 0.996322251 0.99917644 1.01  1550
mean.Pi[4]      0.99598251 0.002151083 0.9910028569 0.996304115 0.99913801 1.00  1531
mean.Pi[5]      0.99586476 0.002359343 0.9904196662 0.996222228 0.99914727 1.04  1420
mean.Pi[6]      0.99598519 0.002164948 0.9909362445 0.996295963 0.99917905 1.01  1531
mean.Pi[7]      0.99598406 0.002175220 0.9909081763 0.996306310 0.99916988 1.00  1533
mean.Pi[8]      0.99601340 0.002144151 0.9910181195 0.996334912 0.99919548 1.01  1607
mean.Pi[9]      0.99598061 0.002166598 0.9909482091 0.996310297 0.99917314 1.00  1490
mean.Pi[10]     0.99597693 0.002191478 0.9908408271 0.996317316 0.99917573 1.01  1466
mean.Pi[11]     0.99600546 0.002135468 0.9909956475 0.996333701 0.99918827 1.01  1497
mean.Pi[12]     0.99599504 0.002195525 0.9909573307 0.996331791 0.99915926 1.01  1501
mean.Pi[13]     0.99599607 0.002145235 0.9909887662 0.996336355 0.99918321 1.00  1557
mean.Pi[14]     0.99601049 0.002096462 0.9911264769 0.996329756 0.99916754 1.00  1619
mean.Pi[15]     0.99592644 0.002240340 0.9906970613 0.996264397 0.99918251 1.01  1453
mean.Pi[16]     0.99593073 0.002165898 0.9908875976 0.996245541 0.99914045 1.01  1587
mean.Pi[17]     0.99595611 0.002192060 0.9908779029 0.996284029 0.99915067 1.01  1635
mean.Pi[18]     0.99585932 0.002595398 0.9905044074 0.996241589 0.99918737 1.10  1294
mean.Po[1]      0.01821941 0.006120599 0.0094616935 0.017405501 0.03178494 1.02  3295
mean.Po[2]      0.01837734 0.007131063 0.0095388314 0.017366105 0.03258310 1.02  1053
mean.Po[3]      0.01890104 0.007365812 0.0099499237 0.017837595 0.03420950 1.08  1103
mean.Po[4]      0.01885751 0.006805644 0.0098585371 0.017852030 0.03469558 1.03  1095
mean.Po[5]      0.01879526 0.007445609 0.0099788390 0.017657815 0.03374046 1.09  1056
mean.Po[6]      0.01844428 0.006034611 0.0098912293 0.017623968 0.03168200 1.04  1647
mean.Po[7]      0.01766376 0.005116291 0.0093651417 0.017116165 0.02952084 1.00  2462
mean.Po[8]      0.01833495 0.005808869 0.0098278740 0.017571861 0.03157129 1.04  1693
mean.Po[9]      0.01811332 0.005561839 0.0095281652 0.017387752 0.03110860 1.01  2301
mean.Po[10]     0.01920661 0.006328940 0.0103859095 0.018174844 0.03419957 1.01   881
mean.Po[11]     0.01868152 0.006139570 0.0099406657 0.017768984 0.03297393 1.01  1565
mean.Po[12]     0.01913567 0.006049142 0.0106788868 0.018140836 0.03376069 1.01  1465
mean.Po[13]     0.01708560 0.004839045 0.0087343632 0.016661686 0.02771210 1.00  2599
mean.Po[14]     0.01680415 0.004720913 0.0083019339 0.016532806 0.02697744 1.00  1944
mean.Po[15]     0.01682948 0.004763699 0.0084324383 0.016518361 0.02716512 1.01  1939
mean.Po[16]     0.01683291 0.004820166 0.0083094730 0.016451594 0.02735843 1.01  1780
mean.Po[17]     0.01698894 0.004629200 0.0089443487 0.016613477 0.02712023 1.00  2424
mean.Po[18]     0.01693920 0.004761394 0.0084387605 0.016568334 0.02720934 1.00  1652
mean.R[1, 1]    0.02397874 0.042996708 0.0009268639 0.010994685 0.13282712 1.01  2681
mean.R[2, 1]    0.17316220 0.164851510 0.0102868999 0.117796747 0.64496528 1.00  3188
mean.R[3, 1]    0.11819633 0.130382057 0.0053248197 0.074134201 0.50472499 1.00  3210
mean.R[4, 1]    0.10866009 0.126476252 0.0051245020 0.065598892 0.48719227 1.02  3227
mean.R[5, 1]    0.28226649 0.203604313 0.0333783841 0.230498907 0.79007328 1.01  2039
mean.R[1, 2]    0.02483019 0.051387902 0.0008428072 0.010854854 0.14108337 1.02  2056
mean.R[2, 2]    0.17556839 0.164933550 0.0103530325 0.123971505 0.64515617 1.00  3058
mean.R[3, 2]    0.11500657 0.128452799 0.0057480231 0.069641938 0.49445492 1.00  2956
mean.R[4, 2]    0.10824932 0.128322367 0.0048472484 0.062869497 0.48971189 1.01  2961
mean.R[5, 2]    0.07029023 0.064332877 0.0053174288 0.051212040 0.24322355 1.01  3452
mean.R[1, 3]    0.02230624 0.037835108 0.0007981545 0.010581961 0.11812953 1.01  3110
mean.R[2, 3]    0.32851393 0.216285539 0.0466631832 0.274320728 0.83307602 1.01  1586
mean.R[3, 3]    0.11956431 0.137560133 0.0053181891 0.072844161 0.53655153 1.01  2875
mean.R[4, 3]    0.08080054 0.086965239 0.0046564080 0.052473579 0.33853568 1.00  3766
mean.R[5, 3]    0.07923244 0.073177232 0.0050311755 0.056798414 0.27978443 1.00  3967
mean.R[1, 4]    0.02379521 0.043581295 0.0007631070 0.010892513 0.13251915 1.02  2946
mean.R[2, 4]    0.27121215 0.177513716 0.0376048398 0.230505138 0.70911074 1.00  2722
mean.R[3, 4]    0.07840793 0.081005361 0.0042024876 0.051480899 0.30820477 1.00  3067
mean.R[4, 4]    0.10771535 0.124579932 0.0046798455 0.063651329 0.48285930 1.00  2986
mean.R[5, 4]    0.08168058 0.076339277 0.0051629696 0.058722349 0.29511639 1.01  3474
mean.R[1, 5]    0.02430070 0.045585102 0.0007801059 0.011590728 0.13371720 1.00  3272
mean.R[2, 5]    0.18022149 0.171471862 0.0100725905 0.121316637 0.67594630 1.00  3153
mean.R[3, 5]    0.46395091 0.213698311 0.1134625562 0.451789693 0.88358062 1.01   757
mean.R[4, 5]    0.11114823 0.126780406 0.0056004213 0.066421399 0.48923437 1.02  2751
mean.R[5, 5]    0.08973119 0.083097109 0.0065039447 0.065805402 0.31440217 1.00  3403
mean.R[1, 6]    0.02342961 0.044286805 0.0008166595 0.010932771 0.12139726 1.01  3099
mean.R[2, 6]    0.17673128 0.165362991 0.0108816456 0.122477553 0.63321016 1.00  3266
mean.R[3, 6]    0.11702773 0.128807175 0.0053980162 0.072873012 0.49523610 1.02  3137
mean.R[4, 6]    0.05357327 0.051673140 0.0032925255 0.038051055 0.19467384 1.00  3173
mean.R[5, 6]    0.09757056 0.067365287 0.0136902117 0.081809013 0.27120441 1.00  3240
mean.R[1, 7]    0.02531667 0.053912505 0.0007787623 0.010718034 0.14144875 1.08  2107
mean.R[2, 7]    0.14064786 0.127049694 0.0075077179 0.100974103 0.47935568 1.00  3442
mean.R[3, 7]    0.08810749 0.091986888 0.0048613079 0.058286627 0.34308160 1.00  3113
mean.R[4, 7]    0.11149322 0.130322043 0.0051477170 0.065414459 0.49607892 1.01  2848
mean.R[5, 7]    0.28547836 0.203448228 0.0333056957 0.235723207 0.76544747 1.01  2108
mean.R[1, 8]    0.02357875 0.045070710 0.0007611704 0.010494146 0.12833317 1.01  2710
mean.R[2, 8]    0.17515631 0.166143741 0.0094763200 0.119801552 0.65295752 1.01  3366
mean.R[3, 8]    0.26992834 0.160743522 0.0464070231 0.240462660 0.65091010 1.00  1847
mean.R[4, 8]    0.27533686 0.137034200 0.0702407714 0.255054782 0.58457936 1.01  1919
mean.R[5, 8]    0.13714995 0.097585444 0.0187674093 0.114528399 0.39130017 1.00  3245
mean.R[1, 9]    0.02380553 0.045211080 0.0007306407 0.010950933 0.13793809 1.02  2889
mean.R[2, 9]    0.17451477 0.165865152 0.0095307658 0.118218911 0.64136312 1.01  2957
mean.R[3, 9]    0.30834090 0.184087397 0.0540879638 0.271312129 0.73590026 1.01  1830
mean.R[4, 9]    0.27672974 0.138630428 0.0666624501 0.255784596 0.59266664 1.01  2152
mean.R[5, 9]    0.06616836 0.059983776 0.0049746670 0.049515047 0.22965705 1.00  3361
mean.R[1, 10]   0.02246299 0.037691658 0.0008544172 0.010918650 0.12110397 1.01  3167
mean.R[2, 10]   0.17685541 0.168420684 0.0099138540 0.121500973 0.64897411 1.00  3222
mean.R[3, 10]   0.10113862 0.110614917 0.0048674313 0.064221147 0.42060869 1.01  2571
mean.R[4, 10]   0.34316435 0.169890535 0.0809078638 0.324039174 0.71756837 1.01  1257
mean.R[5, 10]   0.13888789 0.144232869 0.0076193843 0.088225888 0.55401842 1.00  3333
mean.R[1, 11]   0.02505352 0.046098055 0.0009089953 0.011529267 0.14817926 1.01  2529
mean.R[2, 11]   0.22800057 0.151352133 0.0324915881 0.194577603 0.60523368 1.00  2935
mean.R[3, 11]   0.11657878 0.129965417 0.0054286379 0.070235851 0.50875429 1.01  3301
mean.R[4, 11]   0.10613671 0.117703313 0.0052340470 0.067135160 0.45092990 1.00  3346
mean.R[5, 11]   0.11327914 0.113913772 0.0065456310 0.076743271 0.43065774 1.01  3277
mean.R[1, 12]   0.02284726 0.041485702 0.0008886770 0.010978150 0.12401719 1.01  3234
mean.R[2, 12]   0.17630066 0.165334693 0.0102935284 0.122940983 0.63278948 1.00  3456
mean.R[3, 12]   0.09852945 0.104794442 0.0050463781 0.064792137 0.39625260 1.00  3094
mean.R[4, 12]   0.08895246 0.098685106 0.0043942076 0.056346453 0.37188731 1.00  3227
mean.R[5, 12]   0.06915250 0.061928354 0.0046139833 0.051262870 0.23085294 1.01  3385
mean.R[1, 13]   0.02435466 0.045868900 0.0007795389 0.011057920 0.13892640 1.02  2954
mean.R[2, 13]   0.33034218 0.216239341 0.0430499833 0.284409559 0.82661884 1.01  1651
mean.R[3, 13]   0.12281907 0.136014798 0.0059383246 0.073808709 0.52237005 1.01  2860
mean.R[4, 13]   0.10680145 0.125493117 0.0053928816 0.063785682 0.48858761 1.00  2975
mean.R[5, 13]   0.49598947 0.213687515 0.1181651325 0.488197989 0.88945177 1.01  1084
mean.R[1, 14]   0.02408870 0.042308311 0.0008736937 0.011175711 0.13108398 1.02  2614
mean.R[2, 14]   0.12325576 0.110820522 0.0084722666 0.090392438 0.43142957 1.01  3392
mean.R[3, 14]   0.11856821 0.131168656 0.0065192464 0.071804775 0.51029596 1.01  2964
mean.R[4, 14]   0.24075442 0.193329925 0.0231939330 0.178015154 0.73029491 1.01  1744
mean.R[5, 14]   0.10896769 0.074544396 0.0164806672 0.091749457 0.29774462 1.00  3585
mean.R[1, 15]   0.02433811 0.045123900 0.0008580334 0.011397038 0.12936418 1.03  3090
mean.R[2, 15]   0.32659860 0.214737480 0.0455956330 0.277118849 0.82893870 1.01  1923
mean.R[3, 15]   0.09784337 0.105953410 0.0053435979 0.062244582 0.41634507 1.00  3335
mean.R[4, 15]   0.10352812 0.117208438 0.0046644066 0.062712141 0.44671246 1.00  3227
mean.R[5, 15]   0.09947647 0.099201257 0.0054218831 0.068179242 0.37030904 1.01  3514
mean.R[1, 16]   0.02388640 0.042837668 0.0007969829 0.010687496 0.13617435 1.01  2797
mean.R[2, 16]   0.32554808 0.214085142 0.0432291428 0.275915640 0.82371429 1.01  2157
mean.R[3, 16]   0.11584117 0.128189403 0.0057734088 0.071481357 0.48555121 1.00  3113
mean.R[4, 16]   0.07941114 0.081790868 0.0036561906 0.053318785 0.31012081 1.00  3424
mean.R[5, 16]   0.14011120 0.149471871 0.0072088904 0.089016345 0.57463370 1.01  3153
mean.R[1, 17]   0.02333684 0.039892947 0.0008467477 0.011000765 0.12744351 1.03  2690
mean.R[2, 17]   0.17678227 0.165966366 0.0101741062 0.123162750 0.65319053 1.00  2951
mean.R[3, 17]   0.11521830 0.127059900 0.0055253567 0.071122399 0.49224381 1.01  3596
mean.R[4, 17]   0.10767245 0.122914684 0.0056546960 0.064637264 0.45832580 1.01  3137
mean.R[5, 17]   0.14828520 0.158307607 0.0072746441 0.094122595 0.63591902 1.00  2564
mean.phi[1, 1]  0.95384405 0.046060987 0.8289257298 0.967897328 0.99613862 1.01  3390
mean.phi[2, 1]  0.97601082 0.025812183 0.9052296312 0.984647433 0.99842689 1.00  2770
mean.phi[3, 1]  0.97699466 0.027063555 0.9033326734 0.985959243 0.99854733 1.00  3401
mean.phi[4, 1]  0.94612439 0.052804609 0.7996732407 0.962978697 0.99562103 1.00  3088
mean.phi[5, 1]  0.88744584 0.066860074 0.7232715661 0.900531672 0.97725165 1.00  3732
mean.phi[1, 2]  0.96632306 0.029972115 0.8861677656 0.974979128 0.99687953 1.00  3909
mean.phi[2, 2]  0.97882502 0.022276791 0.9187625678 0.985750326 0.99837612 1.00  3416
mean.phi[3, 2]  0.98155211 0.020056491 0.9271804089 0.988017933 0.99861704 1.00  3417
mean.phi[4, 2]  0.95177705 0.044880531 0.8316487289 0.965316716 0.99595196 1.01  3180
mean.phi[5, 2]  0.65868863 0.105004406 0.4422779174 0.663172368 0.84381537 1.00  3456
mean.phi[1, 3]  0.94266677 0.041668554 0.8329716202 0.953242841 0.99206245 1.00  3931
mean.phi[2, 3]  0.96963667 0.024227557 0.9059812703 0.976178921 0.99629361 1.00  3527
mean.phi[3, 3]  0.98528179 0.014304529 0.9480668411 0.989592797 0.99884542 1.00  3680
mean.phi[4, 3]  0.85715419 0.093563976 0.6162680244 0.880905951 0.97290835 1.00  3213
mean.phi[5, 3]  0.74488528 0.099982431 0.5241813323 0.754911852 0.90871255 1.00  3306
mean.phi[1, 4]  0.96165900 0.036105446 0.8610845665 0.973430460 0.99638736 1.01  3876
mean.phi[2, 4]  0.95914089 0.026282105 0.8929090958 0.964784072 0.99243505 1.00  3756
mean.phi[3, 4]  0.94124783 0.035398620 0.8524784720 0.949415231 0.98719370 1.00  3280
mean.phi[4, 4]  0.96092253 0.033509693 0.8706959818 0.970687802 0.99610230 1.01  3026
mean.phi[5, 4]  0.73210326 0.104776802 0.4995001366 0.744239468 0.90113489 1.00  3452
mean.phi[1, 5]  0.96559167 0.031212869 0.8800933764 0.975083548 0.99675028 1.00  3499
mean.phi[2, 5]  0.98289955 0.016222498 0.9395150981 0.987542665 0.99858228 1.01  3349
mean.phi[3, 5]  0.95891407 0.022975501 0.9015157425 0.963358045 0.99001462 1.00  3561
mean.phi[4, 5]  0.96423502 0.031206372 0.8820367864 0.973029861 0.99644947 1.00  3477
mean.phi[5, 5]  0.80972883 0.084005923 0.6187895785 0.819540659 0.94220489 1.00  3722
mean.phi[1, 6]  0.93855959 0.067561093 0.7467806866 0.960743955 0.99556512 1.01  3646
mean.phi[2, 6]  0.98304202 0.016489788 0.9391452547 0.988083975 0.99852779 1.00  3415
mean.phi[3, 6]  0.99012713 0.008431211 0.9676733827 0.992632656 0.99899947 1.00  3112
mean.phi[4, 6]  0.72508820 0.093148424 0.5219982235 0.733443393 0.87877785 1.00  3360
mean.phi[5, 6]  0.42084728 0.110777705 0.2127722060 0.419365090 0.63791766 1.00  3147
mean.phi[1, 7]  0.96204114 0.034527489 0.8665888997 0.972993050 0.99641508 1.01  3466
mean.phi[2, 7]  0.96041523 0.033939206 0.8686177237 0.970396361 0.99541629 1.01  3452
mean.phi[3, 7]  0.97591439 0.015303548 0.9368688052 0.979412228 0.99528014 1.00  3696
mean.phi[4, 7]  0.96804657 0.026180535 0.8986732631 0.975170009 0.99646935 1.01  2954
mean.phi[5, 7]  0.82860204 0.104017091 0.5769035584 0.850263196 0.96934071 1.00  3478
mean.phi[1, 8]  0.94930060 0.052116743 0.8067291730 0.965827934 0.99582008 1.00  3341
mean.phi[2, 8]  0.97979592 0.020531785 0.9225939864 0.986345020 0.99835348 1.00  2804
mean.phi[3, 8]  0.95535915 0.022096470 0.9025101224 0.959283779 0.98667524 1.00  3765
mean.phi[4, 8]  0.82958905 0.059138893 0.6962829921 0.835057274 0.92679517 1.00  3657
mean.phi[5, 8]  0.53577753 0.133318875 0.2754661029 0.538589790 0.78314673 1.00  3198
mean.phi[1, 9]  0.97698044 0.018504233 0.9288332772 0.982033114 0.99728053 1.00  3888
mean.phi[2, 9]  0.98115871 0.018383032 0.9327352447 0.986894295 0.99856107 1.00  3378
mean.phi[3, 9]  0.95214663 0.027533932 0.8842152840 0.957676089 0.98909428 1.00  3725
mean.phi[4, 9]  0.87825341 0.042691219 0.7826913379 0.883180439 0.94831537 1.00  3986
mean.phi[5, 9]  0.55695001 0.120687371 0.3183669997 0.560930580 0.78400945 1.00  3474
mean.phi[1, 10] 0.93319523 0.050322344 0.8027407655 0.946250888 0.99064004 1.00  3187
mean.phi[2, 10] 0.98619460 0.012476136 0.9530953556 0.989899854 0.99873159 1.00  3267
mean.phi[3, 10] 0.97773426 0.017335050 0.9323698719 0.982341652 0.99711635 1.00  3448
mean.phi[4, 10] 0.91390229 0.035302652 0.8317738810 0.918822666 0.96877671 1.00  4100
mean.phi[5, 10] 0.93029197 0.048775769 0.8044843173 0.941851151 0.99018820 1.00  2896
mean.phi[1, 11] 0.96783428 0.028160869 0.8918343191 0.976166259 0.99669654 1.00  3683
mean.phi[2, 11] 0.95517691 0.024852764 0.8951428367 0.959889588 0.98945919 1.01  3809
mean.phi[3, 11] 0.98663357 0.012413240 0.9535134848 0.990337556 0.99880033 1.00  3098
mean.phi[4, 11] 0.97967790 0.015422512 0.9409163627 0.983684015 0.99754160 1.00  3272
mean.phi[5, 11] 0.92557059 0.043024386 0.8192766963 0.933440212 0.98403111 1.00  3033
mean.phi[1, 12] 0.97204260 0.023803716 0.9098155546 0.978889483 0.99689470 1.00  3675
mean.phi[2, 12] 0.98374983 0.015429197 0.9409009998 0.988558440 0.99852508 1.01  3333
mean.phi[3, 12] 0.98148907 0.013437568 0.9469813942 0.984664066 0.99723851 1.00  3876
mean.phi[4, 12] 0.96256751 0.025328303 0.8977270099 0.968429961 0.99350253 1.01  3361
mean.phi[5, 12] 0.86492507 0.046296360 0.7616746787 0.869527480 0.94185016 1.00  3627
mean.phi[1, 13] 0.97399955 0.020798949 0.9191481597 0.979910371 0.99701073 1.00  4062
mean.phi[2, 13] 0.97610815 0.017901807 0.9297244023 0.980569173 0.99661692 1.00  3821
mean.phi[3, 13] 0.99008613 0.008265976 0.9675795465 0.992306566 0.99889423 1.00  3298
mean.phi[4, 13] 0.97073249 0.023096742 0.9130362354 0.976932995 0.99654653 1.00  3133
mean.phi[5, 13] 0.92829776 0.031873436 0.8521485242 0.933151038 0.97642377 1.00  3697
mean.phi[1, 14] 0.97121144 0.024390803 0.9040094921 0.978080097 0.99700662 1.01  3771
mean.phi[2, 14] 0.96776374 0.020174721 0.9175471998 0.972092756 0.99382593 1.00  4083
mean.phi[3, 14] 0.98996906 0.008251612 0.9684276133 0.992183007 0.99894026 1.00  2994
mean.phi[4, 14] 0.95534237 0.030240629 0.8780472641 0.962457362 0.99234688 1.00  3606
mean.phi[5, 14] 0.85394563 0.042567718 0.7623564414 0.857639232 0.92696113 1.00  3946
mean.phi[1, 15] 0.97630894 0.019190285 0.9250504599 0.981480345 0.99711175 1.00  3743
mean.phi[2, 15] 0.97833351 0.016136424 0.9362160154 0.982735807 0.99682403 1.00  3651
mean.phi[3, 15] 0.98541555 0.010398627 0.9588849973 0.987893319 0.99758554 1.00  3536
mean.phi[4, 15] 0.96749567 0.027068349 0.8938071648 0.974857358 0.99661421 1.00  3185
mean.phi[5, 15] 0.94999064 0.024078850 0.8911544798 0.953904585 0.98523885 1.00  3293
mean.phi[1, 16] 0.97170988 0.024291203 0.9053955824 0.978925570 0.99683509 1.00  3932
mean.phi[2, 16] 0.98000809 0.014219418 0.9437214683 0.983564244 0.99688119 1.00  3939
mean.phi[3, 16] 0.99075083 0.007927125 0.9703756693 0.992930209 0.99906644 1.01  3235
mean.phi[4, 16] 0.95827934 0.023067787 0.9023695073 0.963068356 0.98994276 1.00  3469
mean.phi[5, 16] 0.97122750 0.018078752 0.9266407762 0.974986555 0.99470294 1.00  2806
mean.phi[1, 17] 0.95376992 0.046549069 0.8267300118 0.968297064 0.99635381 1.01  3245
mean.phi[2, 17] 0.98767613 0.010405916 0.9597694600 0.990759451 0.99872251 1.00  3342
mean.phi[3, 17] 0.99081086 0.007517528 0.9711426743 0.992915789 0.99897194 1.00  3414
mean.phi[4, 17] 0.97951253 0.015321317 0.9400474710 0.983342935 0.99718014 1.01  2786
mean.phi[5, 17] 0.97314669 0.016527421 0.9317487906 0.976457658 0.99485196 1.00  2556
mean.rO[1]      0.95847502 0.020828246 0.9094852797 0.961278688 0.98878185 1.00  2729
mean.rO[2]      0.95831067 0.020978584 0.9080274739 0.961352872 0.98885871 1.00  2392
mean.rO[3]      0.95870350 0.020707877 0.9104448213 0.961716666 0.98885215 1.00  2560
mean.rO[4]      0.95843114 0.020870454 0.9084647505 0.961462672 0.98873057 1.00  2568
mean.rO[5]      0.95871421 0.020693705 0.9101647012 0.961693041 0.98894898 1.00  2590
mean.rO[6]      0.95840750 0.020988457 0.9091186715 0.961269213 0.98871226 1.00  2547
mean.rO[7]      0.95902749 0.020440790 0.9111761891 0.961797200 0.98902390 1.00  2551
mean.rO[8]      0.95853892 0.020705153 0.9094077583 0.961427253 0.98877402 1.00  2525
mean.rO[9]      0.95870304 0.020455815 0.9103532588 0.961541594 0.98873254 1.00  2612
mean.rO[10]     0.95865368 0.020591568 0.9102367102 0.961505417 0.98877935 1.00  2537
mean.rO[11]     0.95858282 0.020714250 0.9093111381 0.961458154 0.98893529 1.00  2588
mean.rO[12]     0.95864997 0.020823883 0.9094297479 0.961673485 0.98887441 1.00  2551
mean.rO[13]     0.95863525 0.020660703 0.9103800038 0.961440920 0.98903641 1.00  2589
mean.rO[14]     0.95851122 0.020785028 0.9095042694 0.961500519 0.98888769 1.00  2589
mean.rO[15]     0.95852655 0.020676285 0.9099204767 0.961380831 0.98869206 1.00  2688
mean.rO[16]     0.95849966 0.020898668 0.9088852539 0.961536195 0.98891136 1.00  2545
mean.rO[17]     0.95867181 0.020673514 0.9111857594 0.961337604 0.98886376 1.00  2596
mean.rO[18]     0.95846179 0.020858356 0.9093256701 0.961628453 0.98888626 1.00  2484
mean.rR[1]      0.89393747 0.051436670 0.7732753195 0.901571904 0.97122632 1.00  2874
mean.rR[2]      0.89385483 0.051244234 0.7718711314 0.901757239 0.97064983 1.00  2694
mean.rR[3]      0.89361821 0.051240051 0.7731354024 0.901546617 0.97090974 1.00  2656
mean.rR[4]      0.89432182 0.050983069 0.7755759761 0.901404268 0.97169990 1.00  2731
mean.rR[5]      0.89465259 0.051041890 0.7739990772 0.901752322 0.97141621 1.00  2730
mean.rR[6]      0.89455933 0.050802656 0.7727404280 0.901712619 0.97130701 1.00  2739
mean.rR[7]      0.89465492 0.050895311 0.7723450257 0.901720062 0.97126797 1.00  2744
mean.rR[8]      0.89415539 0.051179649 0.7717077740 0.901824289 0.97083125 1.00  2719
mean.rR[9]      0.89518818 0.050139237 0.7773148142 0.901705168 0.97150939 1.00  2717
mean.rR[10]     0.89540154 0.050139040 0.7776117013 0.902821122 0.97130092 1.00  2773
mean.rR[11]     0.89493458 0.050301771 0.7771553971 0.902057907 0.97102794 1.00  2686
mean.rR[12]     0.89460080 0.050494149 0.7757366819 0.901606878 0.97086651 1.00  2708
mean.rR[13]     0.89429785 0.051936888 0.7721663563 0.901728397 0.97137286 1.00  2698
mean.rR[14]     0.89472571 0.051116067 0.7749292073 0.902167699 0.97178064 1.00  2686
mean.rR[15]     0.89421119 0.051604332 0.7723521745 0.901635607 0.97170595 1.00  2506
mean.rR[16]     0.89340058 0.051845701 0.7718358523 0.901208388 0.97080397 1.00  2625
mean.rR[17]     0.89415960 0.050620751 0.7746470662 0.901687321 0.97092885 1.00  2811
mean.rR[18]     0.89382468 0.051217271 0.7731755427 0.901268173 0.97128302 1.00  2592
mu.M[1]         0.05355477 0.000000000 0.0535547683 0.053554768 0.05355477  NaN     0
mu.M[2]         0.03254675 0.000000000 0.0325467543 0.032546754 0.03254675  NaN     0
mu.M[3]         0.01714194 0.000000000 0.0171419424 0.017141942 0.01714194  NaN     0
mu.M[4]         0.30704224 0.000000000 0.3070422377 0.307042238 0.30704224  NaN     0
mu.M[5]         0.02970320 0.000000000 0.0297032041 0.029703204 0.02970320  NaN     0
mu.Pi           0.99600176 0.002070100 0.9912985495 0.996289975 0.99914696 1.01  1519
mu.Po           0.01780781 0.004103297 0.0108642271 0.017388908 0.02672304 1.00  2771
mu.R[1]         0.01105829 0.000000000 0.0110582873 0.011058287 0.01105829  NaN     0
mu.R[2]         0.12219134 0.000000000 0.1221913448 0.122191345 0.12219134  NaN     0
mu.R[3]         0.07182910 0.000000000 0.0718290966 0.071829097 0.07182910  NaN     0
mu.R[4]         0.06434965 0.000000000 0.0643496501 0.064349650 0.06434965  NaN     0
mu.R[5]         0.08884871 0.000000000 0.0888487146 0.088848715 0.08884871  NaN     0
mu.phi[1]       0.95446803 0.018474584 0.9109561922 0.957098443 0.98202040 1.01  1462
mu.phi[2]       0.97998842 0.008458444 0.9601518760 0.981389297 0.99187968 1.01   964
mu.phi[3]       0.98385014 0.006231940 0.9695705344 0.984640218 0.99330049 1.00   750
mu.phi[4]       0.94924914 0.016770328 0.9106047645 0.951369465 0.97587637 1.00   602
mu.phi[5]       0.84020355 0.039628842 0.7530617751 0.844738393 0.90592661 1.00   431
mu.rO           0.95866378 0.020289893 0.9117992846 0.961446746 0.98861384 1.00  2565
mu.rR           0.89460987 0.049166714 0.7786212364 0.901796125 0.97051570 1.00  2758
sigma.M         1.53595757 0.152763207 1.2583542626 1.526446511 1.85084772 1.01  1119
sigma.Pi        0.11340933 0.089651652 0.0098980752 0.089354909 0.34569829 1.29    86
sigma.Po        0.16033724 0.135102611 0.0204923606 0.115138666 0.47757631 1.05    60
sigma.R         1.26854315 0.282921826 0.7326389249 1.251678186 1.84891947 1.04   197
sigma.phi       1.07949715 0.156521544 0.7993237707 1.066317112 1.42220602 1.00   494
sigma.rO        0.08179140 0.068437341 0.0112408321 0.064181458 0.24193033 1.08    90
sigma.rR        0.10923329 0.094380467 0.0127375187 0.080578437 0.37369109 1.01    63
