Information and diagnostics 
=========================== 
Total iter:                       10000 
Thin:                             1 
Num chains:                       3 
Max Rhat:                         1.02 
Min n.eff:                        0 


Model summary 
============= 
                       mean         sd          2.5%         50%       97.5% Rhat n.eff
betaVR.R[1]      0.37880009 0.95004995 -1.4878124842  0.36409874  2.22942912 1.01   274
betaVR.R[2]      0.18210328 0.75837523 -1.3402477308  0.18825961  1.62486684 1.01  1690
betaVR.R[3]      0.36304596 0.78174756 -1.1628963469  0.35587831  1.91574721 1.00  2722
betaVR.R[4]      0.19415853 0.58121117 -0.8913709231  0.17719621  1.34490893 1.00   841
betaVR.R[5]     -0.61514163 0.62215812 -1.8249290670 -0.61005595  0.57165794 1.00  2070
betaVR.R[6]     -0.45008340 0.68857750 -1.8089992499 -0.44722923  0.89491048 1.00  2617
betaVR.phi[1]    1.01288409 0.21496194  0.6032795423  1.00918279  1.44208263 1.02  1861
betaVR.phi[2]   -0.17607756 0.29533403 -0.7624368787 -0.17724078  0.39681253 1.00  2244
betaVR.phi[3]   -0.51890600 0.31548239 -1.1731318527 -0.50814861  0.07214497 1.00  2618
betaVR.phi[4]    0.11901918 0.20132725 -0.2715911694  0.11387556  0.53193878 1.01  1556
betaVR.phi[5]   -0.01351884 0.29842840 -0.5985472303 -0.01300727  0.56727147 1.00  3599
betaVR.phi[6]   -0.04008279 0.35995452 -0.7575516793 -0.03356872  0.65364473 1.00  2789
betaX.R         -1.02816202 0.33950719 -1.7165302825 -1.02506583 -0.37387689 1.01  1045
betaX.phi        0.22722419 0.08029054  0.0718787490  0.22642051  0.38512524 1.00  3971
mean.R[1, 1]     0.70306900 0.26278902  0.1073136171  0.77971710  0.99708063 1.00  2111
mean.R[2, 1]     0.67766626 0.26576969  0.0959828808  0.74397146  0.99521779 1.00  2564
mean.R[3, 1]     0.62566785 0.28629288  0.0692760101  0.67472740  0.99499668 1.00  2487
mean.R[4, 1]     0.52601371 0.29450115  0.0429605742  0.52430638  0.98935166 1.00  2028
mean.R[5, 1]     0.49783041 0.28422831  0.0379774473  0.48595358  0.97962471 1.00  2981
mean.R[6, 1]     0.24409294 0.25631867  0.0047276618  0.14126451  0.91624807 1.00  2335
mean.R[1, 2]     0.52586673 0.17692670  0.1916458007  0.52968721  0.85200146 1.00  2931
mean.R[2, 2]     0.48296016 0.20578569  0.1176975793  0.48300969  0.85910915 1.00  2186
mean.R[3, 2]     0.41637831 0.20941858  0.0771242415  0.39842044  0.83226424 1.00  2243
mean.R[4, 2]     0.29822420 0.18382620  0.0447269653  0.26319085  0.72251459 1.00  1729
mean.R[5, 2]     0.27915448 0.16972843  0.0406090844  0.24894270  0.66910360 1.00  2514
mean.R[6, 2]     0.07843081 0.07161150  0.0059532526  0.05679190  0.27305255 1.00  2396
mean.R[1, 3]     0.53940067 0.22493337  0.1055191684  0.54919219  0.91703235 1.00  1233
mean.R[2, 3]     0.49690494 0.22858635  0.0839123102  0.49616491  0.90560948 1.00  1423
mean.R[3, 3]     0.43592518 0.23350788  0.0569768501  0.42133602  0.87659029 1.00  1571
mean.R[4, 3]     0.32077882 0.21429550  0.0306031019  0.27791234  0.79941796 1.00  1352
mean.R[5, 3]     0.29694394 0.19805697  0.0267554838  0.26008125  0.75069623 1.00  1671
mean.R[6, 3]     0.08882068 0.08814224  0.0042503699  0.06073989  0.33449811 1.00  2239
mean.R[1, 4]     0.56285594 0.22466351  0.1278242470  0.58046583  0.92617110 1.00   883
mean.R[2, 4]     0.50280802 0.19777687  0.1338653835  0.50549376  0.86023157 1.00  2400
mean.R[3, 4]     0.45313710 0.20881668  0.0979747309  0.44313571  0.85290784 1.00  2173
mean.R[4, 4]     0.32184104 0.20584685  0.0401380808  0.28089943  0.78614533 1.00  1305
mean.R[5, 4]     0.23349003 0.16368094  0.0275042854  0.19496569  0.63950814 1.00  2048
mean.R[6, 4]     0.06644995 0.06455661  0.0045571534  0.04578353  0.24271536 1.00  2279
mean.R[1, 5]     0.67567169 0.30406232  0.0454288375  0.78317770  0.99750571 1.01   308
mean.R[2, 5]     0.71978281 0.26531853  0.1027145727  0.81275114  0.99553412 1.01  1565
mean.R[3, 5]     0.62421938 0.28246469  0.0709458115  0.67611969  0.99084491 1.00  2232
mean.R[4, 5]     0.61149249 0.18848832  0.2302004892  0.62655784  0.92446628 1.00  3252
mean.R[5, 5]     0.82700543 0.17176584  0.3494292773  0.88649676  0.99326688 1.01  2348
mean.R[6, 5]     0.50251298 0.27521759  0.0444752177  0.50098699  0.96159886 1.00  3356
mean.R[1, 6]     0.62531796 0.29716850  0.0515989835  0.69372142  0.99222613 1.01   374
mean.R[2, 6]     0.66003464 0.25877647  0.1184982932  0.71751089  0.98780870 1.01  1894
mean.R[3, 6]     0.55391439 0.28561134  0.0541783106  0.57603096  0.97767367 1.00  2264
mean.R[4, 6]     0.50470467 0.18915972  0.1528177543  0.50756106  0.85110680 1.00  3398
mean.R[5, 6]     0.74774277 0.18054406  0.3102453919  0.79176933  0.97397064 1.00  3275
mean.R[6, 6]     0.38390085 0.25551990  0.0259123680  0.34138919  0.89553623 1.00  3319
mean.R[1, 7]     0.39663602 0.34475584  0.0017768219  0.30622895  0.99232484 1.00   239
mean.R[2, 7]     0.41303048 0.33600874  0.0029561855  0.33983532  0.99095026 1.00   697
mean.R[3, 7]     0.33409939 0.31988367  0.0013542298  0.21805970  0.97804736 1.01   643
mean.R[4, 7]     0.28878106 0.28084903  0.0014228234  0.19294783  0.93691936 1.02   471
mean.R[5, 7]     0.48620834 0.32733933  0.0062944536  0.48178873  0.98916656 1.01   492
mean.R[6, 7]     0.23715132 0.27627053  0.0005172312  0.11088165  0.93483634 1.01   557
mean.R[1, 8]     0.76794915 0.18675203  0.3097757743  0.81879045  0.98690077 1.01  1513
mean.R[2, 8]     0.74424395 0.20313967  0.2555292306  0.79951057  0.98493419 1.00  1941
mean.R[3, 8]     0.68097827 0.22933354  0.1730392983  0.72777873  0.98026461 1.00  1971
mean.R[4, 8]     0.58659126 0.23272152  0.1301442825  0.60423153  0.95370056 1.00  2204
mean.R[5, 8]     0.61278561 0.23389618  0.1379004702  0.64279616  0.96201950 1.00  2247
mean.R[6, 8]     0.28770892 0.21093269  0.0272555223  0.23486315  0.79132847 1.00  2648
mean.R[1, 9]     0.55418082 0.19014102  0.1821566626  0.55834347  0.89190063 1.00  1345
mean.R[2, 9]     0.51459335 0.20684676  0.1295671237  0.51691703  0.88270577 1.00  1501
mean.R[3, 9]     0.44440407 0.21130419  0.0897150755  0.43376747  0.85251011 1.00  1638
mean.R[4, 9]     0.32044941 0.17612471  0.0615047665  0.28997620  0.72711359 1.00  1619
mean.R[5, 9]     0.31331138 0.16990934  0.0594661855  0.28791681  0.69591007 1.00  1957
mean.R[6, 9]     0.09834239 0.09711053  0.0068258360  0.06719516  0.36833955 1.00  1691
mean.R[1, 10]    0.45641386 0.25417007  0.0465984385  0.44513593  0.91980800 1.00  1003
mean.R[2, 10]    0.43890689 0.24318053  0.0418188685  0.42956116  0.89564065 1.00  1519
mean.R[3, 10]    0.36273905 0.23888928  0.0254119761  0.32746664  0.87238638 1.00  1625
mean.R[4, 10]    0.27160176 0.20516236  0.0168506138  0.22355915  0.77099469 1.00  1513
mean.R[5, 10]    0.31902679 0.20938737  0.0268617238  0.28319256  0.78585382 1.00  1669
mean.R[6, 10]    0.10514493 0.12585916  0.0031333448  0.05993621  0.48022321 1.01  1933
mean.R[1, 11]    0.90221207 0.12629082  0.5251160834  0.95114812  0.99821068 1.01   735
mean.R[2, 11]    0.87969109 0.13369447  0.5021071981  0.92998984  0.99671445 1.00  1827
mean.R[3, 11]    0.85976696 0.15438340  0.4216780655  0.91734689  0.99684296 1.00  1331
mean.R[4, 11]    0.76511140 0.22024868  0.2167583326  0.84381547  0.99295205 1.00   885
mean.R[5, 11]    0.65761945 0.22319604  0.1718570226  0.69924341  0.96776631 1.00  1796
mean.R[6, 11]    0.36725156 0.24681067  0.0333103807  0.31762580  0.89456401 1.00  2100
mean.R[1, 12]    0.66505847 0.26651497  0.0934049992  0.73391395  0.98903845 1.00   801
mean.R[2, 12]    0.62239801 0.23856580  0.1169863252  0.65882633  0.96382300 1.01  1673
mean.R[3, 12]    0.58023698 0.27857604  0.0624566519  0.61409966  0.97728348 1.01  1404
mean.R[4, 12]    0.45000845 0.28260439  0.0290565001  0.42424384  0.95561389 1.00   986
mean.R[5, 12]    0.31971369 0.25066786  0.0134662531  0.25503287  0.88355794 1.00  1189
mean.R[6, 12]    0.13024665 0.16343697  0.0025443753  0.06595565  0.62653887 1.00  1327
mean.R[1, 13]    0.89508428 0.13737507  0.4852092247  0.94976703  0.99910630 1.01   781
mean.R[2, 13]    0.87982328 0.13209361  0.5128289327  0.92780795  0.99852381 1.00  1250
mean.R[3, 13]    0.85132397 0.16470835  0.3916788136  0.91363296  0.99845006 1.01  1159
mean.R[4, 13]    0.76960961 0.21295334  0.2358661962  0.83968332  0.99673980 1.00   988
mean.R[5, 13]    0.67709130 0.23957986  0.1685522990  0.72211759  0.99135261 1.00  1366
mean.R[6, 13]    0.40572985 0.28488124  0.0272811930  0.34455324  0.96654988 1.00  1273
mean.R[1, 14]    0.58980758 0.26382278  0.0727184790  0.63120992  0.96891651 1.00   932
mean.R[2, 14]    0.53473363 0.25668016  0.0598614184  0.55396847  0.94717481 1.00  1595
mean.R[3, 14]    0.49276600 0.26449944  0.0470576027  0.48933782  0.94449380 1.00  1490
mean.R[4, 14]    0.35933274 0.23680190  0.0296367968  0.31759287  0.86981083 1.00  1585
mean.R[5, 14]    0.26987160 0.21499798  0.0129397942  0.21439097  0.78692806 1.00  1828
mean.R[6, 14]    0.08576763 0.09654726  0.0024370083  0.05256983  0.36064970 1.00  2443
mean.R[1, 15]    0.51974980 0.25264943  0.0680412789  0.52878835  0.94451270 1.00  1298
mean.R[2, 15]    0.47022010 0.25794025  0.0458323780  0.46071577  0.93207290 1.00  1417
mean.R[3, 15]    0.42284972 0.25981516  0.0317480747  0.39457125  0.92059441 1.01  1463
mean.R[4, 15]    0.30481542 0.22611605  0.0188868062  0.25379604  0.83042865 1.00  1363
mean.R[5, 15]    0.24890278 0.21004137  0.0109689625  0.18805406  0.77842018 1.01  1647
mean.R[6, 15]    0.08337717 0.11203127  0.0017328838  0.04234727  0.42367621 1.00  1914
mean.R[1, 16]    0.81098280 0.18455202  0.3265975467  0.87143969  0.99762845 1.01   916
mean.R[2, 16]    0.78558408 0.19312003  0.3021768024  0.84481489  0.99619655 1.01   949
mean.R[3, 16]    0.73739369 0.22952590  0.1954528368  0.80290351  0.99606634 1.01   924
mean.R[4, 16]    0.63543327 0.26447807  0.1120508668  0.67794160  0.99243441 1.00   886
mean.R[5, 16]    0.58915600 0.25792398  0.1119934436  0.60143945  0.98607817 1.01  1060
mean.R[6, 16]    0.31099617 0.26528790  0.0172959553  0.22379238  0.93999268 1.00   914
mean.R[1, 17]    0.52290313 0.32598530  0.0092321419  0.54221387  0.99240177 1.00   610
mean.R[2, 17]    0.48284997 0.31576277  0.0072432014  0.48479178  0.98338414 1.00   622
mean.R[3, 17]    0.44430823 0.31486905  0.0059398779  0.41074494  0.98443360 1.00   655
mean.R[4, 17]    0.33979253 0.29428648  0.0028866512  0.25520814  0.96282516 1.00   642
mean.R[5, 17]    0.26568316 0.27103609  0.0013594705  0.16360336  0.92700394 1.00   697
mean.R[6, 17]    0.11345528 0.18212028  0.0002611839  0.03725416  0.72433352 1.01   729
mean.p[1]        0.89794376 0.13932661  0.4599922009  0.94783768  0.99684284 1.00  4209
mean.p[2]        0.96715627 0.03078271  0.8845453313  0.97595098  0.99834964 1.00  5999
mean.p[3]        0.97674740 0.02031967  0.9230333437  0.98209540  0.99877025 1.00  5779
mean.p[4]        0.98285301 0.01423739  0.9455699003  0.98656908  0.99890293 1.00  4727
mean.p[5]        0.97127295 0.01925424  0.9229381098  0.97564120  0.99578893 1.00  6713
mean.p[6]        0.98384983 0.01329136  0.9487734548  0.98735888  0.99890159 1.00  4136
mean.p[7]        0.98137960 0.01561687  0.9417440860  0.98531991  0.99899302 1.00  4534
mean.p[8]        0.96655279 0.02287066  0.9081035718  0.97172990  0.99467526 1.00  6702
mean.p[9]        0.97865792 0.01823513  0.9316902293  0.98344650  0.99874328 1.00  5243
mean.p[10]       0.97059131 0.01975149  0.9213660054  0.97499357  0.99553997 1.00  6653
mean.p[11]       0.96085882 0.02209538  0.9068364291  0.96507882  0.99128639 1.00  6397
mean.p[12]       0.92979820 0.03194276  0.8537121144  0.93465079  0.97731370 1.00  6537
mean.p[13]       0.90157580 0.03432496  0.8251131031  0.90521155  0.95776125 1.00  7202
mean.p[14]       0.73184033 0.05581532  0.6162492655  0.73438852  0.83409803 1.00  6359
mean.p[15]       0.91709519 0.03402606  0.8384788432  0.92168682  0.96925086 1.00  7499
mean.p[16]       0.95610054 0.02172455  0.9042728786  0.95976303  0.98750526 1.00  7564
mean.p[17]       0.95275932 0.02344853  0.8982294943  0.95645039  0.98716052 1.00  6943
mean.p[18]       0.85840071 0.08159760  0.6904017812  0.86409812  0.98729815 1.00  1042
mean.phi[1, 1]   0.68649560 0.12617171  0.4168892800  0.69788941  0.89731636 1.00  6727
mean.phi[2, 1]   0.75033330 0.09977236  0.5251507621  0.76185267  0.91141120 1.00  6222
mean.phi[3, 1]   0.79444814 0.11325004  0.5172572367  0.81535897  0.95286612 1.00  5495
mean.phi[4, 1]   0.82925054 0.08599122  0.6188036125  0.84468422  0.95092319 1.00  5381
mean.phi[5, 1]   0.67587363 0.13147904  0.3731532811  0.69286568  0.88326110 1.00  5574
mean.phi[6, 1]   0.68087186 0.11781967  0.4342078788  0.68793930  0.88731624 1.00  5236
mean.phi[1, 2]   0.66456941 0.07056397  0.5195399486  0.66613805  0.79576986 1.00  6980
mean.phi[2, 2]   0.79439196 0.07724161  0.6227858571  0.80202196  0.92178177 1.00  5672
mean.phi[3, 2]   0.77314277 0.09293247  0.5515868189  0.78785136  0.91282471 1.00  5825
mean.phi[4, 2]   0.83021551 0.08343598  0.6238221758  0.84524922  0.94869114 1.00  6036
mean.phi[5, 2]   0.67804620 0.12582889  0.3878870802  0.69480350  0.87602333 1.00  5023
mean.phi[6, 2]   0.44903756 0.12730275  0.1954244957  0.45157463  0.68725724 1.00  3206
mean.phi[1, 3]   0.60032866 0.07693760  0.4460505205  0.60237993  0.74554729 1.00  7417
mean.phi[2, 3]   0.80781006 0.05906415  0.6799071321  0.81228809  0.90933676 1.00  5576
mean.phi[3, 3]   0.76958335 0.08361717  0.5809608524  0.77998652  0.90346144 1.00  6136
mean.phi[4, 3]   0.83233662 0.06441885  0.6801119012  0.84117078  0.93392633 1.00  6519
mean.phi[5, 3]   0.72474071 0.10718726  0.4807452909  0.73743446  0.89611218 1.00  5930
mean.phi[6, 3]   0.50229744 0.11834632  0.2636311248  0.50423181  0.72385674 1.00  6157
mean.phi[1, 4]   0.44034535 0.10823960  0.2290886719  0.44143725  0.64579979 1.00  1426
mean.phi[2, 4]   0.66510437 0.08420034  0.4875760090  0.67021765  0.81430586 1.00  7108
mean.phi[3, 4]   0.79984410 0.06499994  0.6556885234  0.80590268  0.90786702 1.00  7270
mean.phi[4, 4]   0.88305380 0.04866089  0.7709468249  0.88933403  0.95938306 1.01  4853
mean.phi[5, 4]   0.74358956 0.09966534  0.5200010103  0.75555774  0.90290817 1.00  6923
mean.phi[6, 4]   0.44901162 0.13145729  0.1921771332  0.45055390  0.69841942 1.00  2779
mean.phi[1, 5]   0.33141853 0.08335244  0.1832364440  0.32708247  0.50589767 1.00  3442
mean.phi[2, 5]   0.76775427 0.12949128  0.4516317155  0.79278270  0.94820225 1.00  3764
mean.phi[3, 5]   0.91519598 0.05537438  0.7744158988  0.92757731  0.98534235 1.00  4909
mean.phi[4, 5]   0.79582983 0.05555771  0.6772295057  0.79991390  0.89161801 1.00  9030
mean.phi[5, 5]   0.72084939 0.13500861  0.4123536829  0.74049548  0.92703875 1.00  4797
mean.phi[6, 5]   0.58226881 0.18322250  0.2122940777  0.59296966  0.89490617 1.00  3990
mean.phi[1, 6]   0.15092342 0.07175126  0.0411206505  0.14092905  0.31728790 1.00  3656
mean.phi[2, 6]   0.78109728 0.09048789  0.5756470598  0.79244790  0.92498184 1.00  5549
mean.phi[3, 6]   0.90275275 0.07241070  0.7100434598  0.92226518  0.98542478 1.00  3889
mean.phi[4, 6]   0.81191805 0.05123635  0.7003307709  0.81591340  0.89920151 1.00  7955
mean.phi[5, 6]   0.60343400 0.16190407  0.2609718341  0.61899502  0.87203005 1.00  2474
mean.phi[6, 6]   0.57764756 0.17459824  0.2262555527  0.58690309  0.87883632 1.00  4285
mean.phi[1, 7]   0.11294390 0.04576260  0.0402289726  0.10769602  0.21695317 1.00  2783
mean.phi[2, 7]   0.77675321 0.13684550  0.4403493241  0.80560920  0.95894554 1.00  3043
mean.phi[3, 7]   0.92536557 0.05300512  0.7886664749  0.93863927  0.98895990 1.00  3945
mean.phi[4, 7]   0.77565192 0.06150934  0.6420687601  0.78020868  0.88159853 1.00  7844
mean.phi[5, 7]   0.79398842 0.10669036  0.5417031840  0.81055014  0.95045502 1.00  5832
mean.phi[6, 7]   0.61228927 0.18479042  0.2303764877  0.62640305  0.91493906 1.00  3696
mean.phi[1, 8]   0.41685512 0.12713043  0.1725708140  0.41798119  0.65877995 1.00  3148
mean.phi[2, 8]   0.72654320 0.10932554  0.4706972092  0.74107540  0.90026275 1.00  5621
mean.phi[3, 8]   0.82509710 0.09130906  0.5968241977  0.84291685  0.95062910 1.00  5125
mean.phi[4, 8]   0.85713243 0.04599146  0.7555500108  0.86126354  0.93467774 1.00  6733
mean.phi[5, 8]   0.77862370 0.08255767  0.5919070530  0.78716874  0.91251929 1.00  6781
mean.phi[6, 8]   0.54009482 0.13865697  0.2619875429  0.54540741  0.79408705 1.00  5928
mean.phi[1, 9]   0.52436691 0.06798037  0.3900106358  0.52573705  0.65698664 1.00  7108
mean.phi[2, 9]   0.73727330 0.11251543  0.4736096753  0.75324099  0.91128745 1.00  5926
mean.phi[3, 9]   0.82155647 0.08748400  0.6069997304  0.83679987  0.94679184 1.00  6165
mean.phi[4, 9]   0.72549761 0.07654868  0.5558265252  0.73249537  0.85448384 1.00  3798
mean.phi[5, 9]   0.78296578 0.06990803  0.6316238904  0.78886514  0.90135415 1.00  7249
mean.phi[6, 9]   0.60746845 0.13035945  0.3387616687  0.61322754  0.84322833 1.00  6235
mean.phi[1, 10]  0.50523947 0.08610965  0.3380384285  0.50429444  0.67539147 1.00  7097
mean.phi[2, 10]  0.77247727 0.06743514  0.6252167405  0.77857607  0.88825708 1.00  7433
mean.phi[3, 10]  0.83851266 0.08984491  0.6098718747  0.85620742  0.95875895 1.00  4511
mean.phi[4, 10]  0.86240977 0.06278574  0.7129176696  0.87219358  0.95647605 1.00  4872
mean.phi[5, 10]  0.81750659 0.06417533  0.6767413034  0.82306196  0.92484823 1.00  5269
mean.phi[6, 10]  0.67029820 0.11849505  0.4242311622  0.67686509  0.88005181 1.00  4319
mean.phi[1, 11]  0.81258734 0.07577361  0.6401512289  0.82170722  0.93376996 1.00  5610
mean.phi[2, 11]  0.69916095 0.09160971  0.5038277176  0.70604667  0.85797280 1.00  7586
mean.phi[3, 11]  0.74238318 0.07645226  0.5764572428  0.74833674  0.87427065 1.00  8844
mean.phi[4, 11]  0.83903087 0.07507425  0.6605970363  0.85027515  0.95048275 1.00  5447
mean.phi[5, 11]  0.73734752 0.08356043  0.5559829331  0.74452801  0.88088297 1.00  8654
mean.phi[6, 11]  0.56667756 0.12112649  0.3192481683  0.56985731  0.79088170 1.00  7706
mean.phi[1, 12]  0.77407789 0.06087785  0.6429289883  0.77865894  0.87948685 1.00  7432
mean.phi[2, 12]  0.64515285 0.10661600  0.4150218133  0.65283874  0.82989422 1.00  5899
mean.phi[3, 12]  0.82209370 0.07670566  0.6496335615  0.83051827  0.94482248 1.00  4021
mean.phi[4, 12]  0.85561052 0.05794888  0.7250952838  0.86331361  0.94582398 1.00  6220
mean.phi[5, 12]  0.70727160 0.09983720  0.4908522476  0.71705999  0.87680273 1.00  7306
mean.phi[6, 12]  0.60508350 0.10660970  0.3859517948  0.60891163  0.80238486 1.00  8206
mean.phi[1, 13]  0.77732046 0.07869954  0.6049937426  0.78481690  0.90998976 1.00  6106
mean.phi[2, 13]  0.73822925 0.07128417  0.5829507788  0.74380602  0.86123097 1.00  8049
mean.phi[3, 13]  0.66344045 0.11926189  0.3957538472  0.67601465  0.85787740 1.00  4639
mean.phi[4, 13]  0.81618431 0.05962750  0.6822471201  0.82224477  0.91542974 1.00  7119
mean.phi[5, 13]  0.74559686 0.10077747  0.5199166672  0.75558382  0.90846883 1.00  6401
mean.phi[6, 13]  0.69914825 0.10127986  0.4846664678  0.70541233  0.87786903 1.00  4163
mean.phi[1, 14]  0.76723866 0.07967904  0.5939390251  0.77509927  0.90066016 1.00  6523
mean.phi[2, 14]  0.74982873 0.08721409  0.5545709245  0.75760173  0.89640794 1.00  6200
mean.phi[3, 14]  0.74494586 0.07667125  0.5776104015  0.75208571  0.87433118 1.00  7594
mean.phi[4, 14]  0.82769881 0.05854442  0.6967619343  0.83434464  0.92269544 1.00  6809
mean.phi[5, 14]  0.74573839 0.09997915  0.5174201558  0.75697120  0.90779561 1.00  6608
mean.phi[6, 14]  0.55126659 0.11252739  0.3274171472  0.55402923  0.76255456 1.00  7908
mean.phi[1, 15]  0.75813599 0.06284498  0.6277999701  0.76202361  0.87116914 1.00  6416
mean.phi[2, 15]  0.78351141 0.08067478  0.6051783295  0.79093104  0.91757045 1.00  5637
mean.phi[3, 15]  0.81369785 0.07366601  0.6457022932  0.82224998  0.93212122 1.00  6844
mean.phi[4, 15]  0.81935481 0.05417228  0.6992565326  0.82452199  0.90971808 1.00  7137
mean.phi[5, 15]  0.74521634 0.10700772  0.5031955503  0.75756815  0.91521619 1.00  6527
mean.phi[6, 15]  0.53379022 0.11465658  0.3042619190  0.53582532  0.75013390 1.00  6868
mean.phi[1, 16]  0.76183477 0.07684371  0.5990173548  0.76632214  0.89824990 1.00  4269
mean.phi[2, 16]  0.65408596 0.07685032  0.4962475905  0.65789192  0.79198634 1.00  7228
mean.phi[3, 16]  0.81499349 0.07467933  0.6450118936  0.82412033  0.93417458 1.00  6037
mean.phi[4, 16]  0.85697141 0.05022385  0.7412723264  0.86264407  0.93816014 1.00  6908
mean.phi[5, 16]  0.66409696 0.10202366  0.4430450251  0.67308840  0.83763311 1.00  5691
mean.phi[6, 16]  0.59572009 0.12356786  0.3465897133  0.60096763  0.82407671 1.00  6559
mean.phi[1, 17]  0.76573801 0.10503654  0.5373446859  0.77548417  0.93993296 1.00  4207
mean.phi[2, 17]  0.66890263 0.11029917  0.4393129423  0.67504365  0.86502002 1.00  3877
mean.phi[3, 17]  0.73821450 0.10519668  0.5102554332  0.74705072  0.91625551 1.00  3674
mean.phi[4, 17]  0.81782045 0.07752570  0.6469698609  0.82531647  0.94444484 1.00  2146
mean.phi[5, 17]  0.69180964 0.11304943  0.4501754740  0.70102860  0.88722590 1.00  4515
mean.phi[6, 17]  0.57647096 0.14422896  0.2767525579  0.58352256  0.83512688 1.00  6134
mu.R[1]          0.45625789 0.12701674  0.2204041042  0.45468836  0.70851159 1.00   780
mu.R[2]          0.41728879 0.13194168  0.1750352556  0.41341423  0.67787135 1.00  1509
mu.R[3]          0.34116099 0.13167270  0.1146592283  0.33045598  0.61701070 1.00  2322
mu.R[4]          0.22903884 0.10437294  0.0684119480  0.21536476  0.46430767 1.00  1032
mu.R[5]          0.23311964 0.10295703  0.0708069284  0.22226487  0.45916045 1.00   949
mu.R[6]          0.05838802 0.04274965  0.0081144783  0.04767358  0.16885632 1.00  1077
mu.p             0.94269685 0.02194868  0.8849054344  0.94728765  0.97173378 1.01   425
mu.phi[1]        0.55132986 0.04307777  0.4641576257  0.55213040  0.63411104 1.00  1935
mu.phi[2]        0.75286526 0.04060318  0.6667371070  0.75474961  0.82690647 1.00  2271
mu.phi[3]        0.82953271 0.03787572  0.7475980724  0.83213425  0.89511501 1.00  2704
mu.phi[4]        0.83415822 0.02799101  0.7754325587  0.83574102  0.88465715 1.00  2036
mu.phi[5]        0.73894846 0.04487671  0.6470427510  0.74097566  0.82217434 1.00  3605
mu.phi[6]        0.58289132 0.05748867  0.4695927502  0.58426378  0.69483726 1.00  3747
sigma.R          1.93332564 0.71358516  0.7000701798  1.85619347  3.53193400 1.01   354
sigma.p          1.34675630 0.44301801  0.7043734371  1.26609926  2.43104219 1.00   827
sigma.phi        0.56621849 0.12493054  0.3401327544  0.55890539  0.83254088 1.01   365
vegr[1]          0.36084236 0.69862016 -1.0292830128  0.36920484  1.71502783 1.00  2700
vegr[2]          0.15900000 0.00000000  0.1590000000  0.15900000  0.15900000  NaN     0
vegr[3]          0.19500000 0.00000000  0.1950000000  0.19500000  0.19500000  NaN     0
vegr[4]          0.66200000 0.00000000  0.6620000000  0.66200000  0.66200000  NaN     0
vegr[5]         -1.87200000 0.00000000 -1.8720000000 -1.87200000 -1.87200000  NaN     0
vegr[6]         -1.61200000 0.00000000 -1.6120000000 -1.61200000 -1.61200000  NaN     0
vegr[7]         -1.79500000 0.00000000 -1.7950000000 -1.79500000 -1.79500000  NaN     0
vegr[8]         -0.14500000 0.00000000 -0.1450000000 -0.14500000 -0.14500000  NaN     0
vegr[9]          0.08100000 0.00000000  0.0810000000  0.08100000  0.08100000  NaN     0
vegr[10]        -0.36000000 0.00000000 -0.3600000000 -0.36000000 -0.36000000  NaN     0
vegr[11]         1.08500000 0.00000000  1.0850000000  1.08500000  1.08500000  NaN     0
vegr[12]         1.02700000 0.00000000  1.0270000000  1.02700000  1.02700000  NaN     0
vegr[13]         0.86700000 0.00000000  0.8670000000  0.86700000  0.86700000  NaN     0
vegr[14]         0.76500000 0.00000000  0.7650000000  0.76500000  0.76500000  NaN     0
vegr[15]         0.51600000 0.00000000  0.5160000000  0.51600000  0.51600000  NaN     0
vegr[16]         0.42700000 0.00000000  0.4270000000  0.42700000  0.42700000  NaN     0
vegr[17]         0.81742827 0.63845022 -0.4277498613  0.81930410  2.09679562 1.00  2120
