Information and diagnostics 
=========================== 
Total iter:                       10000 
Thin:                             1 
Num chains:                       3 
Max Rhat:                         1.67 
Min n.eff:                        82 


Model summary 
============= 
                     mean          sd         2.5%        50%     97.5% Rhat n.eff
mean.R[1, 1]    0.3785755 0.122821991 0.1612332086 0.37381032 0.6321488 1.01  6675
mean.R[2, 1]    0.2556697 0.111921261 0.0760185496 0.24313409 0.5050160 1.00  5744
mean.R[3, 1]    0.3270492 0.093255791 0.1631861461 0.32075659 0.5226195 1.01  5983
mean.R[4, 1]    0.2885711 0.077506910 0.1545003576 0.28288234 0.4556856 1.02  6084
mean.R[5, 1]    0.1389206 0.046388108 0.0656630682 0.13405208 0.2418377 1.03  5066
mean.R[1, 2]    0.3696240 0.120868461 0.1513843621 0.36607683 0.6157146 1.00  6481
mean.R[2, 2]    0.2482939 0.108470727 0.0726165094 0.23680390 0.4855734 1.00  6118
mean.R[3, 2]    0.3185659 0.091017516 0.1522457492 0.31457747 0.5058906 1.01  6094
mean.R[4, 2]    0.2804262 0.074634665 0.1429452378 0.27679634 0.4368699 1.01  5807
mean.R[5, 2]    0.1339605 0.043050607 0.0608451222 0.13078311 0.2273281 1.01  5362
mean.R[1, 3]    0.3717853 0.120481731 0.1552522177 0.36842216 0.6202825 1.00  6915
mean.R[2, 3]    0.2500560 0.108856685 0.0738414309 0.23846950 0.4891698 1.00  6135
mean.R[3, 3]    0.3205674 0.090692242 0.1583764690 0.31631425 0.5085905 1.01  6432
mean.R[4, 3]    0.2823150 0.073914850 0.1475502010 0.27886772 0.4381907 1.01  6503
mean.R[5, 3]    0.1351462 0.043152168 0.0617246195 0.13162944 0.2296306 1.00  5580
mean.R[1, 4]    0.3685769 0.120030208 0.1537590712 0.36491142 0.6159247 1.00  6885
mean.R[2, 4]    0.2473773 0.107845247 0.0732558783 0.23571367 0.4817859 1.00  5921
mean.R[3, 4]    0.3175857 0.090620797 0.1530684142 0.31303708 0.5044373 1.01  5733
mean.R[4, 4]    0.2796701 0.074558197 0.1428508907 0.27631326 0.4348386 1.01  5772
mean.R[5, 4]    0.1334544 0.042475255 0.0601918239 0.13034705 0.2258748 1.01  4993
mean.R[1, 5]    0.3821558 0.122710654 0.1612873069 0.37736746 0.6342105 1.01  6241
mean.R[2, 5]    0.2586184 0.112980015 0.0776244892 0.24577533 0.5085379 1.00  5576
mean.R[3, 5]    0.3302668 0.092437684 0.1677020596 0.32332416 0.5235917 1.01  5582
mean.R[4, 5]    0.2917794 0.078476713 0.1570339388 0.28618761 0.4589369 1.02  4882
mean.R[5, 5]    0.1408941 0.047306885 0.0667132991 0.13584810 0.2479036 1.02  3720
mean.R[1, 6]    0.3635963 0.120422417 0.1452710011 0.35905299 0.6104549 1.00  6320
mean.R[2, 6]    0.2433403 0.106990714 0.0705503391 0.23186925 0.4782624 1.00  5936
mean.R[3, 6]    0.3128105 0.090463458 0.1464199317 0.30938129 0.4989393 1.02  5285
mean.R[4, 6]    0.2748700 0.072841570 0.1397008761 0.27255385 0.4254784 1.02  5294
mean.R[5, 6]    0.1308276 0.041848500 0.0585468577 0.12769896 0.2214654 1.01  4855
mean.R[1, 7]    0.3728115 0.121620662 0.1537251379 0.36939279 0.6218026 1.00  6786
mean.R[2, 7]    0.2506359 0.108868071 0.0737300027 0.23837335 0.4891446 1.00  6110
mean.R[3, 7]    0.3214094 0.091439979 0.1559541729 0.31630877 0.5130625 1.01  5999
mean.R[4, 7]    0.2832893 0.075330728 0.1457377308 0.27922399 0.4424056 1.01  5742
mean.R[5, 7]    0.1356946 0.043873115 0.0618238802 0.13180002 0.2320224 1.00  5016
mean.R[1, 8]    0.3823925 0.122064101 0.1620235219 0.37807947 0.6333060 1.00  6867
mean.R[2, 8]    0.2585411 0.111403587 0.0777860011 0.24697261 0.5040769 1.00  5911
mean.R[3, 8]    0.3304130 0.090888297 0.1692210934 0.32486709 0.5204416 1.00  6410
mean.R[4, 8]    0.2916619 0.074781677 0.1608326732 0.28666947 0.4499751 1.01  6150
mean.R[5, 8]    0.1407225 0.045134382 0.0669833462 0.13600109 0.2433094 1.01  5331
mean.R[1, 9]    0.3782251 0.121224121 0.1598731560 0.37360382 0.6272479 1.00  6886
mean.R[2, 9]    0.2551899 0.110319541 0.0764084595 0.24323642 0.4968253 1.00  6135
mean.R[3, 9]    0.3264775 0.090515970 0.1655427498 0.32062461 0.5162848 1.00  6385
mean.R[4, 9]    0.2877701 0.073011755 0.1572683700 0.28369287 0.4412729 1.00  6740
mean.R[5, 9]    0.1384065 0.043735661 0.0658573424 0.13442934 0.2352121 1.00  5460
mean.R[1, 10]   0.3815948 0.122681180 0.1614147263 0.37665192 0.6335795 1.01  6765
mean.R[2, 10]   0.2579751 0.111672681 0.0776825546 0.24524570 0.5046546 1.00  5955
mean.R[3, 10]   0.3298175 0.092571574 0.1676338854 0.32359586 0.5256500 1.01  6209
mean.R[4, 10]   0.2910402 0.075553979 0.1581628257 0.28608675 0.4529965 1.01  5977
mean.R[5, 10]   0.1405881 0.046643986 0.0659889535 0.13582887 0.2460358 1.02  4304
mean.R[1, 11]   0.3738419 0.120256892 0.1572737028 0.37023448 0.6186941 1.00  6975
mean.R[2, 11]   0.2514860 0.108617479 0.0752837195 0.24045020 0.4893942 1.00  6676
mean.R[3, 11]   0.3225108 0.090991145 0.1598907508 0.31823162 0.5115520 1.01  6418
mean.R[4, 11]   0.2842109 0.075071078 0.1508125963 0.27940067 0.4434396 1.01  6103
mean.R[5, 11]   0.1362683 0.043969943 0.0633299321 0.13208451 0.2334454 1.00  5551
mean.R[1, 12]   0.3666144 0.121179827 0.1475023057 0.36352549 0.6119699 1.00  6726
mean.R[2, 12]   0.2458439 0.108182405 0.0702301321 0.23334096 0.4815073 1.00  5710
mean.R[3, 12]   0.3155186 0.090687094 0.1489596867 0.31238034 0.5024107 1.01  5515
mean.R[4, 12]   0.2777114 0.074557025 0.1407793415 0.27438574 0.4333391 1.01  5378
mean.R[5, 12]   0.1323402 0.042355749 0.0594401504 0.12923332 0.2238395 1.01  4866
mean.R[1, 13]   0.3915357 0.127130861 0.1653753887 0.38498343 0.6595147 1.02  3853
mean.R[2, 13]   0.2666995 0.118002846 0.0800165215 0.25278124 0.5339820 1.02  4056
mean.R[3, 13]   0.3397039 0.099544329 0.1723254118 0.33129358 0.5572522 1.03  3562
mean.R[4, 13]   0.3007657 0.085161418 0.1619156774 0.29212010 0.4927634 1.07  2811
mean.R[5, 13]   0.1468568 0.054633289 0.0684766457 0.13950567 0.2715037 1.10  2557
mean.R[1, 14]   0.3735291 0.120284002 0.1573728548 0.36903329 0.6229282 1.00  6956
mean.R[2, 14]   0.2513204 0.108656628 0.0744302193 0.23943355 0.4885210 1.00  6448
mean.R[3, 14]   0.3222951 0.091408471 0.1590356999 0.31752545 0.5130194 1.01  6549
mean.R[4, 14]   0.2839365 0.074519205 0.1503802761 0.27939358 0.4410323 1.01  6458
mean.R[5, 14]   0.1358778 0.042742162 0.0636954993 0.13209331 0.2288687 1.00  5813
mean.R[1, 15]   0.3746525 0.120790622 0.1580525115 0.37092013 0.6236584 1.00  6893
mean.R[2, 15]   0.2521208 0.109168577 0.0754670953 0.24036009 0.4898270 1.00  6240
mean.R[3, 15]   0.3232103 0.091290139 0.1612973244 0.31796398 0.5150618 1.01  6349
mean.R[4, 15]   0.2849506 0.075214510 0.1508420120 0.27982828 0.4444627 1.01  5750
mean.R[5, 15]   0.1366881 0.044014909 0.0633413509 0.13266865 0.2345857 1.01  5391
mean.R[1, 16]   0.3753571 0.121929355 0.1558377167 0.37157675 0.6246982 1.00  6814
mean.R[2, 16]   0.2527955 0.110486252 0.0753089756 0.24074597 0.4968674 1.00  5870
mean.R[3, 16]   0.3239670 0.093155670 0.1586942646 0.31796865 0.5209946 1.01  5996
mean.R[4, 16]   0.2853530 0.075301102 0.1512358715 0.28138307 0.4443068 1.01  6133
mean.R[5, 16]   0.1371667 0.045118533 0.0631924172 0.13266394 0.2397479 1.01  5155
mean.R[1, 17]   0.3757566 0.121639237 0.1577212175 0.37115450 0.6254953 1.00  6805
mean.R[2, 17]   0.2532089 0.110195537 0.0749714797 0.24095538 0.4938084 1.00  6064
mean.R[3, 17]   0.3242853 0.092011592 0.1613703019 0.31845708 0.5187814 1.00  6390
mean.R[4, 17]   0.2860115 0.076406581 0.1510808820 0.28099691 0.4494371 1.01  6050
mean.R[5, 17]   0.1374314 0.045404063 0.0645371025 0.13282405 0.2396772 1.01  4688
mean.p[1]       0.7035802 0.010612412 0.6825894052 0.70351837 0.7242376 1.00  6918
mean.p[2]       0.7035802 0.010612412 0.6825894052 0.70351837 0.7242376 1.00  6918
mean.p[3]       0.7035802 0.010612412 0.6825894052 0.70351837 0.7242376 1.00  6918
mean.p[4]       0.7035802 0.010612412 0.6825894052 0.70351837 0.7242376 1.00  6918
mean.p[5]       0.7035802 0.010612412 0.6825894052 0.70351837 0.7242376 1.00  6918
mean.p[6]       0.7035802 0.010612412 0.6825894052 0.70351837 0.7242376 1.00  6918
mean.p[7]       0.7035802 0.010612412 0.6825894052 0.70351837 0.7242376 1.00  6918
mean.p[8]       0.7035802 0.010612412 0.6825894052 0.70351837 0.7242376 1.00  6918
mean.p[9]       0.7035802 0.010612412 0.6825894052 0.70351837 0.7242376 1.00  6918
mean.p[10]      0.7035802 0.010612412 0.6825894052 0.70351837 0.7242376 1.00  6918
mean.p[11]      0.7035802 0.010612412 0.6825894052 0.70351837 0.7242376 1.00  6918
mean.p[12]      0.7035802 0.010612412 0.6825894052 0.70351837 0.7242376 1.00  6918
mean.p[13]      0.7035802 0.010612412 0.6825894052 0.70351837 0.7242376 1.00  6918
mean.p[14]      0.7035802 0.010612412 0.6825894052 0.70351837 0.7242376 1.00  6918
mean.p[15]      0.7035802 0.010612412 0.6825894052 0.70351837 0.7242376 1.00  6918
mean.p[16]      0.7035802 0.010612412 0.6825894052 0.70351837 0.7242376 1.00  6918
mean.p[17]      0.7035802 0.010612412 0.6825894052 0.70351837 0.7242376 1.00  6918
mean.p[18]      0.7035802 0.010612412 0.6825894052 0.70351837 0.7242376 1.00  6918
mean.phi[1, 1]  0.9602924 0.041910083 0.8486491300 0.97323034 0.9966143 1.00  6458
mean.phi[2, 1]  0.9633522 0.037056287 0.8621338654 0.97444015 0.9966877 1.00  6700
mean.phi[3, 1]  0.9679125 0.033873710 0.8761519553 0.97848138 0.9969957 1.00  5832
mean.phi[4, 1]  0.9369195 0.053766762 0.7923042411 0.95237411 0.9927444 1.00  6280
mean.phi[5, 1]  0.8780044 0.066289343 0.7186690924 0.89009023 0.9707116 1.00  7071
mean.phi[1, 2]  0.9655945 0.033068199 0.8746025868 0.97571786 0.9967780 1.00  6999
mean.phi[2, 2]  0.9641860 0.034889443 0.8705880264 0.97477363 0.9966800 1.00  6336
mean.phi[3, 2]  0.9752336 0.022323906 0.9149793186 0.98181114 0.9972963 1.00  6187
mean.phi[4, 2]  0.9421895 0.046373316 0.8175621825 0.95523831 0.9930540 1.00  6200
mean.phi[5, 2]  0.6668681 0.105542358 0.4429764902 0.67495315 0.8517410 1.00  7173
mean.phi[1, 3]  0.9563671 0.032460158 0.8719638330 0.96491721 0.9935269 1.00  7525
mean.phi[2, 3]  0.9653818 0.033544576 0.8709183279 0.97548733 0.9967713 1.00  6598
mean.phi[3, 3]  0.9798027 0.017394755 0.9333441844 0.98466516 0.9975648 1.00  6880
mean.phi[4, 3]  0.8568103 0.084626584 0.6484052957 0.87346903 0.9692516 1.00  5874
mean.phi[5, 3]  0.7504121 0.094562211 0.5393372944 0.76012036 0.9031752 1.00  6823
mean.phi[1, 4]  0.9457201 0.043299984 0.8286812263 0.95778338 0.9928219 1.00  7620
mean.phi[2, 4]  0.9587329 0.030232233 0.8806865886 0.96648204 0.9936745 1.00  7551
mean.phi[3, 4]  0.9382165 0.034516161 0.8540335467 0.94511924 0.9849219 1.00  7362
mean.phi[4, 4]  0.9522850 0.036751015 0.8547406772 0.96204901 0.9936736 1.00  5523
mean.phi[5, 4]  0.7367832 0.100288038 0.5127958049 0.74924041 0.8982081 1.00  7147
mean.phi[1, 5]  0.9629450 0.038444099 0.8597957448 0.97506491 0.9965254 1.00  6274
mean.phi[2, 5]  0.9683046 0.029349599 0.8887566888 0.97708291 0.9967275 1.00  7305
mean.phi[3, 5]  0.9551998 0.023302934 0.8985723883 0.95946667 0.9877263 1.00  7512
mean.phi[4, 5]  0.9563886 0.032482872 0.8721107928 0.96441275 0.9938056 1.00  6398
mean.phi[5, 5]  0.8058271 0.083619050 0.6125337039 0.81807745 0.9348852 1.00  6618
mean.phi[1, 6]  0.9669769 0.031346047 0.8819502318 0.97644102 0.9967016 1.00  7256
mean.phi[2, 6]  0.9620377 0.039059408 0.8522132268 0.97424138 0.9967137 1.00  6434
mean.phi[3, 6]  0.9861317 0.010477976 0.9586318054 0.98874907 0.9980436 1.00  6723
mean.phi[4, 6]  0.7320911 0.089670486 0.5372787526 0.74020163 0.8815802 1.00  5505
mean.phi[5, 6]  0.4469715 0.112423252 0.2332126879 0.44538100 0.6658460 1.00  5423
mean.phi[1, 7]  0.9563460 0.047952787 0.8228316329 0.97134882 0.9965789 1.01  6343
mean.phi[2, 7]  0.9398185 0.049719250 0.8075270913 0.95443339 0.9922402 1.00  6969
mean.phi[3, 7]  0.9696951 0.017701460 0.9267058521 0.97347731 0.9927620 1.00  7539
mean.phi[4, 7]  0.9606594 0.029070402 0.8867723505 0.96808285 0.9943299 1.00  5664
mean.phi[5, 7]  0.8199893 0.101892540 0.5698006765 0.83990289 0.9613665 1.00  6574
mean.phi[1, 8]  0.9656748 0.033051954 0.8752975228 0.97554821 0.9967769 1.00  6787
mean.phi[2, 8]  0.9570645 0.047144606 0.8280866990 0.97183818 0.9964972 1.00  6753
mean.phi[3, 8]  0.9421453 0.028144408 0.8755007048 0.94697249 0.9821897 1.00  7217
mean.phi[4, 8]  0.8315990 0.058085548 0.7019497833 0.83765971 0.9284181 1.00  7412
mean.phi[5, 8]  0.5591418 0.128903007 0.3009634704 0.56391865 0.7930747 1.00  5324
mean.phi[1, 9]  0.9591828 0.043067335 0.8402305208 0.97269530 0.9966056 1.00  6427
mean.phi[2, 9]  0.9652810 0.033635701 0.8735937797 0.97536506 0.9966386 1.01  6144
mean.phi[3, 9]  0.9309914 0.039018953 0.8331870759 0.93923425 0.9836149 1.00  6821
mean.phi[4, 9]  0.8735286 0.043111130 0.7772668924 0.87808751 0.9441976 1.00  7588
mean.phi[5, 9]  0.5768818 0.116930365 0.3418307594 0.58051816 0.7900445 1.00  6375
mean.phi[1, 10] 0.9776515 0.018353977 0.9286490247 0.98281388 0.9973185 1.00  6353
mean.phi[2, 10] 0.9577526 0.045636147 0.8313788911 0.97263941 0.9964526 1.00  6192
mean.phi[3, 10] 0.9630996 0.027650565 0.8906527922 0.97062198 0.9945397 1.00  6914
mean.phi[4, 10] 0.9040874 0.037872940 0.8175926465 0.90913715 0.9634136 1.00  7828
mean.phi[5, 10] 0.9186644 0.051974198 0.7865031681 0.92990256 0.9860776 1.00  5958
mean.phi[1, 11] 0.9089368 0.063356059 0.7433151959 0.92429794 0.9850238 1.00  6570
mean.phi[2, 11] 0.9644642 0.024859177 0.8997214286 0.97046413 0.9941609 1.00  7950
mean.phi[3, 11] 0.9776031 0.019933981 0.9245002373 0.98346405 0.9974922 1.00  5997
mean.phi[4, 11] 0.9697212 0.020645056 0.9163796730 0.97458328 0.9952154 1.00  5399
mean.phi[5, 11] 0.9168296 0.044462059 0.8087888449 0.92495940 0.9794970 1.00  6520
mean.phi[1, 12] 0.9726078 0.024158279 0.9069124812 0.97964417 0.9970391 1.00  7136
mean.phi[2, 12] 0.9670114 0.031183950 0.8838614810 0.97668584 0.9970283 1.00  6813
mean.phi[3, 12] 0.9729999 0.018811551 0.9246749539 0.97767839 0.9953780 1.00  7156
mean.phi[4, 12] 0.9394753 0.037941923 0.8449339858 0.94792417 0.9883160 1.00  6424
mean.phi[5, 12] 0.8597094 0.047219102 0.7533580310 0.86461865 0.9364700 1.00  7380
mean.phi[1, 13] 0.9542383 0.034478638 0.8632924184 0.96301162 0.9932387 1.00  7627
mean.phi[2, 13] 0.9721023 0.024121418 0.9066634405 0.97895572 0.9969978 1.00  7245
mean.phi[3, 13] 0.9837916 0.012598270 0.9503757621 0.98702174 0.9977880 1.00  5716
mean.phi[4, 13] 0.9502885 0.039230542 0.8493142795 0.96046541 0.9940030 1.00  6404
mean.phi[5, 13] 0.9170998 0.034543391 0.8385144559 0.92150418 0.9709994 1.00  7024
mean.phi[1, 14] 0.9499467 0.039132461 0.8463810498 0.96047936 0.9929863 1.00  6980
mean.phi[2, 14] 0.9526351 0.036288441 0.8574473285 0.96204887 0.9932903 1.00  7422
mean.phi[3, 14] 0.9852277 0.011267552 0.9559007891 0.98820182 0.9979596 1.00  7025
mean.phi[4, 14] 0.9289346 0.046514163 0.8098364860 0.93943146 0.9867441 1.00  6649
mean.phi[5, 14] 0.8211570 0.049837488 0.7138505641 0.82585481 0.9069690 1.00  7854
mean.phi[1, 15] 0.9736400 0.022814765 0.9115769442 0.98025655 0.9969101 1.00  7218
mean.phi[2, 15] 0.9565061 0.032698803 0.8699729621 0.96496346 0.9936623 1.00  7353
mean.phi[3, 15] 0.9792382 0.013521347 0.9449465666 0.98235316 0.9960490 1.00  7411
mean.phi[4, 15] 0.9470422 0.041353207 0.8398071755 0.95801768 0.9933873 1.00  5635
mean.phi[5, 15] 0.9296338 0.032394248 0.8544270502 0.93400086 0.9787311 1.00  6734
mean.phi[1, 16] 0.9770498 0.018819376 0.9263921382 0.98213582 0.9974217 1.00  6994
mean.phi[2, 16] 0.9560898 0.032409589 0.8715470211 0.96445562 0.9933343 1.00  7226
mean.phi[3, 16] 0.9854675 0.011141704 0.9567840472 0.98837604 0.9980020 1.00  6198
mean.phi[4, 16] 0.9399184 0.031598682 0.8636179756 0.94551375 0.9842512 1.00  6872
mean.phi[5, 16] 0.9577050 0.024758027 0.8959258490 0.96222045 0.9913225 1.00  5301
mean.phi[1, 17] 0.9747150 0.021342349 0.9168886709 0.98088708 0.9971127 1.00  7078
mean.phi[2, 17] 0.9770131 0.019323437 0.9253751466 0.98244643 0.9973802 1.00  6499
mean.phi[3, 17] 0.9857720 0.010599283 0.9582074616 0.98841337 0.9980236 1.00  5705
mean.phi[4, 17] 0.9683992 0.021894215 0.9126822065 0.97356356 0.9951904 1.00  5191
mean.phi[5, 17] 0.9569401 0.025590316 0.8938651149 0.96211629 0.9910368 1.00  3835
mean.rO[1]      0.9581936 0.020664742 0.9095600524 0.96146535 0.9886506 1.00  4975
mean.rO[2]      0.9581936 0.020664742 0.9095600524 0.96146535 0.9886506 1.00  4975
mean.rO[3]      0.9581936 0.020664742 0.9095600524 0.96146535 0.9886506 1.00  4975
mean.rO[4]      0.9581936 0.020664742 0.9095600524 0.96146535 0.9886506 1.00  4975
mean.rO[5]      0.9581936 0.020664742 0.9095600524 0.96146535 0.9886506 1.00  4975
mean.rO[6]      0.9581936 0.020664742 0.9095600524 0.96146535 0.9886506 1.00  4975
mean.rO[7]      0.9581936 0.020664742 0.9095600524 0.96146535 0.9886506 1.00  4975
mean.rO[8]      0.9581936 0.020664742 0.9095600524 0.96146535 0.9886506 1.00  4975
mean.rO[9]      0.9581936 0.020664742 0.9095600524 0.96146535 0.9886506 1.00  4975
mean.rO[10]     0.9581936 0.020664742 0.9095600524 0.96146535 0.9886506 1.00  4975
mean.rO[11]     0.9581936 0.020664742 0.9095600524 0.96146535 0.9886506 1.00  4975
mean.rO[12]     0.9581936 0.020664742 0.9095600524 0.96146535 0.9886506 1.00  4975
mean.rO[13]     0.9581936 0.020664742 0.9095600524 0.96146535 0.9886506 1.00  4975
mean.rO[14]     0.9581936 0.020664742 0.9095600524 0.96146535 0.9886506 1.00  4975
mean.rO[15]     0.9581936 0.020664742 0.9095600524 0.96146535 0.9886506 1.00  4975
mean.rO[16]     0.9581936 0.020664742 0.9095600524 0.96146535 0.9886506 1.00  4975
mean.rO[17]     0.9581936 0.020664742 0.9095600524 0.96146535 0.9886506 1.00  4975
mean.rO[18]     0.9581936 0.020664742 0.9095600524 0.96146535 0.9886506 1.00  4975
mean.rR[1]      0.8938996 0.048868319 0.7817291627 0.90068820 0.9684578 1.00  5896
mean.rR[2]      0.8938996 0.048868319 0.7817291627 0.90068820 0.9684578 1.00  5896
mean.rR[3]      0.8938996 0.048868319 0.7817291627 0.90068820 0.9684578 1.00  5896
mean.rR[4]      0.8938996 0.048868319 0.7817291627 0.90068820 0.9684578 1.00  5896
mean.rR[5]      0.8938996 0.048868319 0.7817291627 0.90068820 0.9684578 1.00  5896
mean.rR[6]      0.8938996 0.048868319 0.7817291627 0.90068820 0.9684578 1.00  5896
mean.rR[7]      0.8938996 0.048868319 0.7817291627 0.90068820 0.9684578 1.00  5896
mean.rR[8]      0.8938996 0.048868319 0.7817291627 0.90068820 0.9684578 1.00  5896
mean.rR[9]      0.8938996 0.048868319 0.7817291627 0.90068820 0.9684578 1.00  5896
mean.rR[10]     0.8938996 0.048868319 0.7817291627 0.90068820 0.9684578 1.00  5896
mean.rR[11]     0.8938996 0.048868319 0.7817291627 0.90068820 0.9684578 1.00  5896
mean.rR[12]     0.8938996 0.048868319 0.7817291627 0.90068820 0.9684578 1.00  5896
mean.rR[13]     0.8938996 0.048868319 0.7817291627 0.90068820 0.9684578 1.00  5896
mean.rR[14]     0.8938996 0.048868319 0.7817291627 0.90068820 0.9684578 1.00  5896
mean.rR[15]     0.8938996 0.048868319 0.7817291627 0.90068820 0.9684578 1.00  5896
mean.rR[16]     0.8938996 0.048868319 0.7817291627 0.90068820 0.9684578 1.00  5896
mean.rR[17]     0.8938996 0.048868319 0.7817291627 0.90068820 0.9684578 1.00  5896
mean.rR[18]     0.8938996 0.048868319 0.7817291627 0.90068820 0.9684578 1.00  5896
mu.R[1]         0.3734933 0.116943074 0.1623234235 0.36988954 0.6125265 1.00  7121
mu.R[2]         0.2509346 0.106035678 0.0777880173 0.24064265 0.4804473 1.00  6434
mu.R[3]         0.3219174 0.086211270 0.1671841828 0.31819339 0.4984586 1.00  6731
mu.R[4]         0.2834864 0.069129462 0.1589319448 0.27993262 0.4279857 1.00  6626
mu.R[5]         0.1354888 0.040111249 0.0665171406 0.13229349 0.2226451 1.00  5735
mu.p            0.7035802 0.010612412 0.6825894052 0.70351837 0.7242376 1.00  6918
mu.phi[1]       0.9679681 0.014264148 0.9341725668 0.97024236 0.9885746 1.00  3036
mu.phi[2]       0.9679615 0.014262969 0.9337875702 0.97042993 0.9886111 1.00  3141
mu.phi[3]       0.9757416 0.008513983 0.9554035514 0.97689915 0.9887736 1.00  1746
mu.phi[4]       0.9361793 0.019242474 0.8935335708 0.93806580 0.9675556 1.01  1353
mu.phi[5]       0.8289859 0.037239734 0.7475515206 0.83204118 0.8937233 1.00  1272
mu.rO           0.9581936 0.020664742 0.9095600524 0.96146535 0.9886506 1.00  4975
mu.rR           0.8938996 0.048868319 0.7817291627 0.90068820 0.9684578 1.00  5896
sigma.R         0.1053565 0.124224570 0.0006852927 0.06683825 0.4642542 1.67    82
sigma.phi       0.9504193 0.145463739 0.6867045482 0.94453559 1.2537331 1.00   839
