Information and diagnostics 
=========================== 
Total iter:                       10000 
Thin:                             1 
Num chains:                       3 
Max Rhat:                         1.02 
Min n.eff:                        103 


Model summary 
============= 
                      mean          sd        2.5%        50%      97.5% Rhat n.eff
mean.R[1, 1]    0.02586632 0.018369433 0.003103702 0.02182012 0.07146993 1.00  4120
mean.R[2, 1]    0.16705915 0.065332708 0.062747389 0.15929523 0.31424649 1.00  5397
mean.R[3, 1]    0.10965525 0.053641987 0.030457585 0.10149369 0.23478920 1.00  5345
mean.R[4, 1]    0.17216476 0.056055713 0.078784463 0.16651542 0.29872216 1.00  5670
mean.R[5, 1]    0.26607583 0.071794368 0.140377874 0.26032071 0.42229153 1.00  5122
mean.R[6, 1]    0.11417285 0.037878717 0.053217185 0.10927640 0.20077630 1.00  4571
mean.R[1, 2]    0.02475631 0.017268618 0.003052087 0.02092456 0.06729518 1.00  4416
mean.R[2, 2]    0.16112829 0.062466913 0.060156112 0.15423574 0.30270316 1.00  5548
mean.R[3, 2]    0.10554139 0.051114242 0.028726755 0.09823376 0.22361463 1.00  5532
mean.R[4, 2]    0.16635003 0.054090109 0.074142973 0.16163528 0.28432877 1.00  5748
mean.R[5, 2]    0.25801572 0.069044687 0.133315117 0.25405090 0.40354032 1.00  5604
mean.R[6, 2]    0.10966859 0.034837748 0.051400443 0.10622445 0.18725657 1.00  5575
mean.R[1, 3]    0.02494833 0.017427266 0.003096064 0.02112030 0.06815832 1.00  4156
mean.R[2, 3]    0.16207181 0.062502040 0.061156398 0.15493229 0.30274894 1.00  5630
mean.R[3, 3]    0.10609193 0.050845541 0.029178255 0.09915265 0.22426423 1.00  5603
mean.R[4, 3]    0.16716367 0.053554342 0.075745197 0.16241570 0.28354927 1.00  6270
mean.R[5, 3]    0.25930299 0.068673917 0.135390713 0.25506295 0.40544848 1.00  5882
mean.R[6, 3]    0.11037562 0.034937585 0.051672047 0.10685957 0.18825179 1.00  5813
mean.R[1, 4]    0.02497873 0.017485271 0.003095498 0.02112508 0.06811796 1.00  4282
mean.R[2, 4]    0.16224944 0.062308065 0.061836313 0.15474311 0.30235843 1.00  5824
mean.R[3, 4]    0.10633321 0.051018364 0.028952280 0.09912061 0.22422231 1.00  5695
mean.R[4, 4]    0.16735947 0.053227561 0.076692561 0.16309002 0.28288934 1.00  6180
mean.R[5, 4]    0.25972174 0.068889826 0.135643485 0.25619902 0.40652328 1.00  6001
mean.R[6, 4]    0.11062006 0.035142033 0.051979855 0.10718440 0.18880847 1.00  5978
mean.R[1, 5]    0.02606164 0.018329074 0.003292497 0.02200812 0.07125023 1.00  4159
mean.R[2, 5]    0.16818685 0.065098848 0.064611399 0.16046441 0.31590262 1.00  4997
mean.R[3, 5]    0.11062739 0.053981894 0.030356808 0.10273791 0.23602814 1.00  4638
mean.R[4, 5]    0.17340812 0.055797565 0.080827129 0.16778318 0.29781045 1.00  5319
mean.R[5, 5]    0.26795206 0.071988107 0.142973599 0.26250520 0.42354792 1.00  4958
mean.R[6, 5]    0.11506971 0.037645931 0.054192868 0.11047635 0.20191474 1.00  4480
mean.R[1, 6]    0.02425706 0.016793336 0.003001157 0.02053091 0.06605593 1.00  4251
mean.R[2, 6]    0.15855844 0.061778695 0.059518752 0.15120378 0.29926626 1.00  5500
mean.R[3, 6]    0.10378326 0.050515946 0.027780191 0.09617408 0.22174493 1.00  5523
mean.R[4, 6]    0.16366106 0.053392415 0.072987656 0.15940045 0.28029541 1.00  5341
mean.R[5, 6]    0.25412834 0.067165661 0.133101980 0.25041003 0.39580151 1.00  5710
mean.R[6, 6]    0.10778053 0.034332411 0.050182013 0.10436373 0.18506071 1.00  5663
mean.R[1, 7]    0.02511569 0.017523009 0.003130365 0.02134674 0.06828445 1.00  4386
mean.R[2, 7]    0.16330601 0.063405144 0.061530807 0.15570435 0.30729946 1.00  5543
mean.R[3, 7]    0.10709925 0.052191003 0.029378806 0.09968241 0.22768158 1.00  5288
mean.R[4, 7]    0.16835217 0.053847821 0.077569468 0.16353591 0.28621379 1.00  6213
mean.R[5, 7]    0.26106967 0.069783133 0.137686093 0.25637716 0.40882607 1.00  5670
mean.R[6, 7]    0.11140831 0.035965922 0.052159684 0.10787170 0.19280420 1.00  5395
mean.R[1, 8]    0.02599828 0.018405015 0.003205892 0.02194893 0.07122534 1.01  4249
mean.R[2, 8]    0.16755902 0.063960485 0.064062780 0.16025927 0.31158905 1.00  5536
mean.R[3, 8]    0.11011417 0.053084855 0.030391275 0.10281605 0.23299277 1.00  5755
mean.R[4, 8]    0.17284686 0.055001757 0.080702120 0.16774351 0.29393652 1.00  5925
mean.R[5, 8]    0.26687818 0.068686665 0.143595002 0.26214049 0.41438650 1.00  6150
mean.R[6, 8]    0.11452966 0.036669845 0.054625263 0.11030120 0.19822993 1.00  5535
mean.R[1, 9]    0.02557576 0.017713545 0.003237181 0.02160048 0.06927486 1.00  4472
mean.R[2, 9]    0.16600585 0.063864690 0.063155302 0.15901742 0.30985239 1.00  5616
mean.R[3, 9]    0.10896284 0.052723537 0.030183778 0.10121714 0.23237128 1.00  5727
mean.R[4, 9]    0.17108713 0.054402772 0.079553277 0.16625956 0.29115804 1.00  6180
mean.R[5, 9]    0.26452876 0.068188604 0.143375786 0.26046435 0.40977471 1.00  6241
mean.R[6, 9]    0.11326830 0.035980321 0.054181933 0.10961034 0.19391036 1.00  5572
mean.R[1, 10]   0.02570011 0.018008967 0.003194668 0.02172126 0.06941335 1.00  4331
mean.R[2, 10]   0.16611954 0.063703332 0.063098761 0.15889100 0.31111264 1.00  5504
mean.R[3, 10]   0.10921581 0.053142932 0.030331625 0.10176713 0.23441503 1.00  5290
mean.R[4, 10]   0.17149183 0.055440199 0.079526298 0.16593704 0.29470223 1.00  5744
mean.R[5, 10]   0.26495001 0.069453802 0.141966763 0.25983088 0.41500408 1.00  5439
mean.R[6, 10]   0.11360329 0.036893562 0.053340386 0.10962382 0.19603261 1.00  5416
mean.R[1, 11]   0.02537047 0.017714651 0.003137945 0.02146346 0.06893246 1.00  4125
mean.R[2, 11]   0.16437614 0.063516753 0.062322154 0.15695987 0.30958834 1.00  5772
mean.R[3, 11]   0.10786444 0.052429640 0.029482942 0.10036312 0.22978348 1.00  5293
mean.R[4, 11]   0.16967252 0.055352214 0.077603826 0.16401918 0.29466481 1.00  5427
mean.R[5, 11]   0.26264092 0.070361326 0.138157862 0.25794476 0.41418423 1.00  5707
mean.R[6, 11]   0.11224867 0.036424158 0.052757263 0.10815776 0.19524701 1.00  5545
mean.R[1, 12]   0.02417010 0.016775724 0.002987987 0.02053919 0.06612795 1.00  4101
mean.R[2, 12]   0.15798491 0.061120627 0.059069535 0.15140679 0.29599457 1.00  5404
mean.R[3, 12]   0.10336986 0.050088069 0.027964099 0.09588338 0.22095272 1.00  5586
mean.R[4, 12]   0.16312762 0.053118988 0.072110250 0.15908186 0.27962258 1.00  5282
mean.R[5, 12]   0.25359871 0.068335740 0.129818440 0.24979234 0.39779909 1.00  5098
mean.R[6, 12]   0.10746244 0.034379275 0.049395448 0.10411536 0.18369370 1.00  5143
mean.R[1, 13]   0.02585277 0.018030141 0.003197854 0.02181781 0.07008449 1.00  4075
mean.R[2, 13]   0.16704880 0.063962875 0.064298667 0.15981053 0.31067811 1.00  5786
mean.R[3, 13]   0.10971472 0.052855279 0.030725099 0.10185343 0.23221423 1.00  5452
mean.R[4, 13]   0.17229379 0.054808673 0.079819088 0.16748301 0.29283689 1.00  6038
mean.R[5, 13]   0.26650605 0.070704906 0.141217214 0.26177056 0.41656950 1.00  5726
mean.R[6, 13]   0.11421834 0.036777498 0.054425960 0.11000490 0.19774235 1.00  5206
mean.R[1, 14]   0.02525943 0.017726442 0.003141352 0.02127565 0.06901853 1.00  4206
mean.R[2, 14]   0.16378433 0.063105361 0.062282566 0.15686032 0.30668521 1.00  5611
mean.R[3, 14]   0.10740069 0.052023376 0.029485463 0.09971064 0.22766669 1.00  5408
mean.R[4, 14]   0.16897036 0.054292334 0.077000225 0.16381893 0.28953096 1.00  6072
mean.R[5, 14]   0.26171597 0.069640977 0.139188968 0.25726532 0.41081331 1.00  5662
mean.R[6, 14]   0.11169259 0.035817037 0.052883888 0.10804049 0.19297105 1.00  5481
mean.R[1, 15]   0.02487607 0.017270556 0.003099026 0.02112819 0.06764490 1.00  4442
mean.R[2, 15]   0.16174928 0.062136258 0.061334093 0.15453821 0.30184017 1.00  5763
mean.R[3, 15]   0.10604966 0.051176834 0.029231733 0.09878583 0.22529317 1.00  5533
mean.R[4, 15]   0.16694398 0.053530134 0.075480814 0.16257773 0.28298451 1.00  6419
mean.R[5, 15]   0.25909159 0.069330579 0.135443953 0.25489841 0.40693880 1.00  5674
mean.R[6, 15]   0.11032769 0.035382153 0.051567135 0.10689782 0.18954086 1.00  5672
mean.R[1, 16]   0.02469740 0.017335559 0.003061852 0.02080503 0.06696224 1.00  4414
mean.R[2, 16]   0.16042213 0.061344213 0.060681332 0.15334433 0.29806678 1.00  5480
mean.R[3, 16]   0.10516235 0.050904562 0.028707694 0.09775621 0.22318571 1.00  5708
mean.R[4, 16]   0.16566520 0.053274928 0.075266594 0.16148613 0.28112239 1.00  5907
mean.R[5, 16]   0.25714174 0.068180032 0.136133991 0.25279742 0.40015142 1.00  5798
mean.R[6, 16]   0.10941436 0.035197218 0.050944629 0.10563658 0.18834869 1.00  5873
mean.R[1, 17]   0.02438069 0.017061725 0.002971007 0.02058680 0.06606470 1.00  4372
mean.R[2, 17]   0.15902153 0.061651306 0.059171935 0.15169327 0.29829794 1.00  5689
mean.R[3, 17]   0.10392985 0.049990001 0.028297486 0.09646908 0.21915766 1.00  5742
mean.R[4, 17]   0.16395301 0.052638616 0.074780422 0.15936451 0.27792695 1.00  6302
mean.R[5, 17]   0.25507017 0.068691926 0.132371582 0.25176873 0.39944798 1.00  5465
mean.R[6, 17]   0.10819168 0.034532238 0.049951727 0.10506185 0.18481707 1.00  5356
mean.p[1]       0.99132394 0.002764812 0.985243406 0.99162464 0.99580520 1.00  6357
mean.p[2]       0.99142906 0.002731987 0.985532414 0.99171523 0.99590519 1.01  3832
mean.p[3]       0.99133729 0.002738771 0.985233981 0.99164143 0.99574340 1.00  4403
mean.p[4]       0.99142281 0.002650281 0.985641077 0.99168119 0.99582391 1.00  4956
mean.p[5]       0.99131633 0.002690888 0.985265459 0.99160735 0.99572442 1.00  5151
mean.p[6]       0.99146949 0.002644692 0.985586422 0.99173293 0.99587621 1.00  4631
mean.p[7]       0.99113089 0.002838009 0.984809723 0.99146941 0.99565381 1.00  3984
mean.p[8]       0.99128460 0.002728254 0.985159354 0.99157672 0.99572996 1.00  4626
mean.p[9]       0.99129602 0.002766224 0.985259632 0.99159875 0.99568686 1.00  3912
mean.p[10]      0.99141543 0.002662470 0.985582959 0.99168602 0.99584229 1.00  5081
mean.p[11]      0.99141090 0.002669472 0.985430322 0.99170493 0.99581341 1.00  4540
mean.p[12]      0.99148736 0.002600302 0.985715726 0.99175371 0.99583151 1.00  5119
mean.p[13]      0.99146014 0.002643492 0.985598853 0.99172300 0.99589684 1.00  4850
mean.p[14]      0.99146026 0.002636703 0.985668225 0.99172829 0.99585760 1.00  4961
mean.p[15]      0.99134965 0.002701512 0.985443103 0.99163969 0.99575955 1.00  4993
mean.p[16]      0.99134687 0.002655839 0.985434577 0.99162152 0.99572076 1.00  5036
mean.p[17]      0.99138515 0.002651741 0.985489427 0.99168798 0.99579908 1.00  4769
mean.p[18]      0.99125653 0.002826527 0.984906760 0.99160390 0.99576329 1.00  4364
mean.phi[1, 1]  0.78237905 0.084858107 0.593610433 0.79113134 0.92214279 1.00  5921
mean.phi[2, 1]  0.88065310 0.061039536 0.729232490 0.89133722 0.96572262 1.00  6311
mean.phi[3, 1]  0.86957948 0.063480619 0.717639269 0.88017370 0.96237362 1.00  6166
mean.phi[4, 1]  0.92359965 0.042131128 0.818019520 0.93203065 0.97986142 1.00  6212
mean.phi[5, 1]  0.89642111 0.054060664 0.766232586 0.90607589 0.97008273 1.00  5915
mean.phi[6, 1]  0.77507204 0.077654211 0.608276770 0.78144672 0.90777671 1.00  4201
mean.phi[1, 2]  0.81001934 0.067930551 0.661525002 0.81571153 0.92459619 1.00  4342
mean.phi[2, 2]  0.89525025 0.050546983 0.773570934 0.90404619 0.96830135 1.01  6578
mean.phi[3, 2]  0.76876959 0.093174219 0.547504447 0.78301293 0.90849014 1.00  3864
mean.phi[4, 2]  0.91874203 0.039782454 0.821005778 0.92596000 0.97318194 1.00  6650
mean.phi[5, 2]  0.90288172 0.048491847 0.784919734 0.91066124 0.97199999 1.00  5503
mean.phi[6, 2]  0.62993899 0.090173962 0.441295085 0.63482283 0.79195194 1.00  7142
mean.phi[1, 3]  0.70069121 0.082857796 0.526059820 0.70594144 0.84662566 1.00  7088
mean.phi[2, 3]  0.90057504 0.043140489 0.798726655 0.90683396 0.96610361 1.00  6680
mean.phi[3, 3]  0.81798169 0.076398226 0.640294311 0.82989643 0.93231737 1.00  6547
mean.phi[4, 3]  0.94360713 0.027442728 0.878148414 0.94816811 0.98315055 1.00  4626
mean.phi[5, 3]  0.85406953 0.063941584 0.702831574 0.86443791 0.94828032 1.00  6008
mean.phi[6, 3]  0.65199854 0.088551685 0.466635281 0.65646217 0.81243861 1.00  7067
mean.phi[1, 4]  0.60281152 0.103416342 0.384714374 0.60905887 0.78647028 1.00  4641
mean.phi[2, 4]  0.88230960 0.053137639 0.756723959 0.89144018 0.96040890 1.00  6704
mean.phi[3, 4]  0.89186580 0.044906680 0.786894481 0.89769653 0.96109216 1.00  5851
mean.phi[4, 4]  0.89397960 0.041339405 0.797708519 0.89977051 0.95730646 1.00  6434
mean.phi[5, 4]  0.91440210 0.041501103 0.815679768 0.92117081 0.97544690 1.00  4720
mean.phi[6, 4]  0.66145153 0.091968728 0.467549039 0.66631988 0.82643451 1.00  7239
mean.phi[1, 5]  0.64586611 0.090015830 0.452937370 0.65193448 0.80443918 1.00  6578
mean.phi[2, 5]  0.86113782 0.066294926 0.700266611 0.87318885 0.95515482 1.00  6418
mean.phi[3, 5]  0.83425288 0.067114717 0.678567306 0.84298918 0.93633074 1.00  6730
mean.phi[4, 5]  0.91781660 0.030332275 0.847967205 0.92189597 0.96493328 1.00  7301
mean.phi[5, 5]  0.91826837 0.039146315 0.825535451 0.92402505 0.97577144 1.00  4568
mean.phi[6, 5]  0.71968727 0.081664145 0.546345728 0.72378723 0.86523615 1.00  6762
mean.phi[1, 6]  0.72300136 0.109391060 0.473240182 0.73536358 0.89910510 1.00  6487
mean.phi[2, 6]  0.87123329 0.059196818 0.728686069 0.88144889 0.95709142 1.00  6718
mean.phi[3, 6]  0.86579839 0.066083507 0.706487806 0.87692996 0.96045788 1.00  6088
mean.phi[4, 6]  0.95025207 0.020946902 0.902141515 0.95309992 0.98270604 1.00  4481
mean.phi[5, 6]  0.76984257 0.076508273 0.596987632 0.77975154 0.89339474 1.00  3198
mean.phi[6, 6]  0.45545461 0.100596172 0.259263948 0.45619871 0.64811804 1.00  2465
mean.phi[1, 7]  0.56268736 0.107352056 0.340862949 0.56933915 0.75501468 1.00  3191
mean.phi[2, 7]  0.87422728 0.066372889 0.708944242 0.88693583 0.96482711 1.00  6374
mean.phi[3, 7]  0.84852264 0.066937682 0.691260195 0.85907829 0.94889169 1.00  6845
mean.phi[4, 7]  0.92533206 0.027100443 0.861863766 0.92894438 0.96796125 1.00  7094
mean.phi[5, 7]  0.91893910 0.038731088 0.827836690 0.92493957 0.97547483 1.00  4379
mean.phi[6, 7]  0.69265743 0.103588987 0.469096591 0.69991096 0.87276437 1.00  6194
mean.phi[1, 8]  0.66398959 0.112688092 0.408547517 0.67607541 0.85026676 1.00  5742
mean.phi[2, 8]  0.83932348 0.072400358 0.661819338 0.85229511 0.94289113 1.00  5559
mean.phi[3, 8]  0.85005195 0.075624907 0.663519161 0.86409553 0.95687411 1.00  6322
mean.phi[4, 8]  0.90692692 0.032856723 0.830505347 0.91122569 0.95808997 1.00  6712
mean.phi[5, 8]  0.76698766 0.067861341 0.619722723 0.77377436 0.88064003 1.00  3956
mean.phi[6, 8]  0.53013761 0.109996895 0.307481950 0.53459394 0.73326745 1.00  3933
mean.phi[1, 9]  0.71422525 0.063529313 0.579332975 0.71750610 0.82915089 1.00  7288
mean.phi[2, 9]  0.87806839 0.063552995 0.716953152 0.88999266 0.96481398 1.00  6142
mean.phi[3, 9]  0.86896241 0.064132345 0.713662341 0.87978122 0.96151502 1.00  6163
mean.phi[4, 9]  0.85079730 0.054877975 0.721036891 0.85837132 0.93423337 1.00  4090
mean.phi[5, 9]  0.82832864 0.050334628 0.715534802 0.83315700 0.91239387 1.00  6637
mean.phi[6, 9]  0.46747986 0.111118721 0.249408018 0.46846345 0.67800957 1.00  2355
mean.phi[1, 10] 0.73564207 0.081436469 0.559851902 0.74161230 0.87710030 1.00  6488
mean.phi[2, 10] 0.90165673 0.038017040 0.813352005 0.90666491 0.96093849 1.00  7720
mean.phi[3, 10] 0.85336878 0.073053615 0.672777166 0.86627817 0.95589107 1.00  6004
mean.phi[4, 10] 0.92421874 0.035756427 0.836427995 0.93020837 0.97486774 1.00  6347
mean.phi[5, 10] 0.87072322 0.043331576 0.773072974 0.87610016 0.94077792 1.00  7257
mean.phi[6, 10] 0.70856887 0.098743166 0.494709674 0.71652787 0.88052050 1.00  6374
mean.phi[1, 11] 0.81984811 0.064058613 0.681574983 0.82545924 0.92727867 1.00  4186
mean.phi[2, 11] 0.85396526 0.062983415 0.706826872 0.86396436 0.94643632 1.00  6797
mean.phi[3, 11] 0.87104376 0.046076561 0.766520483 0.87671614 0.94421511 1.00  7443
mean.phi[4, 11] 0.93530812 0.033091857 0.854373518 0.94100926 0.98207411 1.00  5934
mean.phi[5, 11] 0.93213365 0.031206243 0.860875358 0.93661267 0.97898841 1.00  3164
mean.phi[6, 11] 0.76817419 0.079140326 0.597130943 0.77496094 0.90329715 1.00  4614
mean.phi[1, 12] 0.65935515 0.077876462 0.493878023 0.66417934 0.79847500 1.00  6873
mean.phi[2, 12] 0.87389826 0.051993503 0.752429326 0.88152844 0.95265426 1.00  7129
mean.phi[3, 12] 0.78782542 0.084066313 0.590875273 0.80149156 0.91655607 1.00  6071
mean.phi[4, 12] 0.91708988 0.032681257 0.840257008 0.92200856 0.96696118 1.00  7125
mean.phi[5, 12] 0.90152228 0.043971480 0.797722683 0.90837198 0.96693924 1.00  6307
mean.phi[6, 12] 0.68808733 0.071160348 0.535985048 0.69151868 0.81541889 1.00  7614
mean.phi[1, 13] 0.73069896 0.067091188 0.586141692 0.73564568 0.84868210 1.00  7820
mean.phi[2, 13] 0.84753613 0.059772572 0.706960539 0.85582066 0.93938180 1.00  6681
mean.phi[3, 13] 0.79853963 0.071591906 0.632754296 0.80748283 0.91223597 1.00  6171
mean.phi[4, 13] 0.92961549 0.029219365 0.861230393 0.93405778 0.97385383 1.00  6979
mean.phi[5, 13] 0.88443847 0.054443920 0.753192823 0.89397118 0.96301678 1.00  6364
mean.phi[6, 13] 0.70455642 0.069556723 0.560016185 0.70793250 0.82967937 1.00  7137
mean.phi[1, 14] 0.77307559 0.066704409 0.631303409 0.77752736 0.88846340 1.00  7183
mean.phi[2, 14] 0.90492769 0.040664506 0.809438043 0.91047522 0.96672832 1.00  6406
mean.phi[3, 14] 0.86857202 0.056079708 0.736117666 0.87671820 0.95440411 1.00  6527
mean.phi[4, 14] 0.93346011 0.027311342 0.869528839 0.93725342 0.97569791 1.00  6501
mean.phi[5, 14] 0.88078953 0.055930872 0.744965740 0.89063317 0.96100669 1.00  6554
mean.phi[6, 14] 0.59235888 0.082744602 0.423662138 0.59586541 0.74555421 1.00  7081
mean.phi[1, 15] 0.78539270 0.056979587 0.662546488 0.78920079 0.88579164 1.00  7501
mean.phi[2, 15] 0.86193048 0.053692284 0.738141638 0.86987983 0.94422624 1.00  7262
mean.phi[3, 15] 0.88978458 0.045499972 0.785222230 0.89534019 0.96051278 1.00  5669
mean.phi[4, 15] 0.92831573 0.027623937 0.863543468 0.93207997 0.97095384 1.00  7145
mean.phi[5, 15] 0.89793365 0.051129512 0.773149278 0.90703699 0.97098081 1.00  5813
mean.phi[6, 15] 0.70536875 0.080769569 0.533830909 0.71012383 0.84952174 1.00  6634
mean.phi[1, 16] 0.86021584 0.054642039 0.740174194 0.86612181 0.94914467 1.00  2206
mean.phi[2, 16] 0.83309081 0.054316661 0.712011070 0.83887496 0.92113373 1.00  6553
mean.phi[3, 16] 0.85793671 0.056094811 0.729093267 0.86507725 0.94649502 1.00  7046
mean.phi[4, 16] 0.93709393 0.026097108 0.876157905 0.94056821 0.97673895 1.00  6343
mean.phi[5, 16] 0.89901705 0.040482107 0.805366930 0.90461381 0.96096903 1.00  7180
mean.phi[6, 16] 0.73435375 0.083931023 0.555139926 0.74024778 0.87939340 1.00  6061
mean.phi[1, 17] 0.71124513 0.095964070 0.498789333 0.71941074 0.87313019 1.00  6521
mean.phi[2, 17] 0.89155624 0.044340840 0.787544659 0.89748728 0.96029378 1.00  7036
mean.phi[3, 17] 0.82644659 0.057987226 0.695815195 0.83335617 0.91926723 1.00  7493
mean.phi[4, 17] 0.90523585 0.033841227 0.826531091 0.90960204 0.95882086 1.00  6661
mean.phi[5, 17] 0.92893190 0.032795212 0.853328453 0.93376768 0.97863544 1.00  3364
mean.phi[6, 17] 0.73564196 0.084594512 0.555355196 0.74117654 0.88267715 1.00  6123
mu.R[1]         0.02506839 0.017121423 0.003208260 0.02142873 0.06753221 1.00  4273
mu.R[2]         0.16310728 0.060305873 0.063787628 0.15698720 0.29827934 1.00  6001
mu.R[3]         0.10685735 0.050046943 0.030509773 0.09996969 0.22168469 1.00  5595
mu.R[4]         0.16827083 0.050948789 0.080575258 0.16437687 0.27788365 1.00  6385
mu.R[5]         0.26108491 0.064786771 0.144048273 0.25717221 0.39732951 1.00  6304
mu.R[6]         0.11115344 0.033132780 0.054504194 0.10837497 0.18477429 1.00  6185
mu.p            0.99139665 0.002456256 0.986008978 0.99160951 0.99557816 1.00  5584
mu.phi[1]       0.71606927 0.037935663 0.637324750 0.71721239 0.78681002 1.00  2278
mu.phi[2]       0.88050191 0.025198737 0.826625634 0.88223551 0.92458867 1.00  3363
mu.phi[3]       0.85566338 0.029914127 0.792106953 0.85767873 0.90788403 1.00  3242
mu.phi[4]       0.92680218 0.014550402 0.895389231 0.92780714 0.95234424 1.00  2505
mu.phi[5]       0.89186259 0.022261426 0.844500089 0.89335982 0.93181455 1.00  2314
mu.phi[6]       0.66418136 0.039000982 0.586454515 0.66471836 0.73890676 1.00  2569
sigma.R         0.11329273 0.088488121 0.010551824 0.09155200 0.33932410 1.00   125
sigma.p         0.09423874 0.087991742 0.009047209 0.06716014 0.35392434 1.02   103
sigma.phi       0.56496504 0.112988121 0.345189702 0.56211731 0.79727325 1.02   401
