Information and diagnostics 
=========================== 
Total iter:                       5000 
Thin:                             1 
Num chains:                       3 
Max Rhat:                         1.17 
Min n.eff:                        0 


Model summary 
============= 
                       mean          sd          2.5%         50%       97.5% Rhat n.eff
B.veg[1]        -0.21039243 0.506431831 -1.188518e+00 -0.21675497  0.80199966 1.00  1478
B.veg[2]        -0.21360020 0.420981169 -1.017721e+00 -0.21871274  0.59817701 1.00   794
B.veg[3]        -0.06080269 0.428042455 -8.717942e-01 -0.06839131  0.78620910 1.01   710
B.veg[4]        -0.16363747 0.437775325 -1.010263e+00 -0.15837702  0.71880551 1.00   740
B.veg[5]        -0.38065505 0.376282295 -1.116296e+00 -0.38200135  0.35961829 1.04   332
mean.M[1, 1]     0.17649385 0.078787382  4.957053e-02  0.16953956  0.35058670 1.00  1492
mean.M[2, 1]     0.06857328 0.035766852  1.653502e-02  0.06246322  0.15660507 1.01  2629
mean.M[3, 1]     0.02444865 0.017072707  5.125430e-03  0.02080959  0.06731425 1.00  2825
mean.M[4, 1]     0.01550591 0.011814244  2.752955e-03  0.01246782  0.04593093 1.01  3084
mean.M[5, 1]     0.03252089 0.020049759  6.922880e-03  0.02814139  0.08296097 1.00  2770
mean.M[1, 2]     0.16355049 0.064557441  5.500998e-02  0.15934972  0.30336711 1.01  1026
mean.M[2, 2]     0.14499804 0.066952692  5.618052e-02  0.13002519  0.31168344 1.00   927
mean.M[3, 2]     0.02989644 0.019951296  7.867759e-03  0.02530009  0.08140306 1.01  2529
mean.M[4, 2]     0.01531611 0.011652316  2.672109e-03  0.01245236  0.04609661 1.00  2647
mean.M[5, 2]     0.03397761 0.021257238  7.050989e-03  0.02977552  0.08701237 1.00  2570
mean.M[1, 3]     0.24295655 0.074951139  1.149287e-01  0.23614611  0.40913017 1.00  3284
mean.M[2, 3]     0.07956006 0.033881046  2.899829e-02  0.07440832  0.16029147 1.00  3314
mean.M[3, 3]     0.02011723 0.011998538  4.601221e-03  0.01785909  0.05010322 1.00  2959
mean.M[4, 3]     0.01565316 0.012323521  2.777835e-03  0.01256541  0.04694712 1.00  3075
mean.M[5, 3]     0.04337625 0.026638815  1.148026e-02  0.03705134  0.11278422 1.01  2968
mean.M[1, 4]     0.35436669 0.103733788  1.833884e-01  0.34390551  0.58738185 1.00  1047
mean.M[2, 4]     0.05952250 0.026430749  1.867091e-02  0.05615418  0.12119782 1.00  2187
mean.M[3, 4]     0.01985272 0.011945889  4.408893e-03  0.01750407  0.05003971 1.00  2972
mean.M[4, 4]     0.01492185 0.010825158  2.657659e-03  0.01234262  0.04312850 1.01  3391
mean.M[5, 4]     0.03319160 0.020650865  6.821118e-03  0.02894551  0.08726079 1.01  2575
mean.M[1, 5]     0.31619667 0.090195541  1.636110e-01  0.30623053  0.51381531 1.00  2331
mean.M[2, 5]     0.09491719 0.038976800  3.689151e-02  0.08853885  0.18745684 1.00  3480
mean.M[3, 5]     0.02241044 0.011711221  6.206490e-03  0.02043904  0.05171180 1.00  3605
mean.M[4, 5]     0.01430624 0.010371069  2.559131e-03  0.01179849  0.04117983 1.01  3421
mean.M[5, 5]     0.03296421 0.019901648  7.020582e-03  0.02906478  0.08236218 1.00  3032
mean.M[1, 6]     0.21993394 0.098487532  6.372903e-02  0.20694494  0.44989692 1.01  2954
mean.M[2, 6]     0.06685888 0.030095628  2.058265e-02  0.06339233  0.13611202 1.00  2447
mean.M[3, 6]     0.02046925 0.010704687  5.606304e-03  0.01867231  0.04580073 1.01  3164
mean.M[4, 6]     0.02058932 0.016257802  4.021213e-03  0.01619256  0.06551917 1.00  2486
mean.M[5, 6]     0.03555232 0.025146811  7.296534e-03  0.03004213  0.09952024 1.01  2366
mean.M[1, 7]     0.39388924 0.112702163  2.036669e-01  0.38517596  0.63504683 1.01   697
mean.M[2, 7]     0.06343937 0.032377530  1.549631e-02  0.05907577  0.14000787 1.01  2014
mean.M[3, 7]     0.02468716 0.011691282  8.041555e-03  0.02255293  0.05264752 1.00  3763
mean.M[4, 7]     0.01449654 0.009961804  2.599350e-03  0.01207609  0.04054028 1.01  3043
mean.M[5, 7]     0.03578494 0.024006823  7.260016e-03  0.03068405  0.09527235 1.01  2934
mean.M[1, 8]     0.28419446 0.106580344  1.147585e-01  0.26971765  0.53227291 1.00  2626
mean.M[2, 8]     0.09629350 0.043693984  3.344759e-02  0.08913924  0.20147442 1.00  3378
mean.M[3, 8]     0.02084041 0.010730382  5.998998e-03  0.01899141  0.04725386 1.00  3336
mean.M[4, 8]     0.02422755 0.017015678  5.358789e-03  0.01976735  0.06936936 1.00  1908
mean.M[5, 8]     0.03662012 0.025621172  7.867506e-03  0.03132033  0.09492595 1.04  2540
mean.M[1, 9]     0.26082035 0.060669745  1.539725e-01  0.25650348  0.39078576 1.00  3738
mean.M[2, 9]     0.07372062 0.034945583  2.156686e-02  0.06857532  0.15894478 1.00  3083
mean.M[3, 9]     0.03707672 0.020055905  1.196267e-02  0.03258269  0.08767006 1.02  1670
mean.M[4, 9]     0.01671921 0.010785327  3.944892e-03  0.01409710  0.04399303 1.01  3516
mean.M[5, 9]     0.04727830 0.031229957  1.197396e-02  0.03945144  0.13062319 1.01  2556
mean.M[1, 10]    0.20436491 0.073657217  8.106691e-02  0.19933488  0.36748828 1.00  2922
mean.M[2, 10]    0.06452517 0.026059380  2.176441e-02  0.06140660  0.12374635 1.00  2946
mean.M[3, 10]    0.01888599 0.010682822  4.164027e-03  0.01698374  0.04472051 1.00  3100
mean.M[4, 10]    0.01278109 0.008605634  2.522374e-03  0.01081534  0.03385692 1.02  2609
mean.M[5, 10]    0.04283757 0.025645784  1.128527e-02  0.03687900  0.11119990 1.00  3047
mean.M[1, 11]    0.15466344 0.061383849  5.166499e-02  0.15003178  0.28888875 1.00   952
mean.M[2, 11]    0.06077520 0.024407518  2.178219e-02  0.05782030  0.11635616 1.00  2355
mean.M[3, 11]    0.01951529 0.011244343  4.571905e-03  0.01742725  0.04696136 1.00  2929
mean.M[4, 11]    0.01605976 0.010104128  3.718944e-03  0.01390524  0.04198872 1.01  3434
mean.M[5, 11]    0.02906470 0.016862235  6.168884e-03  0.02596596  0.07157334 1.00  2421
mean.M[1, 12]    0.31119840 0.076284054  1.784551e-01  0.30397324  0.47850324 1.00  2158
mean.M[2, 12]    0.12402166 0.048312045  5.413768e-02  0.11595604  0.23872200 1.00  1897
mean.M[3, 12]    0.02137404 0.011084064  5.984621e-03  0.01942275  0.04929641 1.00  3288
mean.M[4, 12]    0.01321548 0.008921268  2.312509e-03  0.01120762  0.03559723 1.01  3092
mean.M[5, 12]    0.03975821 0.020103608  1.176318e-02  0.03589549  0.09134998 1.00  3326
mean.M[1, 13]    0.22433446 0.062418245  1.127151e-01  0.22096432  0.35809772 1.00  3409
mean.M[2, 13]    0.11497286 0.039624616  5.382538e-02  0.10914410  0.20704792 1.01  2535
mean.M[3, 13]    0.02560822 0.012644071  7.834000e-03  0.02322396  0.05712920 1.00  3409
mean.M[4, 13]    0.01833429 0.012204551  3.832842e-03  0.01527651  0.05055128 1.01  3071
mean.M[5, 13]    0.05199180 0.023314174  1.850209e-02  0.04792250  0.10847484 1.01  2477
mean.M[1, 14]    0.20372807 0.063800437  9.386146e-02  0.19888712  0.33772749 1.00  3330
mean.M[2, 14]    0.05443965 0.024182466  1.701143e-02  0.05159631  0.10927184 1.01  1720
mean.M[3, 14]    0.02484005 0.012041036  8.076096e-03  0.02270523  0.05472828 1.00  3568
mean.M[4, 14]    0.01389073 0.009715708  2.520897e-03  0.01165246  0.03847928 1.00  3086
mean.M[5, 14]    0.02992873 0.014966950  8.541965e-03  0.02760721  0.06569672 1.00  3149
mean.M[1, 15]    0.19464452 0.054070220  9.970638e-02  0.19152312  0.31190206 1.01  3374
mean.M[2, 15]    0.07241422 0.028334579  2.718322e-02  0.06905415  0.13698536 1.00  3116
mean.M[3, 15]    0.02334163 0.011066667  7.410872e-03  0.02147537  0.04968876 1.00  3566
mean.M[4, 15]    0.01437114 0.010077024  2.458425e-03  0.01198016  0.03975837 1.01  3257
mean.M[5, 15]    0.03352210 0.015806429  1.043053e-02  0.03126781  0.07052818 1.00  3276
mean.M[1, 16]    0.12188432 0.055279275  3.212383e-02  0.11571912  0.24175641 1.00   510
mean.M[2, 16]    0.10334495 0.034430674  4.881094e-02  0.09898779  0.18244806 1.00  2803
mean.M[3, 16]    0.02365422 0.011663411  6.887882e-03  0.02156168  0.05247991 1.01  3249
mean.M[4, 16]    0.01252996 0.008090796  2.487152e-03  0.01081576  0.03300130 1.00  3108
mean.M[5, 16]    0.03901883 0.017749577  1.307608e-02  0.03583349  0.08209007 1.00  3666
mean.M[1, 17]    0.22584778 0.089144281  7.616544e-02  0.21654546  0.42837595 1.00  2877
mean.M[2, 17]    0.06718637 0.030082260  1.810103e-02  0.06390987  0.13308740 1.00  1697
mean.M[3, 17]    0.02059353 0.011677420  4.914866e-03  0.01850203  0.04923959 1.00  2134
mean.M[4, 17]    0.01254310 0.008269934  2.327282e-03  0.01067603  0.03339611 1.00  2614
mean.M[5, 17]    0.02450603 0.013144892  5.548475e-03  0.02229905  0.05597852 1.01  1522
mean.Pi[1]       0.88893354 0.099473914  6.239780e-01  0.91818520  0.99689840 1.00 15000
mean.Pi[2]       0.97671657 0.022498522  9.171832e-01  0.98370565  0.99923076 1.00  1276
mean.Pi[3]       0.98182182 0.017922394  9.326448e-01  0.98704925  0.99944103 1.02  1160
mean.Pi[4]       0.98606115 0.013691317  9.489566e-01  0.99052504  0.99963246 1.01  1280
mean.Pi[5]       0.97655901 0.016451098  9.364360e-01  0.98012226  0.99742668 1.02  2088
mean.Pi[6]       0.98955604 0.010046050  9.630446e-01  0.99261487  0.99971743 1.01  1399
mean.Pi[7]       0.98796066 0.012305589  9.543060e-01  0.99160694  0.99967431 1.00  1073
mean.Pi[8]       0.98781592 0.012191845  9.545842e-01  0.99155248  0.99969104 1.01  1177
mean.Pi[9]       0.98557962 0.013547735  9.489241e-01  0.98942195  0.99966461 1.01  1392
mean.Pi[10]      0.98702799 0.012748628  9.530027e-01  0.99097068  0.99964809 1.00  1138
mean.Pi[11]      0.98876212 0.010989479  9.591677e-01  0.99201195  0.99968500 1.01  1207
mean.Pi[12]      0.98962113 0.010311817  9.613255e-01  0.99277812  0.99969607 1.01  1076
mean.Pi[13]      0.98949360 0.010442626  9.622780e-01  0.99267218  0.99974821 1.02  1133
mean.Pi[14]      0.99016881 0.009724084  9.634034e-01  0.99320132  0.99976658 1.00  1125
mean.Pi[15]      0.98420249 0.012249250  9.530876e-01  0.98700061  0.99931321 1.00  1836
mean.Pi[16]      0.98351640 0.011926681  9.539262e-01  0.98629560  0.99828689 1.01  1902
mean.Pi[17]      0.98170607 0.012557831  9.493690e-01  0.98447174  0.99798063 1.01  1765
mean.Pi[18]      0.94053118 0.033560617  8.702432e-01  0.94199910  0.99622289 1.00   593
mean.Po[1]       0.49805378 0.166331710  1.805538e-01  0.49701258  0.81517474 1.00 15235
mean.Po[2]       0.50039130 0.165857477  1.858285e-01  0.49968966  0.81238254 1.00  3645
mean.Po[3]       0.36163006 0.125372862  1.363097e-01  0.35575867  0.62371240 1.00  3484
mean.Po[4]       0.24320463 0.093369400  8.936870e-02  0.23270946  0.44598364 1.00  3194
mean.Po[5]       0.18020909 0.069855630  6.628884e-02  0.17293647  0.33465469 1.00  3127
mean.Po[6]       0.13387121 0.056169459  4.553259e-02  0.12680220  0.26068266 1.00  2957
mean.Po[7]       0.09759759 0.045664398  2.714424e-02  0.09169939  0.20276029 1.00  2914
mean.Po[8]       0.09971605 0.041812272  3.393965e-02  0.09480273  0.19284243 1.00  3170
mean.Po[9]       0.08711952 0.036612092  3.016425e-02  0.08283468  0.17130650 1.00  3157
mean.Po[10]      0.09612252 0.033896477  3.986174e-02  0.09264497  0.16922413 1.01  3318
mean.Po[11]      0.07794604 0.030414916  2.923714e-02  0.07359440  0.14857712 1.00  3154
mean.Po[12]      0.08718746 0.031831922  3.518172e-02  0.08400143  0.15805582 1.00  2998
mean.Po[13]      0.04176869 0.020233784  1.194892e-02  0.03896693  0.08964175 1.01  2815
mean.Po[14]      0.03458414 0.017111539  9.032593e-03  0.03205765  0.07522583 1.00  2719
mean.Po[15]      0.03233273 0.015929985  9.136946e-03  0.02978096  0.07043339 1.00  2633
mean.Po[16]      0.02898249 0.014198853  7.962755e-03  0.02689631  0.06193026 1.00  3033
mean.Po[17]      0.03430838 0.015342237  1.139198e-02  0.03212209  0.07064239 1.00  2834
mean.Po[18]      0.03533879 0.015863689  1.161799e-02  0.03308115  0.07347505 1.01  2731
mean.R[1, 1]     0.19019576 0.271741689  1.208001e-04  0.05315372  0.95146995 1.00  2780
mean.R[2, 1]     0.33526745 0.321954905  7.795891e-04  0.22166225  0.98231168 1.00  3082
mean.R[3, 1]     0.26477420 0.299565491  4.388478e-04  0.12721189  0.96483101 1.00  3167
mean.R[4, 1]     0.26402807 0.297921872  4.207050e-04  0.13011345  0.96885201 1.00  2957
mean.R[5, 1]     0.54028217 0.305283322  4.000684e-02  0.55180011  0.99249433 1.00  1155
mean.R[1, 2]     0.19497311 0.274299843  1.084285e-04  0.05518805  0.94603644 1.00  2906
mean.R[2, 2]     0.33115149 0.320465535  7.279835e-04  0.21476126  0.98465862 1.00  3361
mean.R[3, 2]     0.27245337 0.303430420  3.310561e-04  0.13314072  0.96639647 1.00  3230
mean.R[4, 2]     0.26999412 0.303152933  4.154223e-04  0.13355990  0.97204130 1.00  2732
mean.R[5, 2]     0.04557169 0.064497824  1.257256e-04  0.02055549  0.23509936 1.00  3144
mean.R[1, 3]     0.10257077 0.162693887  7.653858e-05  0.03097100  0.60522508 1.00  3210
mean.R[2, 3]     0.64557526 0.284276514  7.391121e-02  0.70761283  0.99622061 1.00  2404
mean.R[3, 3]     0.27072410 0.303462367  4.574805e-04  0.13357588  0.96838807 1.00  3151
mean.R[4, 3]     0.10869044 0.142773745  2.605220e-04  0.04933872  0.52551809 1.00  2797
mean.R[5, 3]     0.05965304 0.086720806  1.193404e-04  0.02416564  0.32250442 1.00  3405
mean.R[1, 4]     0.19064926 0.269693987  9.890296e-05  0.05234674  0.94002776 1.00  3032
mean.R[2, 4]     0.42855024 0.255226646  3.212813e-02  0.40729034  0.91986594 1.00  3710
mean.R[3, 4]     0.08635637 0.117549620  2.354219e-04  0.03884304  0.43926029 1.00  2574
mean.R[4, 4]     0.28045254 0.309512464  5.017983e-04  0.13864332  0.97467446 1.00  3120
mean.R[5, 4]     0.05752223 0.083200463  1.437481e-04  0.02381546  0.31164629 1.01  3321
mean.R[1, 5]     0.18459478 0.265444847  1.084472e-04  0.05045621  0.94065711 1.00  3092
mean.R[2, 5]     0.34245468 0.325774702  8.074174e-04  0.22899761  0.98239783 1.00  3337
mean.R[3, 5]     0.78137710 0.196605114  2.954612e-01  0.83864525  0.99703360 1.00  1067
mean.R[4, 5]     0.26639478 0.297445302  4.063499e-04  0.13227885  0.96819081 1.00  3086
mean.R[5, 5]     0.06544350 0.097455308  1.553560e-04  0.02691280  0.36380865 1.00  3058
mean.R[1, 6]     0.19351337 0.275667150  9.171937e-05  0.05368192  0.96077290 1.00  2466
mean.R[2, 6]     0.33911048 0.326052290  9.710112e-04  0.21930133  0.98419877 1.00  2974
mean.R[3, 6]     0.26586910 0.299764850  3.322369e-04  0.13142043  0.96496657 1.00  3230
mean.R[4, 6]     0.05057438 0.067996354  1.539147e-04  0.02422993  0.24787775 1.00  1569
mean.R[5, 6]     0.09178943 0.076225398  5.159593e-03  0.07098503  0.29135655 1.00  4065
mean.R[1, 7]     0.19059275 0.274556637  8.634750e-05  0.04697581  0.93862665 1.00  2880
mean.R[2, 7]     0.18473574 0.216811443  6.147557e-04  0.09360067  0.77144997 1.00  3164
mean.R[3, 7]     0.10809174 0.143301108  2.233888e-04  0.04878649  0.51774454 1.00  3452
mean.R[4, 7]     0.27225093 0.300085843  5.215104e-04  0.14635771  0.96653412 1.01  3099
mean.R[5, 7]     0.53801076 0.307129908  3.419613e-02  0.55258404  0.99164336 1.00   837
mean.R[1, 8]     0.18628703 0.268473537  1.246660e-04  0.05175948  0.93835952 1.00  2624
mean.R[2, 8]     0.33474182 0.324825660  7.956702e-04  0.21188213  0.98568969 1.00  3391
mean.R[3, 8]     0.43324309 0.207835643  8.138352e-02  0.41704183  0.84937888 1.00  3293
mean.R[4, 8]     0.39214039 0.166312530  1.057877e-01  0.38065045  0.73322222 1.00  3544
mean.R[5, 8]     0.15113322 0.123135435  9.236664e-03  0.11779304  0.46779572 1.00  4225
mean.R[1, 9]     0.19174913 0.274069720  8.345138e-05  0.05426706  0.95092046 1.00  2923
mean.R[2, 9]     0.34115201 0.322693916  1.059326e-03  0.22844250  0.98099238 1.00  3344
mean.R[3, 9]     0.54370571 0.232971832  1.140265e-01  0.55191121  0.94230558 1.00  3428
mean.R[4, 9]     0.39490864 0.164824856  1.100305e-01  0.38410472  0.73309413 1.00  3759
mean.R[5, 9]     0.04158643 0.060787309  9.140038e-05  0.01761181  0.21635510 1.00  2790
mean.R[1, 10]    0.10685387 0.165143407  8.894647e-05  0.03308210  0.61533386 1.01  3510
mean.R[2, 10]    0.35231003 0.326429176  7.382105e-04  0.24771489  0.98441012 1.00  2942
mean.R[3, 10]    0.14778729 0.190602234  2.473346e-04  0.06580663  0.69567092 1.00  3536
mean.R[4, 10]    0.52816184 0.193647981  1.558277e-01  0.52970097  0.87707798 1.00  3673
mean.R[5, 10]    0.21830755 0.280102951  2.312976e-04  0.08159459  0.95877498 1.00  2808
mean.R[1, 11]    0.19204662 0.276995119  8.594242e-05  0.04951667  0.95926546 1.00  2542
mean.R[2, 11]    0.31283106 0.206479104  2.267438e-02  0.27633989  0.78184510 1.00  3934
mean.R[3, 11]    0.26860335 0.296642720  3.334458e-04  0.14052463  0.96218515 1.00  3380
mean.R[4, 11]    0.28116843 0.310141298  5.553370e-04  0.13885108  0.97943731 1.00  2705
mean.R[5, 11]    0.11061886 0.164799820  1.909503e-04  0.04084414  0.62708328 1.00  3239
mean.R[1, 12]    0.19416230 0.273105071  1.316750e-04  0.05660374  0.94961090 1.00  2750
mean.R[2, 12]    0.34528027 0.330808037  8.813825e-04  0.22559869  0.98461912 1.00  3452
mean.R[3, 12]    0.14879354 0.192357680  2.251968e-04  0.06452639  0.70313159 1.00  3388
mean.R[4, 12]    0.15259628 0.197033847  3.397483e-04  0.06822063  0.72255575 1.00  2944
mean.R[5, 12]    0.04580787 0.065614857  1.156388e-04  0.01981087  0.24471825 1.00  3366
mean.R[1, 13]    0.19335492 0.274785880  1.131509e-04  0.05307360  0.95563400 1.01  3073
mean.R[2, 13]    0.63656927 0.277610232  8.025755e-02  0.68322803  0.99487844 1.00  2326
mean.R[3, 13]    0.26712398 0.302100545  4.467238e-04  0.12834878  0.96557392 1.00  3251
mean.R[4, 13]    0.27474345 0.304211433  4.731320e-04  0.14197683  0.97825502 1.00  2801
mean.R[5, 13]    0.75471087 0.209737010  2.460451e-01  0.80893691  0.99644053 1.00   677
mean.R[1, 14]    0.19711266 0.275770634  9.036007e-05  0.05553062  0.95024227 1.00  2823
mean.R[2, 14]    0.12802793 0.156975370  4.019396e-04  0.06505692  0.57310541 1.00  2479
mean.R[3, 14]    0.27209053 0.304904392  4.329809e-04  0.13507184  0.97043413 1.00  2735
mean.R[4, 14]    0.58071811 0.293622058  4.935621e-02  0.61098127  0.99259217 1.00  1439
mean.R[5, 14]    0.11150090 0.093914943  6.568116e-03  0.08677701  0.35699889 1.00  3851
mean.R[1, 15]    0.19748239 0.275998631  1.063223e-04  0.05550922  0.95330735 1.00  2939
mean.R[2, 15]    0.63801460 0.283108317  7.443122e-02  0.69096387  0.99622822 1.00  2267
mean.R[3, 15]    0.14846550 0.191619451  2.783741e-04  0.06580579  0.70680889 1.00  3152
mean.R[4, 15]    0.27707051 0.302808089  4.458380e-04  0.14577915  0.97121474 1.00  2988
mean.R[5, 15]    0.08517383 0.125052003  1.666731e-04  0.03274068  0.45794015 1.00  3305
mean.R[1, 16]    0.18935368 0.272949910  9.629630e-05  0.05042404  0.94987449 1.00  2744
mean.R[2, 16]    0.64042997 0.281699093  8.312274e-02  0.69292155  0.99548509 1.00  2499
mean.R[3, 16]    0.26537484 0.297726088  3.773381e-04  0.13532964  0.97241992 1.00  3155
mean.R[4, 16]    0.10811846 0.144606153  1.975302e-04  0.04721785  0.53518402 1.01  2831
mean.R[5, 16]    0.20400785 0.272965439  2.511361e-04  0.07300182  0.94961942 1.00  2889
mean.R[1, 17]    0.18304103 0.264491522  8.904781e-05  0.05277526  0.93599507 1.00  2446
mean.R[2, 17]    0.27552807 0.299833089  7.493244e-04  0.14759411  0.97059249 1.00  1799
mean.R[3, 17]    0.19231904 0.262307271  2.046370e-04  0.07063405  0.94019177 1.02  1160
mean.R[4, 17]    0.25000714 0.290135373  3.947904e-04  0.12174887  0.96779840 1.00  2490
mean.R[5, 17]    0.13098180 0.233259020  1.833607e-04  0.03202786  0.94871125 1.17   215
mean.phi[1, 1]   0.97252293 0.037633720  8.723014e-01  0.98506881  0.99918507 1.01  3732
mean.phi[2, 1]   0.96740727 0.037938635  8.589330e-01  0.98029031  0.99863079 1.00  3799
mean.phi[3, 1]   0.96140748 0.050851671  8.150176e-01  0.97898932  0.99861246 1.00  3807
mean.phi[4, 1]   0.94112552 0.061829820  7.674768e-01  0.96147044  0.99707284 1.00  3527
mean.phi[5, 1]   0.88925722 0.072317081  7.111390e-01  0.90427302  0.98308748 1.00  4194
mean.phi[1, 2]   0.97325613 0.030422531  8.871357e-01  0.98369694  0.99914531 1.00  4169
mean.phi[2, 2]   0.96530676 0.036932440  8.613674e-01  0.97774148  0.99832520 1.01  3307
mean.phi[3, 2]   0.97051073 0.034832322  8.745300e-01  0.98210676  0.99883334 1.00  3436
mean.phi[4, 2]   0.93649538 0.063902920  7.595191e-01  0.95775008  0.99704993 1.00  2922
mean.phi[5, 2]   0.61514948 0.114661857  3.803777e-01  0.61987120  0.82317116 1.00  3803
mean.phi[1, 3]   0.94568275 0.048817959  8.147561e-01  0.95991162  0.99683738 1.00  5046
mean.phi[2, 3]   0.95484786 0.035427046  8.623157e-01  0.96391621  0.99531392 1.00  4200
mean.phi[3, 3]   0.97793401 0.023508266  9.131934e-01  0.98584410  0.99904603 1.00  2805
mean.phi[4, 3]   0.80886220 0.120130771  5.193482e-01  0.83268938  0.97159334 1.01  3909
mean.phi[5, 3]   0.70161274 0.112380826  4.568981e-01  0.71100661  0.88914443 1.00  3665
mean.phi[1, 4]   0.97054779 0.035392583  8.704343e-01  0.98274946  0.99910301 1.00  3794
mean.phi[2, 4]   0.94753759 0.033424346  8.654353e-01  0.95480775  0.99114511 1.00  4424
mean.phi[3, 4]   0.92578981 0.042159339  8.230297e-01  0.93416970  0.98363937 1.00  4768
mean.phi[4, 4]   0.95294087 0.045165961  8.327929e-01  0.96706339  0.99760319 1.00  2722
mean.phi[5, 4]   0.69183824 0.113093301  4.476785e-01  0.70126430  0.88408072 1.01  3907
mean.phi[1, 5]   0.97983330 0.023573073  9.142200e-01  0.98769897  0.99916613 1.00  3930
mean.phi[2, 5]   0.98056697 0.019343948  9.268052e-01  0.98642010  0.99880822 1.01  3533
mean.phi[3, 5]   0.95073117 0.026607495  8.860033e-01  0.95544444  0.98779632 1.00  3777
mean.phi[4, 5]   0.96473947 0.033442731  8.769120e-01  0.97442526  0.99762676 1.00  3007
mean.phi[5, 5]   0.80760174 0.088047914  6.038834e-01  0.81861283  0.94067415 1.00  3632
mean.phi[1, 6]   0.96339646 0.056052777  8.041204e-01  0.98293314  0.99897165 1.00  3143
mean.phi[2, 6]   0.98073038 0.019403106  9.263307e-01  0.98688503  0.99876329 1.00  3369
mean.phi[3, 6]   0.98849555 0.010283710  9.613267e-01  0.99147298  0.99899182 1.00  3050
mean.phi[4, 6]   0.70156933 0.096380882  4.965600e-01  0.70890538  0.86767844 1.00  3186
mean.phi[5, 6]   0.39922335 0.113991006  1.852074e-01  0.39588114  0.63055711 1.00  3223
mean.phi[1, 7]   0.97917550 0.027111376  9.046331e-01  0.98829296  0.99925850 1.00  3651
mean.phi[2, 7]   0.95021658 0.043307162  8.362677e-01  0.96306569  0.99542576 1.00  3481
mean.phi[3, 7]   0.97178470 0.017290823  9.288234e-01  0.97524006  0.99422935 1.00  3917
mean.phi[4, 7]   0.96927725 0.028460842  8.909896e-01  0.97779293  0.99786345 1.00  3287
mean.phi[5, 7]   0.83776820 0.109519274  5.618218e-01  0.86288501  0.97777279 1.00  3495
mean.phi[1, 8]   0.97126686 0.040797602  8.548672e-01  0.98568573  0.99914758 1.00  3229
mean.phi[2, 8]   0.97685723 0.024094259  9.111427e-01  0.98458015  0.99865494 1.00  3767
mean.phi[3, 8]   0.94914328 0.024153463  8.932489e-01  0.95254298  0.98523007 1.00  3787
mean.phi[4, 8]   0.81900554 0.061043973  6.823205e-01  0.82471135  0.92030964 1.00  3715
mean.phi[5, 8]   0.51023906 0.137271818  2.436858e-01  0.51145747  0.77215856 1.00  3341
mean.phi[1, 9]   0.98669839 0.014008242  9.480909e-01  0.99121072  0.99924884 1.00  3731
mean.phi[2, 9]   0.97767731 0.023326962  9.127899e-01  0.98561865  0.99860550 1.01  3489
mean.phi[3, 9]   0.94245733 0.031484289  8.642793e-01  0.94858274  0.98638974 1.00  3653
mean.phi[4, 9]   0.86928135 0.045571843  7.673569e-01  0.87482047  0.94197024 1.00  4042
mean.phi[5, 9]   0.53953307 0.125764866  2.920127e-01  0.54231805  0.77627552 1.00  3455
mean.phi[1, 10]  0.95331757 0.044127233  8.315316e-01  0.96640413  0.99678533 1.00  3189
mean.phi[2, 10]  0.98537843 0.013942734  9.485998e-01  0.98948419  0.99895195 1.01  3732
mean.phi[3, 10]  0.97190547 0.021043035  9.161990e-01  0.97725102  0.99633863 1.00  3823
mean.phi[4, 10]  0.90906858 0.037336084  8.233668e-01  0.91418309  0.96819015 1.00  4148
mean.phi[5, 10]  0.93962869 0.048286126  8.133751e-01  0.95326304  0.99394025 1.01  3064
mean.phi[1, 11]  0.98176363 0.021890055  9.214799e-01  0.98904644  0.99924381 1.00  3671
mean.phi[2, 11]  0.94966634 0.027481118  8.815390e-01  0.95489980  0.98756671 1.00  3908
mean.phi[3, 11]  0.98338341 0.016049362  9.404114e-01  0.98847878  0.99876254 1.00  3412
mean.phi[4, 11]  0.98056097 0.016426765  9.372230e-01  0.98501651  0.99831989 1.00  3072
mean.phi[5, 11]  0.93086530 0.042295792  8.275124e-01  0.93865245  0.98733462 1.00  3196
mean.phi[1, 12]  0.98384888 0.017738018  9.342263e-01  0.98972156  0.99913841 1.01  3568
mean.phi[2, 12]  0.98101172 0.018830466  9.316595e-01  0.98681620  0.99876686 1.01  3249
mean.phi[3, 12]  0.97800120 0.015781073  9.370617e-01  0.98157318  0.99684616 1.00  3681
mean.phi[4, 12]  0.96216851 0.025773452  8.976425e-01  0.96852964  0.99442334 1.00  3646
mean.phi[5, 12]  0.86583973 0.046384370  7.629819e-01  0.87033488  0.94245785 1.00  3936
mean.phi[1, 13]  0.98465313 0.016423262  9.400250e-01  0.98988284  0.99908649 1.01  3684
mean.phi[2, 13]  0.97153433 0.021326164  9.159851e-01  0.97701442  0.99616914 1.00  3497
mean.phi[3, 13]  0.98820358 0.010335409  9.614169e-01  0.99112164  0.99888615 1.01  2821
mean.phi[4, 13]  0.97101527 0.024592089  9.073199e-01  0.97797239  0.99756049 1.00  3265
mean.phi[5, 13]  0.92930823 0.032287416  8.535380e-01  0.93447470  0.97789567 1.00  3711
mean.phi[1, 14]  0.98341958 0.017933740  9.331707e-01  0.98936992  0.99906965 1.01  3809
mean.phi[2, 14]  0.96296790 0.022788824  9.068934e-01  0.96789200  0.99239279 1.00  3767
mean.phi[3, 14]  0.98852633 0.010002477  9.626836e-01  0.99133302  0.99900261 1.01  2760
mean.phi[4, 14]  0.95262447 0.032864699  8.690759e-01  0.96050008  0.99315403 1.00  3532
mean.phi[5, 14]  0.85205220 0.043590188  7.587970e-01  0.85513044  0.92615453 1.00  3860
mean.phi[1, 15]  0.98654453 0.013873391  9.484603e-01  0.99107688  0.99926419 1.00  3796
mean.phi[2, 15]  0.97571730 0.017705161  9.305332e-01  0.97992062  0.99663516 1.00  3969
mean.phi[3, 15]  0.98347645 0.011649651  9.536780e-01  0.98619627  0.99737655 1.01  3424
mean.phi[4, 15]  0.96768017 0.029924586  8.871375e-01  0.97683318  0.99771620 1.00  3261
mean.phi[5, 15]  0.95421347 0.023563055  8.969809e-01  0.95820951  0.98789747 1.00  3613
mean.phi[1, 16]  0.98366397 0.018420506  9.313322e-01  0.98975301  0.99919405 1.00  3698
mean.phi[2, 16]  0.97807439 0.015787852  9.378541e-01  0.98199937  0.99690436 1.01  3898
mean.phi[3, 16]  0.98932806 0.009213584  9.651418e-01  0.99191579  0.99912121 1.00  3300
mean.phi[4, 16]  0.95882687 0.023608062  9.001577e-01  0.96321516  0.99072297 1.00  3696
mean.phi[5, 16]  0.97632982 0.016864885  9.346488e-01  0.98027514  0.99682797 1.00  2599
mean.phi[1, 17]  0.96467738 0.049632031  8.145985e-01  0.98295394  0.99919026 1.00  2863
mean.phi[2, 17]  0.96980806 0.031910922  8.804538e-01  0.98123385  0.99872939 1.01   903
mean.phi[3, 17]  0.96403861 0.036210972  8.681620e-01  0.97673858  0.99852115 1.01   619
mean.phi[4, 17]  0.97486384 0.023091587  9.128155e-01  0.98157089  0.99816742 1.01  2181
mean.phi[5, 17]  0.88207368 0.101786450  6.214715e-01  0.90994551  0.99510019 1.03   329
mean.rO[1]       0.72438132 0.337050026  8.617913e-03  0.90815133  0.99981179 1.01  3652
mean.rO[2]       0.72781814 0.335181204  9.783180e-03  0.90930782  0.99980926 1.01  2562
mean.rO[3]       0.95880229 0.064017338  7.731068e-01  0.98507937  0.99993952 1.00  3992
mean.rO[4]       0.96378953 0.056556609  7.924920e-01  0.98631167  0.99995095 1.01  3914
mean.rO[5]       0.96806297 0.051094330  8.211633e-01  0.98804904  0.99994541 1.00  3763
mean.rO[6]       0.93684030 0.101521482  6.313348e-01  0.97871902  0.99991707 1.00  4023
mean.rO[7]       0.98075703 0.027146658  9.040739e-01  0.99115813  0.99995809 1.00  3304
mean.rO[8]       0.93499344 0.101667170  6.238209e-01  0.97820645  0.99988707 1.00  4204
mean.rO[9]       0.97302538 0.040229215  8.570222e-01  0.98883016  0.99995420 1.01  3837
mean.rO[10]      0.97541444 0.036140849  8.719692e-01  0.98963752  0.99995284 1.00  3926
mean.rO[11]      0.94664180 0.084897342  6.807340e-01  0.98091895  0.99991683 1.00  3617
mean.rO[12]      0.93366485 0.106934912  6.019492e-01  0.97797862  0.99992012 1.01  3984
mean.rO[13]      0.96588758 0.052484927  8.076282e-01  0.98689470  0.99993625 1.01  3891
mean.rO[14]      0.72435602 0.336806835  9.048749e-03  0.90788227  0.99983243 1.01  2410
mean.rO[15]      0.97035505 0.045277491  8.354520e-01  0.98818963  0.99996027 1.00  3438
mean.rO[16]      0.93415915 0.105748510  6.186519e-01  0.97825586  0.99991177 1.00  3947
mean.rO[17]      0.91828208 0.130220355  5.063613e-01  0.97354947  0.99990857 1.00  3857
mean.rO[18]      0.17041455 0.295540169  3.784720e-04  0.03776667  0.98784491 1.17   130
mean.rR[1]       0.77038327 0.269321947  3.838817e-02  0.88637721  0.99827667 1.01  1249
mean.rR[2]       0.85970887 0.166409116  3.642159e-01  0.91868308  0.99935125 1.01  3075
mean.rR[3]       0.76947338 0.270023535  3.066229e-02  0.88616489  0.99797324 1.01  1278
mean.rR[4]       0.86115711 0.162551963  3.695936e-01  0.91774604  0.99932634 1.00  3053
mean.rR[5]       0.86115638 0.165866073  3.633768e-01  0.91930402  0.99905093 1.00  3245
mean.rR[6]       0.90552265 0.104913606  6.041787e-01  0.93953370  0.99926269 1.00  3065
mean.rR[7]       0.85828534 0.171112419  3.382339e-01  0.91686433  0.99900938 1.01  2933
mean.rR[8]       0.86029053 0.167419329  3.450459e-01  0.91985015  0.99933979 1.01  3318
mean.rR[9]       0.92964739 0.074659041  7.326486e-01  0.95292613  0.99944904 1.00  2788
mean.rR[10]      0.92508423 0.079998452  7.074691e-01  0.94967306  0.99945344 1.00  3225
mean.rR[11]      0.90711733 0.104522971  6.102534e-01  0.94005290  0.99922806 1.01  3470
mean.rR[12]      0.85738732 0.169255491  3.524209e-01  0.91626170  0.99919367 1.01  3321
mean.rR[13]      0.77890021 0.261761479  4.502457e-02  0.88926930  0.99841258 1.02  1478
mean.rR[14]      0.91833507 0.089109003  6.721416e-01  0.94587617  0.99945719 1.00  3304
mean.rR[15]      0.88887011 0.128286995  5.079993e-01  0.92927999  0.99940627 1.01  3183
mean.rR[16]      0.86018697 0.167110160  3.494035e-01  0.91909991  0.99942297 1.00  2823
mean.rR[17]      0.86028692 0.165817542  3.580013e-01  0.92001043  0.99923287 1.01  3084
mean.rR[18]      0.63096672 0.354244576  4.680790e-03  0.80148988  0.99605227 1.04   272
mu.M[1]          0.21876522 0.036912749  1.501090e-01  0.21826253  0.29409496 1.00   928
mu.M[2]          0.07443884 0.015769232  4.589027e-02  0.07355365  0.10711254 1.00  1027
mu.M[3]          0.02127770 0.006018815  1.136911e-02  0.02062992  0.03435061 1.00  1531
mu.M[4]          0.01376180 0.005797396  4.971932e-03  0.01287332  0.02715714 1.01  2168
mu.M[5]          0.03296930 0.010315051  1.549517e-02  0.03211411  0.05551988 1.00  1442
mu.R[1]          0.08572314 0.083488083  1.747831e-03  0.05973366  0.30633165 1.01  1230
mu.R[2]          0.23539727 0.113092018  5.830460e-02  0.22175201  0.48944131 1.00  1402
mu.R[3]          0.14661028 0.091675947  2.361593e-02  0.13077861  0.36495147 1.00   945
mu.R[4]          0.14968217 0.092058779  2.225060e-02  0.13108840  0.37389250 1.01   571
mu.R[5]          0.08777654 0.056253221  1.318373e-02  0.07701832  0.22401205 1.00   682
mu.phi[1]        0.97777486 0.013075585  9.459468e-01  0.98065980  0.99424154 1.01  1113
mu.phi[2]        0.96845059 0.013768987  9.342601e-01  0.97091155  0.98811562 1.00   647
mu.phi[3]        0.97137195 0.011550259  9.437038e-01  0.97366191  0.98761431 1.00   557
mu.phi[4]        0.93535759 0.024414666  8.805875e-01  0.93849466  0.97222724 1.02   410
mu.phi[5]        0.80739418 0.054031504  6.839531e-01  0.81375828  0.89247438 1.06   299
mu.rO            0.86699434 0.094062727  6.346172e-01  0.89013634  0.98138637 1.05   635
mu.rR            0.84954666 0.094051654  6.085254e-01  0.87289520  0.96703730 1.02   673
sigma.M          0.56965860 0.177820982  2.378554e-01  0.56997123  0.94286933 1.02   102
sigma.R          2.57379907 0.726268510  1.162397e+00  2.58901155  3.87543648 1.02   112
sigma.phi        1.27159356 0.221806068  8.982062e-01  1.25267255  1.77512995 1.01   351
sigma.rO         3.09257295 0.834536941  7.758261e-01  3.34632988  3.97727572 1.13   183
sigma.rR         1.89226840 1.068446779  2.978439e-01  1.75090779  3.90414927 1.03   125
veg[1]          -0.29784214 0.938837569 -2.115889e+00 -0.30291068  1.53120505 1.00  2266
veg[2]           1.78600000 0.000000000  1.786000e+00  1.78600000  1.78600000  NaN     0
veg[3]           2.19000000 0.000000000  2.190000e+00  2.19000000  2.19000000  NaN     0
veg[4]           1.65100000 0.000000000  1.651000e+00  1.65100000  1.65100000  NaN     0
veg[5]          -0.54900000 0.000000000 -5.490000e-01 -0.54900000 -0.54900000  NaN     0
veg[6]          -0.44700000 0.000000000 -4.470000e-01 -0.44700000 -0.44700000  NaN     0
veg[7]          -0.95300000 0.000000000 -9.530000e-01 -0.95300000 -0.95300000  NaN     0
veg[8]          -0.51800000 0.000000000 -5.180000e-01 -0.51800000 -0.51800000  NaN     0
veg[9]          -0.53700000 0.000000000 -5.370000e-01 -0.53700000 -0.53700000  NaN     0
veg[10]         -0.66400000 0.000000000 -6.640000e-01 -0.66400000 -0.66400000  NaN     0
veg[11]         -0.50900000 0.000000000 -5.090000e-01 -0.50900000 -0.50900000  NaN     0
veg[12]         -0.37700000 0.000000000 -3.770000e-01 -0.37700000 -0.37700000  NaN     0
veg[13]          0.07500000 0.000000000  7.500000e-02  0.07500000  0.07500000  NaN     0
veg[14]         -0.24300000 0.000000000 -2.430000e-01 -0.24300000 -0.24300000  NaN     0
veg[15]         -0.51000000 0.000000000 -5.100000e-01 -0.51000000 -0.51000000  NaN     0
veg[16]         -0.39400000 0.000000000 -3.940000e-01 -0.39400000 -0.39400000  NaN     0
veg[17]         -0.36793462 0.982530112 -2.314238e+00 -0.37322187  1.55379336 1.00   803
