Information and diagnostics 
=========================== 
Total iter:                       10000 
Thin:                             1 
Num chains:                       3 
Max Rhat:                         1.03 
Min n.eff:                        0 


Model summary 
============= 
                     mean          sd        2.5%        50%     97.5% Rhat n.eff
mean.R[1, 1]    0.3799219 0.124775229 0.158415981 0.37381473 0.6421199 1.00  5847
mean.R[2, 1]    0.2553080 0.112071692 0.077205752 0.24272744 0.5104151 1.00  5658
mean.R[3, 1]    0.3237637 0.095147366 0.156190980 0.31892957 0.5253242 1.00  5892
mean.R[4, 1]    0.2905020 0.079100991 0.153347653 0.28500868 0.4613941 1.00  4907
mean.R[5, 1]    0.1382209 0.045494334 0.065311557 0.13314583 0.2403437 1.00  3733
mean.R[1, 2]    0.3691763 0.123184048 0.149974921 0.36421064 0.6254242 1.00  5980
mean.R[2, 2]    0.2465781 0.109076252 0.073346217 0.23373250 0.4939267 1.00  5731
mean.R[3, 2]    0.3135782 0.093340631 0.145227003 0.30877893 0.5068262 1.00  5184
mean.R[4, 2]    0.2806875 0.076202122 0.141119537 0.27605970 0.4396786 1.00  4716
mean.R[5, 2]    0.1322993 0.042006565 0.061459192 0.12868297 0.2251760 1.00  4468
mean.R[1, 3]    0.3730067 0.122744544 0.154785396 0.36762711 0.6278144 1.00  6368
mean.R[2, 3]    0.2496360 0.109714290 0.075846972 0.23685967 0.4966080 1.00  5556
mean.R[3, 3]    0.3172839 0.093711567 0.149369815 0.31269488 0.5100584 1.00  5115
mean.R[4, 3]    0.2841598 0.076641956 0.146719938 0.27854683 0.4467778 1.00  4485
mean.R[5, 3]    0.1344633 0.043683319 0.063388173 0.13021780 0.2301068 1.00  3534
mean.R[1, 4]    0.3681826 0.121503042 0.151219939 0.36343449 0.6214795 1.00  5752
mean.R[2, 4]    0.2458165 0.108399190 0.073701757 0.23286581 0.4944817 1.00  5676
mean.R[3, 4]    0.3124579 0.091028359 0.147569316 0.30797627 0.5030415 1.00  5541
mean.R[4, 4]    0.2800017 0.076024901 0.142856873 0.27589723 0.4366895 1.00  5187
mean.R[5, 4]    0.1319948 0.042308198 0.060788038 0.12804587 0.2252940 1.00  4365
mean.R[1, 5]    0.3862112 0.126792762 0.163060239 0.37974586 0.6575751 1.00  5291
mean.R[2, 5]    0.2607655 0.115384546 0.080528053 0.24643938 0.5222360 1.00  4174
mean.R[3, 5]    0.3296856 0.095776301 0.163220149 0.32326978 0.5361229 1.00  4400
mean.R[4, 5]    0.2964924 0.082517039 0.155698675 0.28913888 0.4782857 1.01  3068
mean.R[5, 5]    0.1419450 0.048901690 0.067363881 0.13563491 0.2520600 1.02  2668
mean.R[1, 6]    0.3619575 0.122869290 0.143583794 0.35578247 0.6184385 1.00  4876
mean.R[2, 6]    0.2407260 0.107521515 0.071475672 0.22697749 0.4834126 1.00  5667
mean.R[3, 6]    0.3068573 0.093006116 0.136634745 0.30351690 0.4962698 1.00  3651
mean.R[4, 6]    0.2738817 0.073769088 0.138165200 0.27016425 0.4262113 1.00  3631
mean.R[5, 6]    0.1286242 0.041040263 0.057488657 0.12554565 0.2184702 1.00  3401
mean.R[1, 7]    0.3727688 0.122221731 0.152958120 0.36843887 0.6262077 1.00  6101
mean.R[2, 7]    0.2492211 0.108634810 0.076092471 0.23605170 0.4919510 1.00  5977
mean.R[3, 7]    0.3168740 0.092103456 0.150891847 0.31268352 0.5088623 1.00  6090
mean.R[4, 7]    0.2840697 0.076844692 0.146809870 0.27937295 0.4468265 1.00  5425
mean.R[5, 7]    0.1342317 0.042684107 0.063433588 0.13005414 0.2290562 1.00  4474
mean.R[1, 8]    0.3845319 0.124358281 0.163223068 0.37869886 0.6448283 1.00  6243
mean.R[2, 8]    0.2591658 0.113250224 0.078761608 0.24538718 0.5179658 1.00  5626
mean.R[3, 8]    0.3279474 0.093665944 0.161903782 0.32280247 0.5265533 1.00  5808
mean.R[4, 8]    0.2943329 0.076251396 0.159470505 0.28921386 0.4560963 1.00  5760
mean.R[5, 8]    0.1405762 0.045143571 0.067379509 0.13551503 0.2418810 1.00  4123
mean.R[1, 9]    0.3807141 0.124328320 0.159724367 0.37431024 0.6445506 1.00  6268
mean.R[2, 9]    0.2560774 0.112194142 0.077044645 0.24260644 0.5088858 1.00  5616
mean.R[3, 9]    0.3242660 0.092677898 0.158877177 0.31892030 0.5205437 1.00  6230
mean.R[4, 9]    0.2908976 0.075936264 0.156256994 0.28568867 0.4517392 1.00  5164
mean.R[5, 9]    0.1384681 0.044466495 0.067432106 0.13361022 0.2396215 1.00  3892
mean.R[1, 10]   0.3814296 0.123126149 0.162014111 0.37609471 0.6419591 1.00  6399
mean.R[2, 10]   0.2567341 0.112316906 0.078142731 0.24369234 0.5108475 1.00  5675
mean.R[3, 10]   0.3251388 0.093519361 0.160206052 0.31981197 0.5223369 1.00  6195
mean.R[4, 10]   0.2917197 0.076520320 0.158357336 0.28670693 0.4536868 1.00  5601
mean.R[5, 10]   0.1390142 0.045114497 0.066539529 0.13381647 0.2408772 1.00  3984
mean.R[1, 11]   0.3737321 0.121981540 0.154137498 0.36896285 0.6294520 1.00  6013
mean.R[2, 11]   0.2503053 0.110359214 0.076291045 0.23704315 0.5024708 1.00  5391
mean.R[3, 11]   0.3180743 0.094122900 0.151028491 0.31226902 0.5146642 1.00  4759
mean.R[4, 11]   0.2851209 0.077930585 0.146233597 0.27963516 0.4502052 1.00  4554
mean.R[5, 11]   0.1350956 0.044306548 0.062664198 0.13053493 0.2329610 1.00  3627
mean.R[1, 12]   0.3664642 0.122521480 0.148663304 0.36006297 0.6235753 1.00  6273
mean.R[2, 12]   0.2444601 0.108327289 0.072667227 0.23106608 0.4907662 1.00  5635
mean.R[3, 12]   0.3111587 0.092919540 0.143355804 0.30742839 0.5027929 1.00  5111
mean.R[4, 12]   0.2782668 0.075372742 0.142085541 0.27457442 0.4353320 1.00  4678
mean.R[5, 12]   0.1309298 0.041595438 0.060898136 0.12750802 0.2228989 1.00  4376
mean.R[1, 13]   0.3949726 0.129020782 0.166705023 0.38756505 0.6732272 1.00  3181
mean.R[2, 13]   0.2683033 0.119522304 0.081322013 0.25225258 0.5396359 1.00  3206
mean.R[3, 13]   0.3382776 0.101007582 0.167108270 0.33057367 0.5632063 1.00  2598
mean.R[4, 13]   0.3046507 0.086572631 0.162326444 0.29569994 0.5021234 1.00  1393
mean.R[5, 13]   0.1471553 0.053378537 0.070445641 0.13921772 0.2725726 1.00  1286
mean.R[1, 14]   0.3744555 0.122482016 0.156707520 0.36996419 0.6316468 1.00  6095
mean.R[2, 14]   0.2507547 0.109817763 0.076607009 0.23706028 0.5028835 1.00  5826
mean.R[3, 14]   0.3186445 0.093465131 0.153254861 0.31403198 0.5174921 1.00  5600
mean.R[4, 14]   0.2856216 0.077145690 0.148620974 0.28087490 0.4495732 1.00  5035
mean.R[5, 14]   0.1350873 0.042764440 0.064263107 0.13086911 0.2310652 1.00  4200
mean.R[1, 15]   0.3759261 0.124004741 0.156072026 0.36968570 0.6350170 1.00  5785
mean.R[2, 15]   0.2518551 0.110629156 0.076659294 0.23826644 0.5039794 1.00  5432
mean.R[3, 15]   0.3198340 0.093834733 0.154319612 0.31516662 0.5177737 1.00  4684
mean.R[4, 15]   0.2868212 0.077819659 0.148230865 0.28175605 0.4505289 1.00  4365
mean.R[5, 15]   0.1359680 0.044325862 0.063913880 0.13107798 0.2358778 1.00  3876
mean.R[1, 16]   0.3754768 0.123653566 0.154983982 0.36914317 0.6341548 1.00  6246
mean.R[2, 16]   0.2515285 0.110027219 0.075380247 0.23778686 0.5019965 1.00  5757
mean.R[3, 16]   0.3194823 0.093781566 0.151932318 0.31487989 0.5158778 1.00  5934
mean.R[4, 16]   0.2863388 0.076972022 0.149922845 0.28123949 0.4496856 1.00  5454
mean.R[5, 16]   0.1358564 0.044426805 0.063523131 0.13094828 0.2366804 1.00  4250
mean.R[1, 17]   0.3739356 0.122800848 0.156189228 0.36743227 0.6310160 1.00  6290
mean.R[2, 17]   0.2505101 0.109964047 0.074862371 0.23776932 0.5018567 1.00  5599
mean.R[3, 17]   0.3181087 0.093074690 0.152421097 0.31307317 0.5119629 1.00  5947
mean.R[4, 17]   0.2851089 0.076781634 0.147958368 0.28016495 0.4474758 1.00  5037
mean.R[5, 17]   0.1350454 0.043769095 0.062712710 0.13060775 0.2330267 1.00  4156
mean.p[1]       0.7123219 0.011035623 0.690756431 0.71239686 0.7337195 1.00  5673
mean.p[2]       0.7123219 0.011035623 0.690756431 0.71239686 0.7337195 1.00  5673
mean.p[3]       0.7123219 0.011035623 0.690756431 0.71239686 0.7337195 1.00  5673
mean.p[4]       0.7123219 0.011035623 0.690756431 0.71239686 0.7337195 1.00  5673
mean.p[5]       0.7123219 0.011035623 0.690756431 0.71239686 0.7337195 1.00  5673
mean.p[6]       0.7123219 0.011035623 0.690756431 0.71239686 0.7337195 1.00  5673
mean.p[7]       0.7123219 0.011035623 0.690756431 0.71239686 0.7337195 1.00  5673
mean.p[8]       0.7123219 0.011035623 0.690756431 0.71239686 0.7337195 1.00  5673
mean.p[9]       0.7123219 0.011035623 0.690756431 0.71239686 0.7337195 1.00  5673
mean.p[10]      0.7123219 0.011035623 0.690756431 0.71239686 0.7337195 1.00  5673
mean.p[11]      0.7123219 0.011035623 0.690756431 0.71239686 0.7337195 1.00  5673
mean.p[12]      0.7123219 0.011035623 0.690756431 0.71239686 0.7337195 1.00  5673
mean.p[13]      0.7123219 0.011035623 0.690756431 0.71239686 0.7337195 1.00  5673
mean.p[14]      0.7123219 0.011035623 0.690756431 0.71239686 0.7337195 1.00  5673
mean.p[15]      0.7123219 0.011035623 0.690756431 0.71239686 0.7337195 1.00  5673
mean.p[16]      0.7123219 0.011035623 0.690756431 0.71239686 0.7337195 1.00  5673
mean.p[17]      0.7123219 0.011035623 0.690756431 0.71239686 0.7337195 1.00  5673
mean.p[18]      0.7123219 0.011035623 0.690756431 0.71239686 0.7337195 1.00  5673
mean.phi[1, 1]  0.9511296 0.045596738 0.826084680 0.96442509 0.9945190 1.00  6464
mean.phi[2, 1]  0.9527633 0.042071091 0.837883685 0.96511823 0.9944510 1.00  6995
mean.phi[3, 1]  0.9686420 0.030245355 0.884099004 0.97775192 0.9966309 1.00  6097
mean.phi[4, 1]  0.9296222 0.053918102 0.786234648 0.94432628 0.9903729 1.00  6142
mean.phi[5, 1]  0.8535916 0.072691184 0.681919179 0.86539738 0.9599210 1.00  6712
mean.phi[1, 2]  0.9574617 0.036319321 0.860684223 0.96789624 0.9947200 1.00  7025
mean.phi[2, 2]  0.9545876 0.039458875 0.846352547 0.96586069 0.9945302 1.00  6843
mean.phi[3, 2]  0.9745820 0.022006619 0.914489720 0.98088783 0.9967579 1.00  6614
mean.phi[4, 2]  0.9350445 0.048355744 0.807672686 0.94732844 0.9903873 1.00  6451
mean.phi[5, 2]  0.6490083 0.102619216 0.428420546 0.65639869 0.8256750 1.00  6876
mean.phi[1, 3]  0.9499829 0.034024075 0.863021150 0.95841292 0.9907762 1.00  7568
mean.phi[2, 3]  0.9555985 0.038826701 0.849970595 0.96704050 0.9945974 1.00  6692
mean.phi[3, 3]  0.9790225 0.016685094 0.934212394 0.98360914 0.9971091 1.00  6651
mean.phi[4, 3]  0.8550553 0.082758865 0.650236114 0.87231389 0.9649828 1.00  6428
mean.phi[5, 3]  0.7266742 0.096262754 0.517827627 0.73591719 0.8869853 1.00  7060
mean.phi[1, 4]  0.9374400 0.045512974 0.819350751 0.94938089 0.9898399 1.00  6666
mean.phi[2, 4]  0.9510937 0.031794019 0.869891632 0.95845914 0.9911058 1.00  8154
mean.phi[3, 4]  0.9400430 0.032864408 0.858374678 0.94661080 0.9846119 1.00  6971
mean.phi[4, 4]  0.9463241 0.038409281 0.846318477 0.95584529 0.9918820 1.00  5900
mean.phi[5, 4]  0.7167001 0.098656506 0.504565749 0.72585754 0.8824402 1.00  7084
mean.phi[1, 5]  0.9540413 0.041837725 0.838658555 0.96651661 0.9948196 1.00  6762
mean.phi[2, 5]  0.9602318 0.033058837 0.870389000 0.96965310 0.9951475 1.00  7049
mean.phi[3, 5]  0.9558736 0.023204546 0.898956093 0.96021393 0.9876894 1.00  6918
mean.phi[4, 5]  0.9501096 0.034112753 0.863089967 0.95819612 0.9916933 1.00  6699
mean.phi[5, 5]  0.7841917 0.084754092 0.590057664 0.79460733 0.9193501 1.00  7344
mean.phi[1, 6]  0.9593489 0.033990090 0.867802215 0.96876996 0.9948827 1.00  7015
mean.phi[2, 6]  0.9504370 0.044470481 0.827081506 0.96335086 0.9942817 1.00  6463
mean.phi[3, 6]  0.9848398 0.010893920 0.956644896 0.98747804 0.9976259 1.00  6564
mean.phi[4, 6]  0.7349139 0.089416454 0.540830341 0.74307888 0.8865883 1.00  5893
mean.phi[5, 6]  0.4343585 0.107571856 0.229006616 0.43231812 0.6499779 1.00  5484
mean.phi[1, 7]  0.9464807 0.052906755 0.796758155 0.96290292 0.9944648 1.00  6248
mean.phi[2, 7]  0.9293362 0.053076215 0.790813938 0.94345613 0.9892865 1.00  6765
mean.phi[3, 7]  0.9693819 0.017389313 0.925732389 0.97301890 0.9924988 1.00  7628
mean.phi[4, 7]  0.9550864 0.030645969 0.875847801 0.96218926 0.9926744 1.00  5485
mean.phi[5, 7]  0.7836156 0.108694244 0.528077647 0.80052175 0.9436563 1.00  6649
mean.phi[1, 8]  0.9577992 0.036803563 0.857732209 0.96823647 0.9949010 1.00  6561
mean.phi[2, 8]  0.9435109 0.055934702 0.789117526 0.96014794 0.9943276 1.01  6465
mean.phi[3, 8]  0.9429475 0.027388371 0.876342701 0.94779859 0.9818334 1.00  7155
mean.phi[4, 8]  0.8291410 0.057823412 0.700918578 0.83478017 0.9248492 1.00  7126
mean.phi[5, 8]  0.5353288 0.126653037 0.284254946 0.53576991 0.7741709 1.00  5865
mean.phi[1, 9]  0.9487870 0.048611576 0.812911912 0.96327139 0.9946210 1.00  6434
mean.phi[2, 9]  0.9554825 0.038103223 0.854995150 0.96613697 0.9947984 1.00  6391
mean.phi[3, 9]  0.9332786 0.037657787 0.840289736 0.94140886 0.9834511 1.00  6628
mean.phi[4, 9]  0.8731448 0.042773725 0.778421088 0.87781692 0.9433253 1.00  7369
mean.phi[5, 9]  0.5570953 0.115545186 0.323883675 0.56019680 0.7716698 1.00  6012
mean.phi[1, 10] 0.9727338 0.020382650 0.920256220 0.97799556 0.9959109 1.00  6767
mean.phi[2, 10] 0.9471224 0.049497421 0.811981062 0.96181339 0.9942455 1.00  6492
mean.phi[3, 10] 0.9632788 0.026384612 0.894591239 0.97020501 0.9938216 1.00  7347
mean.phi[4, 10] 0.9012451 0.038379917 0.813213047 0.90647472 0.9613021 1.00  7842
mean.phi[5, 10] 0.8945212 0.059575346 0.748115509 0.90560605 0.9768363 1.00  5759
mean.phi[1, 11] 0.9030062 0.064105836 0.738876034 0.91838547 0.9816098 1.00  6201
mean.phi[2, 11] 0.9585956 0.026369458 0.892010021 0.96474062 0.9916765 1.00  7610
mean.phi[3, 11] 0.9765215 0.019478841 0.924406979 0.98184136 0.9968400 1.01  6251
mean.phi[4, 11] 0.9648429 0.022457525 0.908170626 0.96987206 0.9933636 1.00  4762
mean.phi[5, 11] 0.8994647 0.048601291 0.787242649 0.90667405 0.9714529 1.00  6493
mean.phi[1, 12] 0.9658415 0.026405088 0.896955762 0.97293291 0.9952509 1.00  7737
mean.phi[2, 12] 0.9566306 0.037384997 0.856605848 0.96736352 0.9943760 1.00  6564
mean.phi[3, 12] 0.9728125 0.018031062 0.926790518 0.97708638 0.9947985 1.00  7486
mean.phi[4, 12] 0.9351775 0.038858484 0.837731257 0.94338992 0.9866428 1.00  6561
mean.phi[5, 12] 0.8500038 0.047843395 0.744758736 0.85416217 0.9307791 1.00  7293
mean.phi[1, 13] 0.9478921 0.036140460 0.854653068 0.95652076 0.9908870 1.00  7633
mean.phi[2, 13] 0.9648413 0.027624169 0.892581406 0.97222155 0.9951696 1.00  7074
mean.phi[3, 13] 0.9826250 0.012871979 0.948737606 0.98590509 0.9974463 1.00  6075
mean.phi[4, 13] 0.9450218 0.039058165 0.843410595 0.95492506 0.9914393 1.00  5756
mean.phi[5, 13] 0.9068647 0.036761044 0.823156371 0.91157707 0.9642658 1.00  6344
mean.phi[1, 14] 0.9436160 0.040003550 0.840025939 0.95371339 0.9906793 1.00  7394
mean.phi[2, 14] 0.9445720 0.037794157 0.846768530 0.95385954 0.9899264 1.00  7467
mean.phi[3, 14] 0.9840896 0.011347352 0.954708003 0.98678238 0.9975360 1.00  6011
mean.phi[4, 14] 0.9240510 0.046637727 0.807086531 0.93402508 0.9842004 1.00  6490
mean.phi[5, 14] 0.8124491 0.050693153 0.705156057 0.81607430 0.9026101 1.00  7648
mean.phi[1, 15] 0.9673703 0.025198012 0.900964181 0.97416812 0.9956864 1.00  7127
mean.phi[2, 15] 0.9487203 0.034553416 0.861019782 0.95711303 0.9905371 1.00  7639
mean.phi[3, 15] 0.9791536 0.012848787 0.947157774 0.98204355 0.9956513 1.00  7105
mean.phi[4, 15] 0.9423114 0.041467489 0.832400673 0.95289414 0.9904694 1.00  6866
mean.phi[5, 15] 0.9196416 0.034538547 0.839005032 0.92428593 0.9729819 1.00  5593
mean.phi[1, 16] 0.9722393 0.020359757 0.920016922 0.97738686 0.9957775 1.00  7246
mean.phi[2, 16] 0.9481004 0.035164276 0.858230045 0.95679545 0.9904366 1.00  7763
mean.phi[3, 16] 0.9844747 0.011109398 0.955849356 0.98723999 0.9974752 1.01  5754
mean.phi[4, 16] 0.9361776 0.032505886 0.858161733 0.94162176 0.9825403 1.00  7009
mean.phi[5, 16] 0.9470428 0.028177726 0.879224266 0.95199109 0.9868084 1.00  3716
mean.phi[1, 17] 0.9677440 0.024593344 0.903024820 0.97420864 0.9953066 1.00  6312
mean.phi[2, 17] 0.9622977 0.030632794 0.880360917 0.97054644 0.9950610 1.00  4912
mean.phi[3, 17] 0.9794600 0.015761633 0.938416274 0.98362912 0.9971466 1.00  4417
mean.phi[4, 17] 0.9512261 0.033549580 0.864110386 0.95926858 0.9920538 1.00  4262
mean.phi[5, 17] 0.5797858 0.130753717 0.335234283 0.57597976 0.8427797 1.00  1360
mean.rO[1]      0.5000000 0.000000000 0.500000000 0.50000000 0.5000000  NaN     0
mean.rO[2]      0.5000000 0.000000000 0.500000000 0.50000000 0.5000000  NaN     0
mean.rO[3]      0.5000000 0.000000000 0.500000000 0.50000000 0.5000000  NaN     0
mean.rO[4]      0.5000000 0.000000000 0.500000000 0.50000000 0.5000000  NaN     0
mean.rO[5]      0.5000000 0.000000000 0.500000000 0.50000000 0.5000000  NaN     0
mean.rO[6]      0.5000000 0.000000000 0.500000000 0.50000000 0.5000000  NaN     0
mean.rO[7]      0.5000000 0.000000000 0.500000000 0.50000000 0.5000000  NaN     0
mean.rO[8]      0.5000000 0.000000000 0.500000000 0.50000000 0.5000000  NaN     0
mean.rO[9]      0.5000000 0.000000000 0.500000000 0.50000000 0.5000000  NaN     0
mean.rO[10]     0.5000000 0.000000000 0.500000000 0.50000000 0.5000000  NaN     0
mean.rO[11]     0.5000000 0.000000000 0.500000000 0.50000000 0.5000000  NaN     0
mean.rO[12]     0.5000000 0.000000000 0.500000000 0.50000000 0.5000000  NaN     0
mean.rO[13]     0.5000000 0.000000000 0.500000000 0.50000000 0.5000000  NaN     0
mean.rO[14]     0.5000000 0.000000000 0.500000000 0.50000000 0.5000000  NaN     0
mean.rO[15]     0.5000000 0.000000000 0.500000000 0.50000000 0.5000000  NaN     0
mean.rO[16]     0.5000000 0.000000000 0.500000000 0.50000000 0.5000000  NaN     0
mean.rO[17]     0.5000000 0.000000000 0.500000000 0.50000000 0.5000000  NaN     0
mean.rO[18]     0.5000000 0.000000000 0.500000000 0.50000000 0.5000000  NaN     0
mean.rR[1]      0.5000000 0.000000000 0.500000000 0.50000000 0.5000000  NaN     0
mean.rR[2]      0.5000000 0.000000000 0.500000000 0.50000000 0.5000000  NaN     0
mean.rR[3]      0.5000000 0.000000000 0.500000000 0.50000000 0.5000000  NaN     0
mean.rR[4]      0.5000000 0.000000000 0.500000000 0.50000000 0.5000000  NaN     0
mean.rR[5]      0.5000000 0.000000000 0.500000000 0.50000000 0.5000000  NaN     0
mean.rR[6]      0.5000000 0.000000000 0.500000000 0.50000000 0.5000000  NaN     0
mean.rR[7]      0.5000000 0.000000000 0.500000000 0.50000000 0.5000000  NaN     0
mean.rR[8]      0.5000000 0.000000000 0.500000000 0.50000000 0.5000000  NaN     0
mean.rR[9]      0.5000000 0.000000000 0.500000000 0.50000000 0.5000000  NaN     0
mean.rR[10]     0.5000000 0.000000000 0.500000000 0.50000000 0.5000000  NaN     0
mean.rR[11]     0.5000000 0.000000000 0.500000000 0.50000000 0.5000000  NaN     0
mean.rR[12]     0.5000000 0.000000000 0.500000000 0.50000000 0.5000000  NaN     0
mean.rR[13]     0.5000000 0.000000000 0.500000000 0.50000000 0.5000000  NaN     0
mean.rR[14]     0.5000000 0.000000000 0.500000000 0.50000000 0.5000000  NaN     0
mean.rR[15]     0.5000000 0.000000000 0.500000000 0.50000000 0.5000000  NaN     0
mean.rR[16]     0.5000000 0.000000000 0.500000000 0.50000000 0.5000000  NaN     0
mean.rR[17]     0.5000000 0.000000000 0.500000000 0.50000000 0.5000000  NaN     0
mean.rR[18]     0.5000000 0.000000000 0.500000000 0.50000000 0.5000000  NaN     0
mu.R[1]         0.3738290 0.118392944 0.160452370 0.36965958 0.6224057 1.00  6623
mu.R[2]         0.2498317 0.106207661 0.078413659 0.23782707 0.4868820 1.00  5990
mu.R[3]         0.3176370 0.087383510 0.161025119 0.31391110 0.4969141 1.00  6481
mu.R[4]         0.2844588 0.069997456 0.158822352 0.28024421 0.4289784 1.00  6167
mu.R[5]         0.1341897 0.038976076 0.067842603 0.13102311 0.2213787 1.00  4919
mu.p            0.7123219 0.011035623 0.690756431 0.71239686 0.7337195 1.00  5673
mu.phi[1]       0.9585101 0.015823111 0.921767500 0.96080339 0.9824990 1.00  3612
mu.phi[2]       0.9561650 0.016927710 0.916181283 0.95871351 0.9818695 1.00  3230
mu.phi[3]       0.9750132 0.008154079 0.956569150 0.97614562 0.9881326 1.01  2079
mu.phi[4]       0.9266797 0.020101813 0.882350403 0.92844669 0.9600977 1.00  1451
mu.phi[5]       0.7623396 0.041249192 0.674118332 0.76476267 0.8365340 1.00  1283
mu.rO           0.5000000 0.000000000 0.500000000 0.50000000 0.5000000  NaN     0
mu.rR           0.5000000 0.000000000 0.500000000 0.50000000 0.5000000  NaN     0
sigma.R         0.1296633 0.122840874 0.009393269 0.08812521 0.4625440 1.03   110
sigma.phi       0.8836243 0.136432909 0.634187538 0.87604732 1.1753266 1.00   749
