Information and diagnostics 
=========================== 
Total iter:                       10000 
Thin:                             1 
Num chains:                       3 
Max Rhat:                         1.05 
Min n.eff:                        115 


Model summary 
============= 
                     mean          sd       2.5%       50%     97.5% Rhat n.eff
mean.R[1, 1]    0.3789594 0.126119670 0.15513130 0.3726621 0.6442759 1.00  6183
mean.R[2, 1]    0.2584052 0.114248501 0.07674040 0.2450317 0.5088570 1.00  5664
mean.R[3, 1]    0.3267963 0.097151910 0.15568023 0.3203663 0.5311747 1.00  5455
mean.R[4, 1]    0.2929055 0.080850541 0.15280078 0.2874197 0.4679420 1.00  5306
mean.R[5, 1]    0.1424288 0.049705607 0.06465942 0.1367901 0.2565292 1.00  4145
mean.R[1, 2]    0.3648332 0.123434176 0.14749801 0.3576534 0.6207070 1.00  6302
mean.R[2, 2]    0.2467159 0.109329188 0.07180068 0.2347948 0.4867166 1.00  5846
mean.R[3, 2]    0.3132380 0.093890463 0.14309620 0.3085629 0.5080422 1.00  5571
mean.R[4, 2]    0.2801937 0.078116608 0.13910152 0.2769543 0.4424542 1.00  5646
mean.R[5, 2]    0.1344838 0.045188810 0.05947987 0.1300691 0.2350938 1.00  5040
mean.R[1, 3]    0.3677724 0.123886331 0.15038422 0.3605588 0.6249889 1.00  6171
mean.R[2, 3]    0.2492306 0.110310191 0.07229681 0.2374376 0.4936240 1.00  5823
mean.R[3, 3]    0.3160022 0.093926788 0.14630375 0.3113427 0.5109685 1.00  5683
mean.R[4, 3]    0.2826172 0.077284014 0.14452812 0.2790359 0.4439108 1.00  5982
mean.R[5, 3]    0.1360655 0.045427989 0.06067200 0.1321467 0.2360333 1.00  4623
mean.R[1, 4]    0.3638041 0.123119051 0.14740591 0.3568043 0.6190651 1.00  6231
mean.R[2, 4]    0.2459007 0.108886231 0.07178387 0.2341551 0.4860178 1.00  5938
mean.R[3, 4]    0.3122679 0.092897323 0.14058504 0.3074546 0.5028655 1.00  5336
mean.R[4, 4]    0.2792294 0.077368789 0.14034749 0.2760762 0.4405087 1.00  5793
mean.R[5, 4]    0.1339463 0.044722723 0.05931982 0.1296194 0.2327051 1.00  5209
mean.R[1, 5]    0.3855134 0.127952195 0.16312468 0.3764411 0.6515533 1.00  5962
mean.R[2, 5]    0.2639645 0.116986712 0.07892240 0.2509503 0.5258662 1.00  5356
mean.R[3, 5]    0.3328613 0.097032762 0.16193398 0.3260448 0.5385586 1.00  4662
mean.R[4, 5]    0.2990766 0.083497028 0.15738542 0.2921420 0.4815605 1.00  4668
mean.R[5, 5]    0.1460912 0.051555988 0.06763886 0.1394539 0.2673929 1.00  3603
mean.R[1, 6]    0.3559552 0.123035171 0.13917656 0.3499380 0.6127046 1.00  5664
mean.R[2, 6]    0.2398937 0.107997132 0.06673173 0.2282231 0.4769457 1.00  5686
mean.R[3, 6]    0.3051858 0.093905419 0.13074873 0.3020445 0.4972757 1.00  3944
mean.R[4, 6]    0.2719819 0.075620145 0.13385733 0.2694976 0.4287554 1.00  3284
mean.R[5, 6]    0.1297197 0.042905826 0.05581739 0.1263457 0.2226889 1.00  4349
mean.R[1, 7]    0.3714940 0.124990859 0.15263303 0.3640297 0.6356934 1.00  6277
mean.R[2, 7]    0.2521379 0.111129376 0.07598551 0.2398971 0.4979532 1.00  5919
mean.R[3, 7]    0.3194543 0.094079528 0.15035239 0.3146220 0.5152164 1.00  5736
mean.R[4, 7]    0.2861943 0.079441459 0.14515814 0.2818264 0.4543621 1.00  5674
mean.R[5, 7]    0.1382065 0.046975449 0.06178742 0.1333525 0.2433688 1.00  4918
mean.R[1, 8]    0.3843325 0.126187180 0.16298615 0.3766512 0.6489960 1.00  6257
mean.R[2, 8]    0.2625400 0.114136070 0.08001669 0.2499615 0.5144474 1.00  5896
mean.R[3, 8]    0.3315528 0.094518819 0.16359258 0.3248781 0.5310165 1.00  5499
mean.R[4, 8]    0.2974215 0.077775156 0.16152759 0.2926190 0.4634065 1.00  5829
mean.R[5, 8]    0.1450001 0.048438326 0.06773570 0.1390219 0.2550996 1.00  4580
mean.R[1, 9]    0.3785851 0.124796051 0.15799389 0.3724980 0.6386730 1.00  6373
mean.R[2, 9]    0.2576693 0.112240228 0.07832732 0.2459167 0.5067478 1.00  5853
mean.R[3, 9]    0.3260861 0.093629933 0.15934474 0.3212268 0.5219916 1.00  5591
mean.R[4, 9]    0.2920695 0.076454119 0.15786413 0.2876307 0.4538343 1.00  6200
mean.R[5, 9]    0.1416331 0.046317123 0.06587745 0.1367142 0.2471306 1.00  4998
mean.R[1, 10]   0.3806714 0.126217727 0.16071389 0.3730315 0.6480310 1.00  6210
mean.R[2, 10]   0.2597304 0.114181324 0.07906358 0.2473552 0.5141085 1.00  5672
mean.R[3, 10]   0.3282910 0.096255806 0.15917993 0.3218792 0.5320588 1.00  5245
mean.R[4, 10]   0.2942340 0.079039218 0.15657337 0.2895197 0.4606748 1.00  4866
mean.R[5, 10]   0.1432655 0.049496105 0.06565531 0.1375255 0.2563522 1.00  4098
mean.R[1, 11]   0.3708934 0.122650380 0.15538420 0.3637962 0.6238435 1.00  6329
mean.R[2, 11]   0.2518701 0.111275643 0.07355568 0.2403856 0.4991250 1.00  5771
mean.R[3, 11]   0.3192154 0.095048106 0.14920275 0.3134196 0.5173089 1.00  5410
mean.R[4, 11]   0.2856416 0.078614538 0.14744935 0.2811461 0.4496738 1.00  5285
mean.R[5, 11]   0.1379364 0.047029754 0.06200445 0.1330921 0.2431292 1.01  4652
mean.R[1, 12]   0.3605868 0.124686187 0.13715014 0.3540456 0.6207050 1.00  5727
mean.R[2, 12]   0.2435125 0.109911716 0.06873626 0.2306094 0.4869523 1.00  5625
mean.R[3, 12]   0.3091823 0.094355924 0.13506940 0.3057006 0.5026210 1.00  4317
mean.R[4, 12]   0.2763451 0.078423521 0.13186262 0.2735833 0.4382930 1.00  3844
mean.R[5, 12]   0.1322831 0.044595807 0.05613706 0.1285981 0.2303151 1.00  4455
mean.R[1, 13]   0.3968104 0.132211234 0.16874993 0.3874418 0.6818580 1.00  3505
mean.R[2, 13]   0.2738765 0.123516404 0.08218629 0.2583954 0.5529848 1.00  3761
mean.R[3, 13]   0.3444018 0.106076140 0.16532086 0.3338020 0.5774400 1.00  1901
mean.R[4, 13]   0.3100870 0.092817225 0.16297853 0.2999828 0.5177307 1.01  1611
mean.R[5, 13]   0.1535953 0.061304735 0.06992209 0.1435328 0.2991465 1.01  1091
mean.R[1, 14]   0.3707257 0.123698692 0.15220817 0.3643300 0.6257525 1.00  6406
mean.R[2, 14]   0.2515080 0.110968847 0.07536271 0.2394372 0.4981284 1.00  5913
mean.R[3, 14]   0.3188647 0.094408146 0.14935502 0.3137544 0.5174487 1.00  5778
mean.R[4, 14]   0.2854644 0.078273045 0.14634864 0.2815852 0.4499222 1.00  5644
mean.R[5, 14]   0.1373180 0.044646810 0.06327006 0.1331421 0.2370993 1.00  5233
mean.R[1, 15]   0.3730082 0.124805567 0.15219951 0.3660389 0.6306475 1.00  6204
mean.R[2, 15]   0.2532998 0.111436600 0.07656719 0.2412993 0.5018722 1.00  5779
mean.R[3, 15]   0.3208659 0.094403232 0.15188900 0.3151361 0.5177807 1.00  5542
mean.R[4, 15]   0.2874910 0.079460753 0.14727521 0.2836415 0.4553361 1.00  5234
mean.R[5, 15]   0.1389258 0.047145893 0.06261969 0.1338115 0.2464195 1.00  4681
mean.R[1, 16]   0.3741417 0.125199965 0.15657443 0.3659819 0.6377590 1.00  6218
mean.R[2, 16]   0.2542828 0.111785884 0.07629759 0.2418860 0.5003335 1.00  5761
mean.R[3, 16]   0.3222182 0.096314489 0.14953424 0.3155732 0.5254360 1.00  4998
mean.R[4, 16]   0.2884557 0.079273542 0.14976517 0.2837211 0.4547036 1.00  5456
mean.R[5, 16]   0.1397489 0.048638575 0.06359591 0.1340367 0.2516502 1.00  4339
mean.R[1, 17]   0.3748872 0.126163970 0.15414256 0.3678297 0.6403764 1.00  5984
mean.R[2, 17]   0.2550088 0.113241815 0.07633762 0.2428035 0.5065590 1.00  5660
mean.R[3, 17]   0.3228821 0.097224604 0.14990459 0.3164514 0.5287090 1.00  5042
mean.R[4, 17]   0.2892114 0.081196221 0.14976070 0.2841820 0.4633959 1.00  4209
mean.R[5, 17]   0.1403864 0.050120246 0.06247174 0.1343818 0.2547354 1.00  3847
mean.p[1]       0.7027648 0.010759520 0.68154602 0.7027803 0.7234612 1.00  6614
mean.p[2]       0.7027648 0.010759520 0.68154602 0.7027803 0.7234612 1.00  6614
mean.p[3]       0.7027648 0.010759520 0.68154602 0.7027803 0.7234612 1.00  6614
mean.p[4]       0.7027648 0.010759520 0.68154602 0.7027803 0.7234612 1.00  6614
mean.p[5]       0.7027648 0.010759520 0.68154602 0.7027803 0.7234612 1.00  6614
mean.p[6]       0.7027648 0.010759520 0.68154602 0.7027803 0.7234612 1.00  6614
mean.p[7]       0.7027648 0.010759520 0.68154602 0.7027803 0.7234612 1.00  6614
mean.p[8]       0.7027648 0.010759520 0.68154602 0.7027803 0.7234612 1.00  6614
mean.p[9]       0.7027648 0.010759520 0.68154602 0.7027803 0.7234612 1.00  6614
mean.p[10]      0.7027648 0.010759520 0.68154602 0.7027803 0.7234612 1.00  6614
mean.p[11]      0.7027648 0.010759520 0.68154602 0.7027803 0.7234612 1.00  6614
mean.p[12]      0.7027648 0.010759520 0.68154602 0.7027803 0.7234612 1.00  6614
mean.p[13]      0.7027648 0.010759520 0.68154602 0.7027803 0.7234612 1.00  6614
mean.p[14]      0.7027648 0.010759520 0.68154602 0.7027803 0.7234612 1.00  6614
mean.p[15]      0.7027648 0.010759520 0.68154602 0.7027803 0.7234612 1.00  6614
mean.p[16]      0.7027648 0.010759520 0.68154602 0.7027803 0.7234612 1.00  6614
mean.p[17]      0.7027648 0.010759520 0.68154602 0.7027803 0.7234612 1.00  6614
mean.p[18]      0.7027648 0.010759520 0.68154602 0.7027803 0.7234612 1.00  6614
mean.phi[1, 1]  0.9518263 0.046835708 0.82001364 0.9664345 0.9949116 1.00  6891
mean.phi[2, 1]  0.9547499 0.041549929 0.84251742 0.9667066 0.9952364 1.00  6803
mean.phi[3, 1]  0.9689089 0.032783779 0.87863688 0.9790730 0.9967431 1.00  6066
mean.phi[4, 1]  0.9317857 0.055918428 0.78238349 0.9475668 0.9910657 1.00  6512
mean.phi[5, 1]  0.8636727 0.070935275 0.69390705 0.8755468 0.9653738 1.00  6418
mean.phi[1, 2]  0.9585890 0.036600957 0.85859407 0.9695709 0.9953295 1.00  7409
mean.phi[2, 2]  0.9566220 0.039549194 0.84934748 0.9682874 0.9953926 1.00  6814
mean.phi[3, 2]  0.9750732 0.022923226 0.91538271 0.9817461 0.9972677 1.01  6402
mean.phi[4, 2]  0.9363428 0.050064543 0.80301426 0.9495105 0.9911443 1.00  6577
mean.phi[5, 2]  0.6516466 0.103364926 0.43732028 0.6586147 0.8350701 1.00  6784
mean.phi[1, 3]  0.9500911 0.034770223 0.86079829 0.9586590 0.9914521 1.00  7733
mean.phi[2, 3]  0.9582621 0.036458043 0.85753891 0.9687638 0.9955228 1.00  6904
mean.phi[3, 3]  0.9801686 0.016148951 0.93691521 0.9848131 0.9973855 1.00  7073
mean.phi[4, 3]  0.8503432 0.087614657 0.63357840 0.8678688 0.9671681 1.00  5744
mean.phi[5, 3]  0.7358593 0.095912039 0.52532702 0.7439523 0.8974866 1.00  7407
mean.phi[1, 4]  0.9377390 0.045308673 0.82002877 0.9491892 0.9904515 1.00  7596
mean.phi[2, 4]  0.9519387 0.032853519 0.86716767 0.9599392 0.9916268 1.00  7972
mean.phi[3, 4]  0.9402859 0.033252157 0.85834494 0.9467090 0.9845595 1.00  7053
mean.phi[4, 4]  0.9494016 0.037726027 0.84983713 0.9589965 0.9930133 1.00  6612
mean.phi[5, 4]  0.7208972 0.102564801 0.49756205 0.7316040 0.8929011 1.00  6788
mean.phi[1, 5]  0.9532480 0.044009940 0.83578932 0.9665904 0.9950866 1.00  6635
mean.phi[2, 5]  0.9615178 0.032830814 0.87178782 0.9708439 0.9954328 1.00  6912
mean.phi[3, 5]  0.9562984 0.023046053 0.90028978 0.9604934 0.9880325 1.00  7783
mean.phi[4, 5]  0.9524382 0.034700237 0.86277472 0.9611553 0.9930555 1.00  5981
mean.phi[5, 5]  0.7925697 0.084604558 0.60034366 0.8034338 0.9272418 1.00  6869
mean.phi[1, 6]  0.9590611 0.036583862 0.86095574 0.9699838 0.9957650 1.00  6392
mean.phi[2, 6]  0.9531754 0.044630584 0.83211273 0.9664910 0.9950401 1.00  6684
mean.phi[3, 6]  0.9858943 0.010433426 0.95955050 0.9885086 0.9979208 1.00  6330
mean.phi[4, 6]  0.7313600 0.089489008 0.53741833 0.7389841 0.8854520 1.00  6266
mean.phi[5, 6]  0.4351878 0.110986368 0.22853692 0.4336344 0.6557785 1.00  5002
mean.phi[1, 7]  0.9446783 0.056894049 0.78111765 0.9628620 0.9947064 1.01  6374
mean.phi[2, 7]  0.9281718 0.055035580 0.78095586 0.9427912 0.9897038 1.01  6990
mean.phi[3, 7]  0.9700075 0.017611307 0.92598821 0.9737128 0.9930075 1.00  7033
mean.phi[4, 7]  0.9581983 0.028871893 0.88381740 0.9652808 0.9929318 1.00  5879
mean.phi[5, 7]  0.7982740 0.108354373 0.53587583 0.8180300 0.9520193 1.00  6890
mean.phi[1, 8]  0.9580009 0.037788437 0.85453110 0.9693947 0.9954433 1.00  7268
mean.phi[2, 8]  0.9445176 0.056367051 0.79034232 0.9619486 0.9947515 1.00  6612
mean.phi[3, 8]  0.9430904 0.027640159 0.87756808 0.9477466 0.9827114 1.00  7295
mean.phi[4, 8]  0.8298063 0.057245164 0.70417515 0.8363414 0.9245334 1.00  7571
mean.phi[5, 8]  0.5424418 0.128198683 0.28521552 0.5454603 0.7777002 1.00  5965
mean.phi[1, 9]  0.9489172 0.050340427 0.81034005 0.9647501 0.9949755 1.00  6595
mean.phi[2, 9]  0.9579253 0.038367362 0.85668397 0.9692345 0.9952528 1.01  6861
mean.phi[3, 9]  0.9318917 0.038277730 0.83742143 0.9395655 0.9838026 1.00  6888
mean.phi[4, 9]  0.8715611 0.043935896 0.77382027 0.8761301 0.9432013 1.00  7596
mean.phi[5, 9]  0.5613714 0.114970323 0.32993068 0.5651459 0.7721737 1.00  6332
mean.phi[1, 10] 0.9729217 0.020826313 0.91866241 0.9783615 0.9962821 1.00  6746
mean.phi[2, 10] 0.9476316 0.051846212 0.80767837 0.9636531 0.9949979 1.00  6317
mean.phi[3, 10] 0.9632130 0.027556451 0.89060812 0.9708071 0.9941959 1.00  6899
mean.phi[4, 10] 0.9007446 0.038602197 0.81299752 0.9055904 0.9613825 1.00  7546
mean.phi[5, 10] 0.9074095 0.055457290 0.76972424 0.9185218 0.9808547 1.00  6047
mean.phi[1, 11] 0.8976970 0.067188623 0.72785390 0.9132791 0.9809535 1.00  6431
mean.phi[2, 11] 0.9598256 0.026444022 0.89133090 0.9658467 0.9927335 1.00  7169
mean.phi[3, 11] 0.9774112 0.019946828 0.92489873 0.9831401 0.9973174 1.00  5907
mean.phi[4, 11] 0.9670085 0.022349419 0.90992629 0.9723696 0.9942557 1.00  5570
mean.phi[5, 11] 0.9074864 0.046650435 0.79676501 0.9147531 0.9747493 1.00  6195
mean.phi[1, 12] 0.9661880 0.027817730 0.89169915 0.9741080 0.9959198 1.00  7252
mean.phi[2, 12] 0.9595342 0.035756560 0.86386073 0.9703522 0.9954742 1.00  7351
mean.phi[3, 12] 0.9737860 0.018371338 0.92602355 0.9781315 0.9955564 1.00  6732
mean.phi[4, 12] 0.9363896 0.038770538 0.84006722 0.9448284 0.9869905 1.00  7096
mean.phi[5, 12] 0.8539262 0.047521746 0.75009523 0.8585616 0.9340005 1.00  7017
mean.phi[1, 13] 0.9476327 0.036653674 0.85185233 0.9567921 0.9909740 1.00  7566
mean.phi[2, 13] 0.9662397 0.028106346 0.89312498 0.9739922 0.9956312 1.00  6837
mean.phi[3, 13] 0.9837894 0.012525166 0.95146942 0.9870891 0.9976936 1.00  6539
mean.phi[4, 13] 0.9477101 0.039136980 0.84211563 0.9577777 0.9922377 1.00  6418
mean.phi[5, 13] 0.9132685 0.034982184 0.83250455 0.9177158 0.9678684 1.00  7056
mean.phi[1, 14] 0.9427759 0.041984965 0.83236938 0.9539637 0.9906955 1.00  7272
mean.phi[2, 14] 0.9456062 0.038751246 0.84448251 0.9554756 0.9909470 1.00  7263
mean.phi[3, 14] 0.9851227 0.011058108 0.95633031 0.9879247 0.9978721 1.00  6347
mean.phi[4, 14] 0.9250039 0.047491203 0.80302275 0.9359086 0.9849533 1.00  6658
mean.phi[5, 14] 0.8159501 0.050020702 0.70897236 0.8201186 0.9025964 1.00  7893
mean.phi[1, 15] 0.9685040 0.025321530 0.90060979 0.9754619 0.9960313 1.00  6686
mean.phi[2, 15] 0.9493466 0.035405655 0.85772988 0.9580360 0.9915880 1.00  7335
mean.phi[3, 15] 0.9795616 0.013129242 0.94576091 0.9826238 0.9959991 1.00  7263
mean.phi[4, 15] 0.9430650 0.043049351 0.82870102 0.9545061 0.9921119 1.00  6284
mean.phi[5, 15] 0.9247976 0.033259764 0.84614674 0.9294920 0.9754925 1.00  6483
mean.phi[1, 16] 0.9732239 0.020385195 0.91966837 0.9785784 0.9963118 1.00  7319
mean.phi[2, 16] 0.9497266 0.034771534 0.85936205 0.9584198 0.9914287 1.00  7374
mean.phi[3, 16] 0.9855096 0.010718777 0.95767309 0.9882419 0.9979173 1.00  6297
mean.phi[4, 16] 0.9382804 0.032690816 0.85822994 0.9444643 0.9839825 1.00  6638
mean.phi[5, 16] 0.9534528 0.025730732 0.89062756 0.9582869 0.9892691 1.00  5529
mean.phi[1, 17] 0.9697879 0.024553909 0.90443367 0.9763767 0.9961434 1.00  6401
mean.phi[2, 17] 0.9717012 0.021475411 0.91647038 0.9774816 0.9962265 1.00  7192
mean.phi[3, 17] 0.9852946 0.011091437 0.95610794 0.9880413 0.9979049 1.00  6169
mean.phi[4, 17] 0.9656423 0.023451933 0.90545899 0.9711172 0.9942754 1.00  5731
mean.phi[5, 17] 0.9442826 0.032420139 0.86426497 0.9507679 0.9878201 1.00  3495
mean.rO[1]      0.9056216 0.028280776 0.84306122 0.9082334 0.9527938 1.00  5815
mean.rO[2]      0.9056216 0.028280776 0.84306122 0.9082334 0.9527938 1.00  5815
mean.rO[3]      0.9056216 0.028280776 0.84306122 0.9082334 0.9527938 1.00  5815
mean.rO[4]      0.9056216 0.028280776 0.84306122 0.9082334 0.9527938 1.00  5815
mean.rO[5]      0.9056216 0.028280776 0.84306122 0.9082334 0.9527938 1.00  5815
mean.rO[6]      0.9056216 0.028280776 0.84306122 0.9082334 0.9527938 1.00  5815
mean.rO[7]      0.9056216 0.028280776 0.84306122 0.9082334 0.9527938 1.00  5815
mean.rO[8]      0.9056216 0.028280776 0.84306122 0.9082334 0.9527938 1.00  5815
mean.rO[9]      0.9056216 0.028280776 0.84306122 0.9082334 0.9527938 1.00  5815
mean.rO[10]     0.9056216 0.028280776 0.84306122 0.9082334 0.9527938 1.00  5815
mean.rO[11]     0.9056216 0.028280776 0.84306122 0.9082334 0.9527938 1.00  5815
mean.rO[12]     0.9056216 0.028280776 0.84306122 0.9082334 0.9527938 1.00  5815
mean.rO[13]     0.9056216 0.028280776 0.84306122 0.9082334 0.9527938 1.00  5815
mean.rO[14]     0.9056216 0.028280776 0.84306122 0.9082334 0.9527938 1.00  5815
mean.rO[15]     0.9056216 0.028280776 0.84306122 0.9082334 0.9527938 1.00  5815
mean.rO[16]     0.9056216 0.028280776 0.84306122 0.9082334 0.9527938 1.00  5815
mean.rO[17]     0.9056216 0.028280776 0.84306122 0.9082334 0.9527938 1.00  5815
mean.rO[18]     0.9056216 0.028280776 0.84306122 0.9082334 0.9527938 1.00  5815
mean.rR[1]      0.7972408 0.057135614 0.67519477 0.8004538 0.8954885 1.00  6160
mean.rR[2]      0.7972408 0.057135614 0.67519477 0.8004538 0.8954885 1.00  6160
mean.rR[3]      0.7972408 0.057135614 0.67519477 0.8004538 0.8954885 1.00  6160
mean.rR[4]      0.7972408 0.057135614 0.67519477 0.8004538 0.8954885 1.00  6160
mean.rR[5]      0.7972408 0.057135614 0.67519477 0.8004538 0.8954885 1.00  6160
mean.rR[6]      0.7972408 0.057135614 0.67519477 0.8004538 0.8954885 1.00  6160
mean.rR[7]      0.7972408 0.057135614 0.67519477 0.8004538 0.8954885 1.00  6160
mean.rR[8]      0.7972408 0.057135614 0.67519477 0.8004538 0.8954885 1.00  6160
mean.rR[9]      0.7972408 0.057135614 0.67519477 0.8004538 0.8954885 1.00  6160
mean.rR[10]     0.7972408 0.057135614 0.67519477 0.8004538 0.8954885 1.00  6160
mean.rR[11]     0.7972408 0.057135614 0.67519477 0.8004538 0.8954885 1.00  6160
mean.rR[12]     0.7972408 0.057135614 0.67519477 0.8004538 0.8954885 1.00  6160
mean.rR[13]     0.7972408 0.057135614 0.67519477 0.8004538 0.8954885 1.00  6160
mean.rR[14]     0.7972408 0.057135614 0.67519477 0.8004538 0.8954885 1.00  6160
mean.rR[15]     0.7972408 0.057135614 0.67519477 0.8004538 0.8954885 1.00  6160
mean.rR[16]     0.7972408 0.057135614 0.67519477 0.8004538 0.8954885 1.00  6160
mean.rR[17]     0.7972408 0.057135614 0.67519477 0.8004538 0.8954885 1.00  6160
mean.rR[18]     0.7972408 0.057135614 0.67519477 0.8004538 0.8954885 1.00  6160
mu.R[1]         0.3712836 0.118234374 0.16138735 0.3646528 0.6191625 1.00  6630
mu.R[2]         0.2513777 0.106445822 0.07774773 0.2413640 0.4822322 1.00  6168
mu.R[3]         0.3190282 0.087456937 0.16116649 0.3139480 0.4979223 1.00  6174
mu.R[4]         0.2853377 0.070166786 0.16012687 0.2826356 0.4286001 1.00  6612
mu.R[5]         0.1371285 0.041077020 0.06713824 0.1338747 0.2283003 1.00  5372
mu.p            0.7027648 0.010759520 0.68154602 0.7027803 0.7234612 1.00  6614
mu.phi[1]       0.9587847 0.016172059 0.92050399 0.9614088 0.9831249 1.00  3319
mu.phi[2]       0.9583081 0.015804878 0.92145526 0.9604059 0.9830201 1.00  3476
mu.phi[3]       0.9762450 0.007876909 0.95822716 0.9772315 0.9886963 1.00  1997
mu.phi[4]       0.9286017 0.020155145 0.88460112 0.9306267 0.9619045 1.01  1460
mu.phi[5]       0.7895133 0.039605674 0.70365924 0.7923579 0.8595916 1.00  1302
mu.rO           0.9056216 0.028280776 0.84306122 0.9082334 0.9527938 1.00  5815
mu.rR           0.7972408 0.057135614 0.67519477 0.8004538 0.8954885 1.00  6160
sigma.R         0.1499296 0.135360015 0.01195808 0.1105028 0.5007640 1.05   115
sigma.phi       0.9336067 0.138082474 0.67839169 0.9302025 1.2214911 1.03   881
