Information and diagnostics 
=========================== 
Total iter:                       10000 
Thin:                             1 
Num chains:                       3 
Max Rhat:                         1.06 
Min n.eff:                        97 


Model summary 
============= 
                      mean          sd        2.5%        50%     97.5% Rhat n.eff
mean.R[1, 1]    0.16670179 0.066116975 0.060990852 0.15886098 0.3167080 1.00  5435
mean.R[2, 1]    0.19555317 0.089994182 0.056849150 0.18317674 0.4010475 1.00  5560
mean.R[3, 1]    0.18214897 0.061594525 0.080322461 0.17635202 0.3201355 1.00  4967
mean.R[4, 1]    0.25218919 0.072643011 0.127821665 0.24622717 0.4083681 1.00  4355
mean.R[5, 1]    0.12008635 0.041485832 0.053674826 0.11553753 0.2134554 1.00  4521
mean.R[1, 2]    0.15980695 0.062567082 0.058577506 0.15317710 0.3012783 1.00  5992
mean.R[2, 2]    0.18821037 0.086702570 0.052912617 0.17716064 0.3852191 1.00  5908
mean.R[3, 2]    0.17519372 0.059602952 0.073879519 0.17001103 0.3027169 1.00  4843
mean.R[4, 2]    0.24307742 0.069117818 0.118869130 0.23865256 0.3883940 1.00  4893
mean.R[5, 2]    0.11475077 0.038180927 0.051166672 0.11130187 0.1989331 1.00  5377
mean.R[1, 3]    0.16306542 0.064249446 0.060517808 0.15607260 0.3079324 1.00  5834
mean.R[2, 3]    0.19159833 0.087610095 0.055972271 0.18097791 0.3917775 1.00  5944
mean.R[3, 3]    0.17836030 0.059774346 0.078931157 0.17333521 0.3083259 1.00  5109
mean.R[4, 3]    0.24721417 0.068981202 0.125540151 0.24264463 0.3914899 1.00  5404
mean.R[5, 3]    0.11732876 0.039835018 0.052615776 0.11322311 0.2055225 1.00  5288
mean.R[1, 4]    0.16122653 0.063444777 0.059602335 0.15407320 0.3036002 1.00  5838
mean.R[2, 4]    0.18954056 0.087043031 0.054239538 0.17866229 0.3866787 1.00  5955
mean.R[3, 4]    0.17642446 0.059284464 0.075905354 0.17220141 0.3037395 1.00  4986
mean.R[4, 4]    0.24490631 0.069665884 0.120683673 0.24107139 0.3910384 1.00  4644
mean.R[5, 4]    0.11590802 0.039166532 0.051231852 0.11234220 0.2038321 1.00  4809
mean.R[1, 5]    0.17446370 0.072243235 0.064738792 0.16465766 0.3452520 1.01  2776
mean.R[2, 5]    0.20397746 0.095251816 0.058429024 0.19154858 0.4220645 1.00  3836
mean.R[3, 5]    0.18979981 0.064435177 0.087768116 0.18265036 0.3363550 1.00  4176
mean.R[4, 5]    0.26190248 0.076437014 0.137175181 0.25454686 0.4321224 1.01  3024
mean.R[5, 5]    0.12586259 0.045553067 0.058031495 0.11952241 0.2338466 1.02  2404
mean.R[1, 6]    0.15553429 0.061595616 0.054341928 0.14935941 0.2918830 1.00  5173
mean.R[2, 6]    0.18319734 0.084901447 0.051284019 0.17203087 0.3750365 1.00  5911
mean.R[3, 6]    0.17038657 0.058244468 0.070288066 0.16599629 0.2947013 1.00  3483
mean.R[4, 6]    0.23673792 0.066955713 0.115166119 0.23363994 0.3730410 1.00  3973
mean.R[5, 6]    0.11130620 0.037105773 0.048693140 0.10796490 0.1916175 1.00  4558
mean.R[1, 7]    0.16300939 0.064240001 0.060156934 0.15562524 0.3088855 1.00  5677
mean.R[2, 7]    0.19147920 0.087649330 0.055640949 0.18072844 0.3905756 1.00  5863
mean.R[3, 7]    0.17803665 0.059063414 0.080286527 0.17277237 0.3089818 1.00  5586
mean.R[4, 7]    0.24711242 0.069230991 0.124625232 0.24212153 0.3917566 1.00  5317
mean.R[5, 7]    0.11718674 0.039588245 0.052775366 0.11316497 0.2057417 1.00  5302
mean.R[1, 8]    0.17160820 0.068251193 0.064885411 0.16304534 0.3295688 1.00  3803
mean.R[2, 8]    0.20091235 0.091427037 0.058585092 0.19014337 0.4111432 1.00  4946
mean.R[3, 8]    0.18681615 0.060512067 0.087442784 0.18046632 0.3233489 1.00  5256
mean.R[4, 8]    0.25812225 0.069729346 0.139132949 0.25217082 0.4063999 1.00  5140
mean.R[5, 8]    0.12360886 0.041739535 0.057859998 0.11863333 0.2187436 1.01  3837
mean.R[1, 9]    0.17119584 0.068007960 0.064294986 0.16280655 0.3306401 1.01  4499
mean.R[2, 9]    0.20043049 0.091198130 0.058700991 0.18877858 0.4100482 1.00  5229
mean.R[3, 9]    0.18659723 0.061755461 0.086382269 0.18028776 0.3232072 1.00  4916
mean.R[4, 9]    0.25753923 0.069384276 0.137063649 0.25223366 0.4059804 1.00  4732
mean.R[5, 9]    0.12318194 0.041079357 0.057552362 0.11832029 0.2176822 1.01  4168
mean.R[1, 10]   0.16972850 0.067085516 0.063594051 0.16187666 0.3261053 1.00  4286
mean.R[2, 10]   0.19904890 0.091179339 0.057407176 0.18712454 0.4074560 1.00  5299
mean.R[3, 10]   0.18524616 0.061851972 0.085315915 0.17864117 0.3244444 1.00  5379
mean.R[4, 10]   0.25598841 0.070975161 0.134301658 0.24962588 0.4111688 1.00  4705
mean.R[5, 10]   0.12249270 0.042572292 0.056487951 0.11756841 0.2199152 1.01  3719
mean.R[1, 11]   0.16137049 0.062570695 0.059364419 0.15513526 0.3003944 1.00  5960
mean.R[2, 11]   0.18963628 0.086066332 0.055121966 0.17922128 0.3873767 1.00  6168
mean.R[3, 11]   0.17675953 0.059254039 0.077039814 0.17191155 0.3049318 1.00  4821
mean.R[4, 11]   0.24523393 0.068912424 0.122374924 0.24097992 0.3873764 1.00  4940
mean.R[5, 11]   0.11608199 0.039043343 0.052632447 0.11229799 0.2039919 1.00  4954
mean.R[1, 12]   0.15323507 0.060977612 0.053051461 0.14729895 0.2874984 1.00  5016
mean.R[2, 12]   0.18085974 0.084608906 0.049452924 0.17025798 0.3736099 1.00  5180
mean.R[3, 12]   0.16814502 0.058471612 0.066095291 0.16392700 0.2950781 1.01  3020
mean.R[4, 12]   0.23402246 0.068591418 0.106542083 0.23077560 0.3727019 1.00  3144
mean.R[5, 12]   0.10978941 0.037228751 0.045546023 0.10740154 0.1900390 1.00  3221
mean.R[1, 13]   0.18039957 0.078195557 0.066296530 0.16839274 0.3719431 1.02  2124
mean.R[2, 13]   0.21034449 0.100505431 0.059870571 0.19601060 0.4471255 1.00  2826
mean.R[3, 13]   0.19610361 0.070988651 0.088745520 0.18642655 0.3656255 1.01  2483
mean.R[4, 13]   0.26941412 0.082935969 0.139736351 0.25981376 0.4689529 1.01  1922
mean.R[5, 13]   0.13066668 0.051138635 0.058765446 0.12273272 0.2564603 1.03  1579
mean.R[1, 14]   0.16256088 0.063756285 0.060348998 0.15557960 0.3071496 1.00  5559
mean.R[2, 14]   0.19078312 0.086292914 0.055521154 0.17996001 0.3863491 1.00  6097
mean.R[3, 14]   0.17769424 0.058938240 0.079230652 0.17250155 0.3065186 1.00  4981
mean.R[4, 14]   0.24653893 0.068350472 0.126210441 0.24187988 0.3888045 1.00  5409
mean.R[5, 14]   0.11662891 0.038152800 0.053826779 0.11271323 0.2019109 1.00  5698
mean.R[1, 15]   0.16272003 0.063981650 0.059696192 0.15616183 0.3057523 1.00  5674
mean.R[2, 15]   0.19109338 0.087417085 0.054817814 0.17986514 0.3890267 1.00  5891
mean.R[3, 15]   0.17801312 0.059771452 0.076537108 0.17328172 0.3078209 1.00  4779
mean.R[4, 15]   0.24675744 0.069576169 0.124531270 0.24192544 0.3919474 1.00  5228
mean.R[5, 15]   0.11696886 0.039375799 0.052306482 0.11286626 0.2046192 1.00  5258
mean.R[1, 16]   0.15720782 0.061157009 0.057347578 0.15156151 0.2937924 1.00  5649
mean.R[2, 16]   0.18511285 0.084516522 0.053647248 0.17378638 0.3765983 1.00  5856
mean.R[3, 16]   0.17235374 0.058179989 0.074201401 0.16780827 0.2986440 1.00  4167
mean.R[4, 16]   0.23962118 0.067931345 0.117271556 0.23595783 0.3803044 1.00  4234
mean.R[5, 16]   0.11306666 0.038372090 0.048859869 0.10976826 0.1972969 1.00  4887
mean.R[1, 17]   0.16388480 0.065508623 0.060096781 0.15637967 0.3151733 1.00  5193
mean.R[2, 17]   0.19236531 0.088748112 0.056150010 0.18157793 0.3955640 1.00  5573
mean.R[3, 17]   0.17904017 0.060489805 0.077693411 0.17424177 0.3101886 1.00  4976
mean.R[4, 17]   0.24798738 0.069791216 0.124848433 0.24345578 0.3928711 1.00  5034
mean.R[5, 17]   0.11781531 0.040441231 0.052296655 0.11362939 0.2086340 1.00  4969
mean.p[1]       0.98955753 0.003205157 0.982250658 0.98993935 0.9947904 1.00  6333
mean.p[2]       0.98956669 0.003189183 0.982354309 0.98996038 0.9947424 1.00  5074
mean.p[3]       0.98959443 0.003164242 0.982412639 0.98995581 0.9948278 1.00  5087
mean.p[4]       0.98962586 0.003151427 0.982595429 0.98998780 0.9948138 1.00  5272
mean.p[5]       0.98954369 0.003177226 0.982431598 0.98991833 0.9947725 1.00  5006
mean.p[6]       0.98966170 0.003141799 0.982563076 0.99003733 0.9948138 1.00  5151
mean.p[7]       0.98936614 0.003296840 0.981890558 0.98977364 0.9946339 1.00  5028
mean.p[8]       0.98953998 0.003198495 0.982259343 0.98991579 0.9947722 1.00  5102
mean.p[9]       0.98951440 0.003188357 0.982372045 0.98989876 0.9947390 1.00  5062
mean.p[10]      0.98966062 0.003133406 0.982608349 0.99002584 0.9948086 1.00  5642
mean.p[11]      0.98966040 0.003113270 0.982672006 0.99000955 0.9947694 1.00  5272
mean.p[12]      0.98964859 0.003138778 0.982635362 0.98997419 0.9948357 1.00  5139
mean.p[13]      0.98949646 0.003194576 0.982313369 0.98990237 0.9947322 1.00  5465
mean.p[14]      0.98952443 0.003206859 0.982328063 0.98989490 0.9947725 1.00  5225
mean.p[15]      0.98967963 0.003114187 0.982771044 0.99000924 0.9948308 1.00  5313
mean.p[16]      0.98956295 0.003178265 0.982373028 0.98995364 0.9947833 1.00  5280
mean.p[17]      0.98956439 0.003149538 0.982508352 0.98992563 0.9947067 1.00  5673
mean.p[18]      0.98974267 0.003080086 0.982888083 0.99008381 0.9948794 1.00  5499
mean.phi[1, 1]  0.78121103 0.103256426 0.524343477 0.80117645 0.9264419 1.00  3826
mean.phi[2, 1]  0.92455321 0.045043308 0.811805349 0.93390016 0.9824789 1.00  5969
mean.phi[3, 1]  0.92644659 0.042901890 0.817499037 0.93548047 0.9817908 1.00  6307
mean.phi[4, 1]  0.89170728 0.056149391 0.755475983 0.90160808 0.9709055 1.00  5855
mean.phi[5, 1]  0.78150171 0.077801336 0.618640122 0.78676667 0.9159208 1.01  2775
mean.phi[1, 2]  0.81848775 0.079602853 0.627807337 0.83144558 0.9364696 1.00  6112
mean.phi[2, 2]  0.92091244 0.048728228 0.798116140 0.93163504 0.9813225 1.00  6415
mean.phi[3, 2]  0.93834234 0.032640970 0.858899637 0.94449120 0.9833670 1.00  6475
mean.phi[4, 2]  0.89726432 0.053480121 0.767147417 0.90668916 0.9725404 1.00  5212
mean.phi[5, 2]  0.59545988 0.093413600 0.402557809 0.60080530 0.7656528 1.00  6859
mean.phi[1, 3]  0.89196878 0.046000590 0.784903185 0.89843471 0.9625525 1.00  6218
mean.phi[2, 3]  0.92495152 0.044540421 0.809703393 0.93457161 0.9819857 1.00  6269
mean.phi[3, 3]  0.93305165 0.032898521 0.852962903 0.93858632 0.9794497 1.00  6359
mean.phi[4, 3]  0.84304200 0.069891790 0.674453781 0.85493780 0.9451358 1.01  5868
mean.phi[5, 3]  0.67843916 0.090259710 0.485469674 0.68538307 0.8386428 1.00  6832
mean.phi[1, 4]  0.81141170 0.075236028 0.632373745 0.82319129 0.9258327 1.00  6067
mean.phi[2, 4]  0.92957282 0.034459473 0.846828754 0.93563648 0.9790771 1.00  7454
mean.phi[3, 4]  0.89293190 0.043723760 0.789800848 0.90012166 0.9568378 1.00  5501
mean.phi[4, 4]  0.91017470 0.043544322 0.809028756 0.91630193 0.9752645 1.00  4446
mean.phi[5, 4]  0.66655920 0.092570407 0.471149740 0.67223240 0.8313352 1.00  7120
mean.phi[1, 5]  0.87119339 0.065187493 0.712934744 0.88266246 0.9637342 1.00  6415
mean.phi[2, 5]  0.93044975 0.039727500 0.830006237 0.93830158 0.9830926 1.00  6414
mean.phi[3, 5]  0.91874380 0.029990834 0.849243857 0.92274695 0.9659896 1.00  7483
mean.phi[4, 5]  0.91547095 0.041020238 0.818558432 0.92173105 0.9761431 1.00  4122
mean.phi[5, 5]  0.72301931 0.082897998 0.548970554 0.72830574 0.8702212 1.00  6545
mean.phi[1, 6]  0.88370501 0.057968128 0.744702325 0.89298872 0.9686291 1.00  5895
mean.phi[2, 6]  0.92377166 0.045679089 0.805858278 0.93331993 0.9821339 1.00  6309
mean.phi[3, 6]  0.94329395 0.023484061 0.888192296 0.94651165 0.9791538 1.00  6219
mean.phi[4, 6]  0.75762858 0.079615191 0.575606814 0.76723440 0.8854526 1.00  2565
mean.phi[5, 6]  0.45146090 0.104608058 0.245823186 0.45199728 0.6510813 1.00  1816
mean.phi[1, 7]  0.85416983 0.079161462 0.654730963 0.86937058 0.9615631 1.00  5776
mean.phi[2, 7]  0.90635142 0.051501868 0.773150511 0.91745468 0.9739708 1.00  6738
mean.phi[3, 7]  0.92559255 0.027254406 0.862900570 0.92880430 0.9686022 1.00  7394
mean.phi[4, 7]  0.89619214 0.046163251 0.786389198 0.90323896 0.9653069 1.00  6234
mean.phi[5, 7]  0.69902562 0.104002963 0.474299964 0.70578308 0.8806879 1.00  5588
mean.phi[1, 8]  0.87608753 0.061705975 0.727924232 0.88670277 0.9647971 1.00  6088
mean.phi[2, 8]  0.88579307 0.072451152 0.694554389 0.90400034 0.9711494 1.00  5006
mean.phi[3, 8]  0.88162055 0.040104624 0.789851783 0.88660069 0.9443795 1.00  3889
mean.phi[4, 8]  0.76913364 0.070719867 0.611262352 0.77686195 0.8844518 1.00  2954
mean.phi[5, 8]  0.52711022 0.113562306 0.290912111 0.53244064 0.7318265 1.00  3051
mean.phi[1, 9]  0.86132207 0.071648809 0.684687832 0.87407642 0.9623096 1.00  6319
mean.phi[2, 9]  0.92525286 0.044029996 0.812595564 0.93450215 0.9821470 1.00  6505
mean.phi[3, 9]  0.90040581 0.042679573 0.797540935 0.90826819 0.9624122 1.00  6385
mean.phi[4, 9]  0.82071466 0.052875500 0.701235324 0.82626986 0.9074603 1.00  5865
mean.phi[5, 9]  0.48281949 0.118230309 0.246244336 0.48532359 0.7001204 1.00  2387
mean.phi[1, 10] 0.88989327 0.044015128 0.788588015 0.89545652 0.9595266 1.00  6280
mean.phi[2, 10] 0.91916118 0.049909553 0.794001991 0.93031251 0.9813452 1.01  6520
mean.phi[3, 10] 0.92618222 0.036404760 0.837392534 0.93262057 0.9773349 1.00  6388
mean.phi[4, 10] 0.86637689 0.044437802 0.765205366 0.87115540 0.9391461 1.00  7155
mean.phi[5, 10] 0.74753123 0.096737013 0.537945979 0.75364300 0.9134842 1.00  5036
mean.phi[1, 11] 0.73354374 0.097814643 0.514100114 0.74635802 0.8875324 1.00  2216
mean.phi[2, 11] 0.92120183 0.036089198 0.835509066 0.92731551 0.9736132 1.00  7413
mean.phi[3, 11] 0.92267218 0.039376305 0.824044056 0.93033984 0.9767907 1.00  6315
mean.phi[4, 11] 0.91615304 0.036296752 0.832889815 0.92088344 0.9723535 1.00  3203
mean.phi[5, 11] 0.77531904 0.081867584 0.601068703 0.78119786 0.9147520 1.00  2959
mean.phi[1, 12] 0.79970390 0.074546313 0.624422057 0.81082031 0.9155076 1.00  4126
mean.phi[2, 12] 0.92524943 0.044486154 0.810726291 0.93474149 0.9822799 1.00  6292
mean.phi[3, 12] 0.91605797 0.034715530 0.832886305 0.92158970 0.9679244 1.00  7230
mean.phi[4, 12] 0.87514621 0.052895460 0.751854065 0.88271328 0.9555241 1.00  6082
mean.phi[5, 12] 0.63257091 0.076042527 0.474440875 0.63577995 0.7723847 1.00  6837
mean.phi[1, 13] 0.87730583 0.054243757 0.751189956 0.88531847 0.9598088 1.00  6928
mean.phi[2, 13] 0.93243569 0.038371427 0.837442339 0.94006872 0.9827857 1.00  6144
mean.phi[3, 13] 0.93006653 0.030033637 0.858565522 0.93461074 0.9752897 1.00  6969
mean.phi[4, 13] 0.89946664 0.049882599 0.778889537 0.90724204 0.9722181 1.00  5449
mean.phi[5, 13] 0.76151521 0.070224563 0.614106373 0.76554871 0.8849130 1.00  4772
mean.phi[1, 14] 0.88043799 0.052412700 0.759787123 0.88767905 0.9607977 1.00  6363
mean.phi[2, 14] 0.91768359 0.043075749 0.811282700 0.92580059 0.9771292 1.00  6729
mean.phi[3, 14] 0.93489026 0.027531379 0.869597654 0.93889981 0.9763541 1.00  6792
mean.phi[4, 14] 0.84484542 0.069259229 0.677246634 0.85657862 0.9463646 1.00  6419
mean.phi[5, 14] 0.56465024 0.084363816 0.389197614 0.56840361 0.7190583 1.00  5546
mean.phi[1, 15] 0.88226284 0.052325950 0.761141307 0.88950415 0.9623348 1.00  6149
mean.phi[2, 15] 0.91142561 0.041646476 0.809444583 0.91893306 0.9711694 1.00  6965
mean.phi[3, 15] 0.93940565 0.025704043 0.879310975 0.94301091 0.9783964 1.00  6712
mean.phi[4, 15] 0.89042083 0.055480306 0.755669686 0.89963922 0.9701990 1.00  5865
mean.phi[5, 15] 0.68975620 0.087264976 0.505767828 0.69418002 0.8447230 1.00  7078
mean.phi[1, 16] 0.82030255 0.060745722 0.684025989 0.82688449 0.9189842 1.00  7192
mean.phi[2, 16] 0.88235736 0.054534988 0.750078883 0.89236409 0.9594492 1.00  6416
mean.phi[3, 16] 0.91425046 0.032293087 0.839216233 0.91892354 0.9646020 1.00  6777
mean.phi[4, 16] 0.89401026 0.042634451 0.796102453 0.89926132 0.9602786 1.00  6484
mean.phi[5, 16] 0.72112176 0.089690973 0.528835004 0.72601685 0.8795190 1.00  6137
mean.phi[1, 17] 0.91192335 0.040910172 0.817274788 0.91788504 0.9736973 1.00  2830
mean.phi[2, 17] 0.94205015 0.030532336 0.868188816 0.94742077 0.9848956 1.00  5725
mean.phi[3, 17] 0.95706155 0.020852615 0.908892985 0.96022886 0.9877733 1.00  2625
mean.phi[4, 17] 0.92652411 0.034937260 0.844461361 0.93164886 0.9790898 1.00  2325
mean.phi[5, 17] 0.79364378 0.081913659 0.618307483 0.80041357 0.9304774 1.00  2217
mu.R[1]         0.16355957 0.059822185 0.064460465 0.15786777 0.2948846 1.00  6514
mu.R[2]         0.19222569 0.083844580 0.057677939 0.18249024 0.3785331 1.00  6322
mu.R[3]         0.17879962 0.054578069 0.086585617 0.17472222 0.2953697 1.00  5956
mu.R[4]         0.24820955 0.062087171 0.137151787 0.24480287 0.3759701 1.00  6555
mu.R[5]         0.11737387 0.034932827 0.057531021 0.11474827 0.1927325 1.00  6314
mu.p            0.98962601 0.002949643 0.983088450 0.98992254 0.9945944 1.00  5575
mu.phi[1]       0.86172802 0.028884302 0.799187867 0.86349943 0.9124937 1.00  3470
mu.phi[2]       0.92432779 0.021996828 0.874824838 0.92632740 0.9606659 1.00  4113
mu.phi[3]       0.93014005 0.014501873 0.899541533 0.93135063 0.9551169 1.00  2435
mu.phi[4]       0.88350722 0.023655464 0.832738321 0.88491152 0.9260588 1.00  2400
mu.phi[5]       0.67177114 0.039496555 0.590692817 0.67262502 0.7472464 1.00  2632
sigma.R         0.14487020 0.137655008 0.005703317 0.10052387 0.5169520 1.06    97
sigma.p         0.09071238 0.071309471 0.008164081 0.07228306 0.2745696 1.03   131
sigma.phi       0.58992115 0.137908730 0.313225622 0.59095279 0.8612894 1.02   355
