Information and diagnostics 
=========================== 
Total iter:                       10000 
Thin:                             1 
Num chains:                       3 
Max Rhat:                         1.06 
Min n.eff:                        75 


Model summary 
============= 
                      mean          sd        2.5%        50%      97.5% Rhat n.eff
mean.M[1, 1]    0.09352782 0.026501847 0.044750611 0.09204242 0.14993559 1.01  4174
mean.M[2, 1]    0.11679090 0.030705648 0.060173454 0.11535589 0.18165010 1.01  4306
mean.M[3, 1]    0.03490314 0.010206714 0.016266763 0.03447100 0.05652766 1.01  3345
mean.M[4, 1]    0.01849174 0.008072643 0.006237261 0.01729253 0.03750763 1.00  4543
mean.M[5, 1]    0.04319551 0.013250304 0.019748620 0.04241626 0.07157115 1.01  3941
mean.M[1, 2]    0.10821203 0.030976447 0.060869706 0.10403277 0.18350853 1.00  2998
mean.M[2, 2]    0.13488256 0.037226944 0.079063203 0.12940202 0.22522045 1.00  1916
mean.M[3, 2]    0.04082083 0.012396979 0.022456103 0.03902262 0.07183890 1.00  3382
mean.M[4, 2]    0.02170173 0.009696396 0.007895420 0.02000447 0.04546084 1.00  4327
mean.M[5, 2]    0.05050901 0.016337307 0.026500200 0.04790807 0.09018589 1.00  3575
mean.M[1, 3]    0.09591378 0.025224131 0.051212403 0.09430022 0.15011962 1.00  5430
mean.M[2, 3]    0.11998305 0.030140393 0.066090357 0.11811526 0.18561095 1.00  4878
mean.M[3, 3]    0.03588181 0.009937052 0.018336888 0.03528993 0.05743085 1.00  4468
mean.M[4, 3]    0.01906688 0.008208835 0.006609264 0.01782123 0.03820367 1.00  4797
mean.M[5, 3]    0.04448286 0.013309168 0.021838634 0.04331763 0.07417562 1.00  5129
mean.M[1, 4]    0.08809536 0.026076091 0.038916406 0.08734439 0.14173958 1.01  1203
mean.M[2, 4]    0.10991889 0.029327307 0.053265957 0.10971156 0.16898819 1.01  1339
mean.M[3, 4]    0.03274113 0.009885459 0.014067164 0.03259720 0.05276255 1.01  1017
mean.M[4, 4]    0.01732712 0.007675682 0.005547402 0.01629383 0.03537034 1.01  2206
mean.M[5, 4]    0.04061873 0.013077438 0.016632170 0.03999845 0.06796067 1.01  1422
mean.M[1, 5]    0.09601834 0.025845793 0.050676037 0.09418555 0.15218788 1.01  5217
mean.M[2, 5]    0.11980364 0.029481294 0.067271373 0.11773990 0.18400171 1.00  5691
mean.M[3, 5]    0.03574846 0.009443264 0.018912805 0.03521537 0.05590286 1.01  4476
mean.M[4, 5]    0.01897841 0.007937478 0.006677868 0.01783483 0.03722876 1.00  5522
mean.M[5, 5]    0.04442541 0.013082003 0.021592184 0.04346821 0.07272579 1.00  4874
mean.M[1, 6]    0.09675331 0.025807295 0.051726204 0.09504079 0.15290368 1.00  4934
mean.M[2, 6]    0.12079731 0.029878030 0.068566858 0.11876481 0.18566216 1.00  5316
mean.M[3, 6]    0.03606160 0.009515293 0.019159045 0.03557196 0.05675383 1.00  5106
mean.M[4, 6]    0.01916358 0.008111489 0.006882030 0.01794710 0.03794079 1.00  5401
mean.M[5, 6]    0.04482138 0.013310951 0.022127616 0.04365834 0.07453918 1.00  5128
mean.M[1, 7]    0.09419576 0.026298739 0.047683220 0.09241816 0.15050221 1.01  3937
mean.M[2, 7]    0.11757029 0.029954936 0.063136763 0.11615420 0.18222166 1.00  4194
mean.M[3, 7]    0.03506740 0.009758758 0.017632500 0.03452707 0.05621916 1.00  3224
mean.M[4, 7]    0.01860294 0.007963576 0.006500125 0.01740732 0.03734336 1.00  4990
mean.M[5, 7]    0.04356896 0.013424279 0.020710236 0.04250311 0.07278701 1.00  4391
mean.M[1, 8]    0.10544728 0.029911258 0.058864180 0.10156075 0.17780680 1.00  3726
mean.M[2, 8]    0.13147917 0.035561796 0.076903623 0.12640695 0.21811839 1.00  2651
mean.M[3, 8]    0.03956418 0.011245474 0.021988373 0.03816126 0.06561445 1.00  3968
mean.M[4, 8]    0.02101057 0.009008166 0.007834661 0.01963251 0.04273819 1.00  4661
mean.M[5, 8]    0.04909958 0.015440436 0.025523020 0.04693754 0.08597808 1.01  3808
mean.M[1, 9]    0.10948449 0.032656377 0.061134792 0.10445058 0.18916734 1.00  2120
mean.M[2, 9]    0.13620581 0.038077520 0.080835131 0.13049773 0.22992367 1.00  1951
mean.M[3, 9]    0.04124844 0.012558024 0.022799267 0.03940754 0.07245442 1.00  2489
mean.M[4, 9]    0.02184273 0.009395218 0.008206930 0.02030768 0.04434040 1.00  3617
mean.M[5, 9]    0.05107948 0.016743390 0.026780640 0.04838051 0.09292050 1.01  2561
mean.M[1, 10]   0.09316688 0.024241736 0.048893553 0.09168206 0.14458327 1.01  3737
mean.M[2, 10]   0.11675187 0.029450956 0.062050232 0.11533449 0.17865062 1.01  4357
mean.M[3, 10]   0.03481095 0.009611425 0.017576872 0.03433153 0.05556222 1.01  3372
mean.M[4, 10]   0.01839181 0.007661163 0.006490117 0.01727452 0.03651498 1.00  5037
mean.M[5, 10]   0.04313853 0.012749246 0.021029978 0.04235200 0.07067552 1.00  3778
mean.M[1, 11]   0.08952029 0.025223463 0.043388150 0.08839246 0.14156810 1.01  2264
mean.M[2, 11]   0.11164814 0.028074544 0.058848525 0.11090313 0.16980295 1.01  2009
mean.M[3, 11]   0.03328947 0.009586696 0.015792926 0.03306161 0.05320715 1.01  1261
mean.M[4, 11]   0.01757893 0.007491152 0.006043990 0.01658336 0.03522355 1.00  3671
mean.M[5, 11]   0.04127217 0.012653683 0.018620453 0.04061495 0.06813809 1.01  1849
mean.M[1, 12]   0.10388685 0.027005475 0.059981809 0.10103954 0.16563774 1.00  5500
mean.M[2, 12]   0.12969224 0.032555517 0.076997861 0.12592349 0.20374279 1.00  4095
mean.M[3, 12]   0.03900990 0.010573323 0.022001230 0.03780013 0.06319326 1.00  4813
mean.M[4, 12]   0.02069786 0.008633150 0.007754807 0.01941427 0.04121734 1.00  5784
mean.M[5, 12]   0.04823543 0.013675427 0.025963466 0.04658990 0.07960216 1.00  5647
mean.M[1, 13]   0.11985769 0.035547223 0.067135509 0.11375265 0.20856064 1.01   789
mean.M[2, 13]   0.14878585 0.041773979 0.088172758 0.14134663 0.25106358 1.01   671
mean.M[3, 13]   0.04555669 0.014135701 0.025303971 0.04298563 0.08069464 1.01   864
mean.M[4, 13]   0.02432316 0.011082431 0.008948997 0.02222645 0.05198743 1.01  2114
mean.M[5, 13]   0.05620753 0.017975966 0.029986242 0.05313638 0.10082786 1.01   984
mean.M[1, 14]   0.08867384 0.025199172 0.041964510 0.08763481 0.14095566 1.01  1492
mean.M[2, 14]   0.11080017 0.028944306 0.055568353 0.11022553 0.17014751 1.01  1949
mean.M[3, 14]   0.03293742 0.009499148 0.015205305 0.03268727 0.05234038 1.01  1246
mean.M[4, 14]   0.01744999 0.007594664 0.005822413 0.01636640 0.03534517 1.00  3149
mean.M[5, 14]   0.04080664 0.012451128 0.018562236 0.04016018 0.06677297 1.01  1807
mean.M[1, 15]   0.09582899 0.024434800 0.053043154 0.09418040 0.14828576 1.00  5194
mean.M[2, 15]   0.11960710 0.027839070 0.070447659 0.11762091 0.17979411 1.00  5776
mean.M[3, 15]   0.03573739 0.009221745 0.019417562 0.03515079 0.05578510 1.01  5012
mean.M[4, 15]   0.01895956 0.007857055 0.006963616 0.01784529 0.03724760 1.00  5437
mean.M[5, 15]   0.04424339 0.012239155 0.023299153 0.04317244 0.07112111 1.00  5234
mean.M[1, 16]   0.10286946 0.025656009 0.060200024 0.10047857 0.16041741 1.00  5823
mean.M[2, 16]   0.12833985 0.029747497 0.078573957 0.12522691 0.19577740 1.00  5731
mean.M[3, 16]   0.03860830 0.010012032 0.022110915 0.03760846 0.06148551 1.00  5267
mean.M[4, 16]   0.02048538 0.008422421 0.007835963 0.01923010 0.04019535 1.00  5394
mean.M[5, 16]   0.04773117 0.013060287 0.026011725 0.04635869 0.07715941 1.00  5762
mean.M[1, 17]   0.10557486 0.026464211 0.062192273 0.10265235 0.16510831 1.00  4447
mean.M[2, 17]   0.13160156 0.030665872 0.081639304 0.12840302 0.20160718 1.00  3469
mean.M[3, 17]   0.03967065 0.010225584 0.022800341 0.03853549 0.06330792 1.00  4594
mean.M[4, 17]   0.02109076 0.008809151 0.007950928 0.01979413 0.04172120 1.00  4928
mean.M[5, 17]   0.04907887 0.013581449 0.027074701 0.04755352 0.07939656 1.01  5412
mean.Pi[1]      0.99605559 0.002055631 0.991198835 0.99638585 0.99913642 1.00  3599
mean.Pi[2]      0.99605559 0.002055631 0.991198835 0.99638585 0.99913642 1.00  3599
mean.Pi[3]      0.99605559 0.002055631 0.991198835 0.99638585 0.99913642 1.00  3599
mean.Pi[4]      0.99605559 0.002055631 0.991198835 0.99638585 0.99913642 1.00  3599
mean.Pi[5]      0.99605559 0.002055631 0.991198835 0.99638585 0.99913642 1.00  3599
mean.Pi[6]      0.99605559 0.002055631 0.991198835 0.99638585 0.99913642 1.00  3599
mean.Pi[7]      0.99605559 0.002055631 0.991198835 0.99638585 0.99913642 1.00  3599
mean.Pi[8]      0.99605559 0.002055631 0.991198835 0.99638585 0.99913642 1.00  3599
mean.Pi[9]      0.99605559 0.002055631 0.991198835 0.99638585 0.99913642 1.00  3599
mean.Pi[10]     0.99605559 0.002055631 0.991198835 0.99638585 0.99913642 1.00  3599
mean.Pi[11]     0.99605559 0.002055631 0.991198835 0.99638585 0.99913642 1.00  3599
mean.Pi[12]     0.99605559 0.002055631 0.991198835 0.99638585 0.99913642 1.00  3599
mean.Pi[13]     0.99605559 0.002055631 0.991198835 0.99638585 0.99913642 1.00  3599
mean.Pi[14]     0.99605559 0.002055631 0.991198835 0.99638585 0.99913642 1.00  3599
mean.Pi[15]     0.99605559 0.002055631 0.991198835 0.99638585 0.99913642 1.00  3599
mean.Pi[16]     0.99605559 0.002055631 0.991198835 0.99638585 0.99913642 1.00  3599
mean.Pi[17]     0.99605559 0.002055631 0.991198835 0.99638585 0.99913642 1.00  3599
mean.Pi[18]     0.99605559 0.002055631 0.991198835 0.99638585 0.99913642 1.00  3599
mean.Po[1]      0.03539145 0.007723030 0.021913674 0.03476648 0.05227490 1.00  6794
mean.Po[2]      0.03539145 0.007723030 0.021913674 0.03476648 0.05227490 1.00  6794
mean.Po[3]      0.03539145 0.007723030 0.021913674 0.03476648 0.05227490 1.00  6794
mean.Po[4]      0.03539145 0.007723030 0.021913674 0.03476648 0.05227490 1.00  6794
mean.Po[5]      0.03539145 0.007723030 0.021913674 0.03476648 0.05227490 1.00  6794
mean.Po[6]      0.03539145 0.007723030 0.021913674 0.03476648 0.05227490 1.00  6794
mean.Po[7]      0.03539145 0.007723030 0.021913674 0.03476648 0.05227490 1.00  6794
mean.Po[8]      0.03539145 0.007723030 0.021913674 0.03476648 0.05227490 1.00  6794
mean.Po[9]      0.03539145 0.007723030 0.021913674 0.03476648 0.05227490 1.00  6794
mean.Po[10]     0.03539145 0.007723030 0.021913674 0.03476648 0.05227490 1.00  6794
mean.Po[11]     0.03539145 0.007723030 0.021913674 0.03476648 0.05227490 1.00  6794
mean.Po[12]     0.03539145 0.007723030 0.021913674 0.03476648 0.05227490 1.00  6794
mean.Po[13]     0.03539145 0.007723030 0.021913674 0.03476648 0.05227490 1.00  6794
mean.Po[14]     0.03539145 0.007723030 0.021913674 0.03476648 0.05227490 1.00  6794
mean.Po[15]     0.03539145 0.007723030 0.021913674 0.03476648 0.05227490 1.00  6794
mean.Po[16]     0.03539145 0.007723030 0.021913674 0.03476648 0.05227490 1.00  6794
mean.Po[17]     0.03539145 0.007723030 0.021913674 0.03476648 0.05227490 1.00  6794
mean.Po[18]     0.03539145 0.007723030 0.021913674 0.03476648 0.05227490 1.00  6794
mean.R[1, 1]    0.38542688 0.128178005 0.159128695 0.37676574 0.65463848 1.00  4952
mean.R[2, 1]    0.25825038 0.117601329 0.072966469 0.24349533 0.52136251 1.00  3912
mean.R[3, 1]    0.32407724 0.098808685 0.154518104 0.31513515 0.53797588 1.00  4632
mean.R[4, 1]    0.29361989 0.084377189 0.151846583 0.28589189 0.48274705 1.00  3085
mean.R[5, 1]    0.14091804 0.050936855 0.063889779 0.13415697 0.25754732 1.01  3047
mean.R[1, 2]    0.36972000 0.125911323 0.145667677 0.36408435 0.62937036 1.00  4972
mean.R[2, 2]    0.24511500 0.111019512 0.067539082 0.23245395 0.49036785 1.00  4950
mean.R[3, 2]    0.30947502 0.095988538 0.135092629 0.30451587 0.50782273 1.00  4247
mean.R[4, 2]    0.27924948 0.078544713 0.135221980 0.27575486 0.44015025 1.00  4499
mean.R[5, 2]    0.13223305 0.044912473 0.056625317 0.12807370 0.23072374 1.00  4177
mean.R[1, 3]    0.37333223 0.123995804 0.151368002 0.36706915 0.62827752 1.00  5680
mean.R[2, 3]    0.24796253 0.111076239 0.069833983 0.23526812 0.49416643 1.00  4963
mean.R[3, 3]    0.31266980 0.094844449 0.141886449 0.30705288 0.51402329 1.00  4694
mean.R[4, 3]    0.28236838 0.077455025 0.141644793 0.27832050 0.44298089 1.00  5032
mean.R[5, 3]    0.13401834 0.044755080 0.058936332 0.12942399 0.23407720 1.00  5276
mean.R[1, 4]    0.36926934 0.123292297 0.148790442 0.36288198 0.62270476 1.00  5979
mean.R[2, 4]    0.24448601 0.109418462 0.068728116 0.23132590 0.48617350 1.00  5499
mean.R[3, 4]    0.30877154 0.093565313 0.139020952 0.30343114 0.50492874 1.00  5117
mean.R[4, 4]    0.27911863 0.078962586 0.135006105 0.27541329 0.44148321 1.00  4119
mean.R[5, 4]    0.13207976 0.044485091 0.056638670 0.12808027 0.22957089 1.00  4573
mean.R[1, 5]    0.39249154 0.130472136 0.163560234 0.38345035 0.67449340 1.00  4369
mean.R[2, 5]    0.26401298 0.119960705 0.076499351 0.24925109 0.53872333 1.00  2607
mean.R[3, 5]    0.33068845 0.098812624 0.160097106 0.32168257 0.54802280 1.00  3447
mean.R[4, 5]    0.30031599 0.088050104 0.157107427 0.29167468 0.50152163 1.00  1516
mean.R[5, 5]    0.14512563 0.054078591 0.066380069 0.13740590 0.27281642 1.00  1410
mean.R[1, 6]    0.35931705 0.124208735 0.137388261 0.35299911 0.61450440 1.00  4315
mean.R[2, 6]    0.23699393 0.108306192 0.062188633 0.22468739 0.47574842 1.00  4752
mean.R[3, 6]    0.29978069 0.094866511 0.127291676 0.29604106 0.49685553 1.00  2412
mean.R[4, 6]    0.26980870 0.076085011 0.125062038 0.26704915 0.42432408 1.00  2224
mean.R[5, 6]    0.12688120 0.042603915 0.052054426 0.12360229 0.21954659 1.00  3171
mean.R[1, 7]    0.37811078 0.126244567 0.152922312 0.37193148 0.63968987 1.00  5464
mean.R[2, 7]    0.25146392 0.111682777 0.071088224 0.23879126 0.49371636 1.00  5276
mean.R[3, 7]    0.31685400 0.095276630 0.146918269 0.31062029 0.51650024 1.00  5414
mean.R[4, 7]    0.28673620 0.080279099 0.144017758 0.28191010 0.45476252 1.00  4408
mean.R[5, 7]    0.13666437 0.046838325 0.060556754 0.13127599 0.24187055 1.00  4602
mean.R[1, 8]    0.39093632 0.127138160 0.165031290 0.38357973 0.65909807 1.00  5491
mean.R[2, 8]    0.26222655 0.116286175 0.075648735 0.25007578 0.51798202 1.00  4671
mean.R[3, 8]    0.32892123 0.095035720 0.161559189 0.32167448 0.53068976 1.00  5640
mean.R[4, 8]    0.29800345 0.078732500 0.161969279 0.29195840 0.46741120 1.00  4222
mean.R[5, 8]    0.14335011 0.048105559 0.067823915 0.13676996 0.25297954 1.00  4312
mean.R[1, 9]    0.38673120 0.125045745 0.162922697 0.37999586 0.64376445 1.00  6154
mean.R[2, 9]    0.25872563 0.114394061 0.074412017 0.24635396 0.51187342 1.00  4951
mean.R[3, 9]    0.32492084 0.094485315 0.159829450 0.31770712 0.52680313 1.00  5740
mean.R[4, 9]    0.29413615 0.077407816 0.158312345 0.28904853 0.46140091 1.00  5443
mean.R[5, 9]    0.14108691 0.047002145 0.065593502 0.13522640 0.24855614 1.00  4555
mean.R[1, 10]   0.38688615 0.126993061 0.161725538 0.37938913 0.65197915 1.00  5356
mean.R[2, 10]   0.25902046 0.115663602 0.075444688 0.24596190 0.51602979 1.00  4498
mean.R[3, 10]   0.32531380 0.096876176 0.156102585 0.31755281 0.53377381 1.00  5431
mean.R[4, 10]   0.29443321 0.079252368 0.157259991 0.28869469 0.46595333 1.00  4839
mean.R[5, 10]   0.14151104 0.049298782 0.064128084 0.13523035 0.25417292 1.00  4000
mean.R[1, 11]   0.37589358 0.124593436 0.154129562 0.36995906 0.63191595 1.00  5585
mean.R[2, 11]   0.24987251 0.111670373 0.071298672 0.23642356 0.49705051 1.00  4865
mean.R[3, 11]   0.31525632 0.096021049 0.143085525 0.30912750 0.51733538 1.00  4361
mean.R[4, 11]   0.28509151 0.081264854 0.141473088 0.28063950 0.45614045 1.00  3169
mean.R[5, 11]   0.13586444 0.048017175 0.059118172 0.13075481 0.24038810 1.00  3725
mean.R[1, 12]   0.36683121 0.124666864 0.142543023 0.36081011 0.62481914 1.00  5760
mean.R[2, 12]   0.24263374 0.109478087 0.067595117 0.22990719 0.48282398 1.00  5227
mean.R[3, 12]   0.30653624 0.094567697 0.133904275 0.30127603 0.50332128 1.00  4093
mean.R[4, 12]   0.27681396 0.079143327 0.131845160 0.27252223 0.44045764 1.00  3924
mean.R[5, 12]   0.13072289 0.043939943 0.054885847 0.12699609 0.22655038 1.00  4679
mean.R[1, 13]   0.40720865 0.135755910 0.170116231 0.39743251 0.70354126 1.00  1534
mean.R[2, 13]   0.27677707 0.128242731 0.079772842 0.26065043 0.57958676 1.00  1312
mean.R[3, 13]   0.34524599 0.108109894 0.167230948 0.33301282 0.59307279 1.00  1395
mean.R[4, 13]   0.31431185 0.096981631 0.164121815 0.30195937 0.55494834 1.00   685
mean.R[5, 13]   0.15437694 0.062980720 0.069851408 0.14246559 0.31692915 1.00   551
mean.R[1, 14]   0.37475510 0.123519899 0.153287937 0.36856547 0.62774883 1.00  5859
mean.R[2, 14]   0.24878032 0.110021006 0.071110897 0.23648491 0.48898315 1.00  5403
mean.R[3, 14]   0.31400686 0.094291247 0.143405724 0.30844125 0.51169666 1.00  5395
mean.R[4, 14]   0.28377701 0.078031792 0.142063603 0.27893933 0.44686401 1.00  5056
mean.R[5, 14]   0.13456256 0.043857910 0.061016885 0.12997925 0.23214608 1.00  5531
mean.R[1, 15]   0.37971213 0.125155268 0.156465352 0.37331273 0.63906714 1.00  6018
mean.R[2, 15]   0.25307282 0.112528390 0.072628981 0.24035173 0.49880532 1.00  4983
mean.R[3, 15]   0.31864905 0.095979808 0.149829662 0.31125580 0.52264378 1.00  5534
mean.R[4, 15]   0.28856743 0.082439482 0.145947370 0.28289295 0.46276400 1.00  4062
mean.R[5, 15]   0.13763894 0.047568179 0.061217808 0.13220735 0.24503795 1.00  4663
mean.R[1, 16]   0.37995248 0.125720167 0.156797679 0.37307853 0.64430210 1.00  5919
mean.R[2, 16]   0.25312764 0.112629128 0.073078744 0.24009874 0.50095091 1.00  5012
mean.R[3, 16]   0.31885833 0.095989969 0.148464106 0.31166526 0.52266881 1.00  5359
mean.R[4, 16]   0.28838025 0.079576647 0.149110258 0.28274673 0.45790521 1.00  4771
mean.R[5, 16]   0.13766465 0.047124016 0.062039195 0.13206448 0.24324663 1.00  4160
mean.R[1, 17]   0.37768435 0.126613887 0.150849338 0.37118244 0.63799430 1.00  5438
mean.R[2, 17]   0.25103719 0.111329412 0.071412516 0.23861639 0.49383761 1.00  5686
mean.R[3, 17]   0.31669201 0.096157921 0.142640756 0.31071139 0.51844521 1.00  5276
mean.R[4, 17]   0.28640026 0.080723639 0.142991699 0.28168443 0.45692299 1.00  4540
mean.R[5, 17]   0.13649853 0.047037865 0.059524478 0.13138663 0.24259183 1.00  4691
mean.phi[1, 1]  0.96053537 0.040487012 0.848946786 0.97307747 0.99656442 1.00  6984
mean.phi[2, 1]  0.96268864 0.037009750 0.861187236 0.97393731 0.99662280 1.01  6630
mean.phi[3, 1]  0.96843031 0.033911328 0.879768418 0.97896393 0.99723474 1.00  5941
mean.phi[4, 1]  0.93673900 0.052030029 0.792661780 0.95122877 0.99216872 1.00  6690
mean.phi[5, 1]  0.87767258 0.066975718 0.716310621 0.88959021 0.97096031 1.00  6729
mean.phi[1, 2]  0.96548787 0.033458049 0.872497296 0.97551522 0.99674625 1.00  7169
mean.phi[2, 2]  0.96416099 0.035330666 0.867410743 0.97466205 0.99663513 1.01  6637
mean.phi[3, 2]  0.97456237 0.023262853 0.910561329 0.98138789 0.99721666 1.00  6334
mean.phi[4, 2]  0.94175488 0.046708982 0.814390084 0.95506628 0.99273487 1.00  6722
mean.phi[5, 2]  0.66853291 0.104121692 0.451578833 0.67548533 0.85157404 1.00  5957
mean.phi[1, 3]  0.95609483 0.032765595 0.870611368 0.96490338 0.99344935 1.00  7326
mean.phi[2, 3]  0.96454974 0.034372459 0.870969462 0.97516632 0.99661142 1.00  6805
mean.phi[3, 3]  0.97973125 0.016810084 0.935307170 0.98442817 0.99758748 1.00  6386
mean.phi[4, 3]  0.85759433 0.085540501 0.647066396 0.87568805 0.96994462 1.00  5650
mean.phi[5, 3]  0.75269858 0.093368170 0.545671520 0.76305473 0.90349902 1.00  6764
mean.phi[1, 4]  0.94643482 0.041427902 0.837779319 0.95739545 0.99221339 1.00  6954
mean.phi[2, 4]  0.95773135 0.030698534 0.876667719 0.96542952 0.99341782 1.00  7977
mean.phi[3, 4]  0.93865154 0.034244410 0.854750402 0.94574648 0.98467929 1.00  7379
mean.phi[4, 4]  0.95216317 0.037048546 0.852834046 0.96209645 0.99392226 1.00  6112
mean.phi[5, 4]  0.73819816 0.100244978 0.513423890 0.74753085 0.90063728 1.00  6693
mean.phi[1, 5]  0.96126685 0.040184541 0.853125686 0.97367531 0.99671679 1.01  6146
mean.phi[2, 5]  0.96866409 0.029245262 0.888262236 0.97760398 0.99683842 1.00  6622
mean.phi[3, 5]  0.95463210 0.024127240 0.894989677 0.95909437 0.98812397 1.00  7228
mean.phi[4, 5]  0.95608085 0.033028608 0.871276933 0.96469158 0.99378632 1.00  6107
mean.phi[5, 5]  0.80575476 0.081967035 0.617449389 0.81703057 0.93329619 1.00  7039
mean.phi[1, 6]  0.96593873 0.032587202 0.876694363 0.97602216 0.99686603 1.00  6619
mean.phi[2, 6]  0.96126382 0.038749418 0.854460844 0.97322849 0.99643512 1.00  6666
mean.phi[3, 6]  0.98576753 0.010498989 0.958372135 0.98840419 0.99798364 1.00  5965
mean.phi[4, 6]  0.73279372 0.091511591 0.533927812 0.74111411 0.88597339 1.00  5664
mean.phi[5, 6]  0.44414776 0.112110514 0.234425940 0.44115830 0.66901213 1.00  5354
mean.phi[1, 7]  0.95605747 0.050381423 0.817517039 0.97184932 0.99653399 1.01  5983
mean.phi[2, 7]  0.93816219 0.051496011 0.798545564 0.95258914 0.99210843 1.00  7426
mean.phi[3, 7]  0.96944385 0.017640936 0.925033891 0.97292124 0.99281291 1.00  7738
mean.phi[4, 7]  0.96043233 0.029027202 0.883919248 0.96811796 0.99418530 1.00  5988
mean.phi[5, 7]  0.82026546 0.101391950 0.574395360 0.83857698 0.96262783 1.00  6676
mean.phi[1, 8]  0.96546269 0.033527660 0.876598331 0.97576643 0.99672027 1.00  6842
mean.phi[2, 8]  0.95472407 0.050110045 0.817872269 0.97098779 0.99635959 1.00  5977
mean.phi[3, 8]  0.94168159 0.028151063 0.874102523 0.94668270 0.98236033 1.00  8014
mean.phi[4, 8]  0.83115391 0.057588290 0.701668473 0.83763178 0.92554069 1.00  7596
mean.phi[5, 8]  0.55683440 0.127942667 0.298477278 0.56238360 0.79037848 1.00  5986
mean.phi[1, 9]  0.95798991 0.044604785 0.834638782 0.97230335 0.99658190 1.00  6626
mean.phi[2, 9]  0.96592352 0.032269483 0.879564497 0.97547653 0.99675410 1.00  7030
mean.phi[3, 9]  0.93008635 0.039454573 0.832492653 0.93812525 0.98232396 1.00  7345
mean.phi[4, 9]  0.87438697 0.042498838 0.779008092 0.87909258 0.94381012 1.00  8115
mean.phi[5, 9]  0.57699124 0.115949583 0.342148537 0.58125145 0.78979376 1.00  6503
mean.phi[1, 10] 0.97754193 0.018355856 0.928917730 0.98251066 0.99725267 1.00  6622
mean.phi[2, 10] 0.95799551 0.044298484 0.837061494 0.97152635 0.99658145 1.00  6390
mean.phi[3, 10] 0.96291653 0.028064960 0.890860607 0.97034735 0.99419559 1.00  7169
mean.phi[4, 10] 0.90320771 0.038248458 0.814250954 0.90793679 0.96343557 1.00  7553
mean.phi[5, 10] 0.91757411 0.052398814 0.785851422 0.92906634 0.98493666 1.00  6218
mean.phi[1, 11] 0.90801645 0.063919503 0.741765691 0.92418202 0.98465337 1.00  7113
mean.phi[2, 11] 0.96428693 0.024954718 0.899665914 0.97016357 0.99410637 1.00  7698
mean.phi[3, 11] 0.97727247 0.019828895 0.924455497 0.98311630 0.99744889 1.00  6294
mean.phi[4, 11] 0.96962701 0.020795187 0.917001743 0.97447982 0.99531167 1.00  5815
mean.phi[5, 11] 0.91703334 0.044264659 0.810888641 0.92480008 0.97973244 1.00  6670
mean.phi[1, 12] 0.97229672 0.023984764 0.907490650 0.97945127 0.99686701 1.00  6769
mean.phi[2, 12] 0.96538659 0.033297328 0.873981533 0.97571300 0.99664944 1.00  6501
mean.phi[3, 12] 0.97311760 0.018530734 0.924737874 0.97778687 0.99512108 1.00  7578
mean.phi[4, 12] 0.94036229 0.037316656 0.845289561 0.94853838 0.98817850 1.00  6597
mean.phi[5, 12] 0.85971275 0.047135149 0.753562606 0.86457518 0.93774165 1.00  7261
mean.phi[1, 13] 0.95445172 0.034240589 0.864205775 0.96368587 0.99331457 1.00  7734
mean.phi[2, 13] 0.97225368 0.024207848 0.906465229 0.97929232 0.99693124 1.00  6885
mean.phi[3, 13] 0.98385795 0.012616848 0.950831365 0.98727311 0.99792960 1.00  6525
mean.phi[4, 13] 0.95098575 0.037948023 0.849692577 0.96146211 0.99337269 1.00  6383
mean.phi[5, 13] 0.91788626 0.034688722 0.836601062 0.92264285 0.97157456 1.00  6852
mean.phi[1, 14] 0.95048119 0.038617732 0.849985190 0.96068816 0.99326373 1.00  7188
mean.phi[2, 14] 0.95253131 0.036029225 0.858414798 0.96170841 0.99279183 1.00  7809
mean.phi[3, 14] 0.98483455 0.011679837 0.953727606 0.98778711 0.99790394 1.00  6173
mean.phi[4, 14] 0.92962931 0.045817123 0.812260017 0.94001753 0.98704602 1.00  6906
mean.phi[5, 14] 0.82177877 0.049734300 0.714540945 0.82576117 0.90774281 1.00  7424
mean.phi[1, 15] 0.97335742 0.022591375 0.912397227 0.97979558 0.99690136 1.00  7127
mean.phi[2, 15] 0.95664196 0.031985095 0.872636235 0.96523391 0.99317241 1.00  7997
mean.phi[3, 15] 0.97936800 0.013179598 0.946465052 0.98220601 0.99617105 1.00  7148
mean.phi[4, 15] 0.94799050 0.040578545 0.840263015 0.95875625 0.99302284 1.00  6552
mean.phi[5, 15] 0.93063651 0.032145414 0.855254762 0.93560531 0.97836959 1.00  6505
mean.phi[1, 16] 0.97762834 0.018060774 0.929783635 0.98262865 0.99729146 1.00  7083
mean.phi[2, 16] 0.95648023 0.032078087 0.872916397 0.96484291 0.99382815 1.00  7744
mean.phi[3, 16] 0.98545176 0.011187854 0.957022784 0.98848230 0.99804515 1.00  6032
mean.phi[4, 16] 0.94055734 0.031661070 0.864091009 0.94643523 0.98449605 1.00  7378
mean.phi[5, 16] 0.95824566 0.023984410 0.900334041 0.96248413 0.99133921 1.00  4910
mean.phi[1, 17] 0.97458460 0.021171680 0.917865850 0.98041882 0.99713349 1.00  7811
mean.phi[2, 17] 0.97699214 0.019144101 0.926149473 0.98215975 0.99737381 1.00  6954
mean.phi[3, 17] 0.98598430 0.010641733 0.957857570 0.98870738 0.99805366 1.00  5681
mean.phi[4, 17] 0.96937093 0.021042966 0.915546087 0.97459775 0.99507822 1.00  5193
mean.phi[5, 17] 0.95997436 0.023550290 0.901699596 0.96454357 0.99199585 1.00  4670
mean.r[1]       0.96849638 0.015551740 0.931130694 0.97086983 0.99141613 1.00  5159
mean.r[2]       0.96849638 0.015551740 0.931130694 0.97086983 0.99141613 1.00  5159
mean.r[3]       0.96849638 0.015551740 0.931130694 0.97086983 0.99141613 1.00  5159
mean.r[4]       0.96849638 0.015551740 0.931130694 0.97086983 0.99141613 1.00  5159
mean.r[5]       0.96849638 0.015551740 0.931130694 0.97086983 0.99141613 1.00  5159
mean.r[6]       0.96849638 0.015551740 0.931130694 0.97086983 0.99141613 1.00  5159
mean.r[7]       0.96849638 0.015551740 0.931130694 0.97086983 0.99141613 1.00  5159
mean.r[8]       0.96849638 0.015551740 0.931130694 0.97086983 0.99141613 1.00  5159
mean.r[9]       0.96849638 0.015551740 0.931130694 0.97086983 0.99141613 1.00  5159
mean.r[10]      0.96849638 0.015551740 0.931130694 0.97086983 0.99141613 1.00  5159
mean.r[11]      0.96849638 0.015551740 0.931130694 0.97086983 0.99141613 1.00  5159
mean.r[12]      0.96849638 0.015551740 0.931130694 0.97086983 0.99141613 1.00  5159
mean.r[13]      0.96849638 0.015551740 0.931130694 0.97086983 0.99141613 1.00  5159
mean.r[14]      0.96849638 0.015551740 0.931130694 0.97086983 0.99141613 1.00  5159
mean.r[15]      0.96849638 0.015551740 0.931130694 0.97086983 0.99141613 1.00  5159
mean.r[16]      0.96849638 0.015551740 0.931130694 0.97086983 0.99141613 1.00  5159
mean.r[17]      0.96849638 0.015551740 0.931130694 0.97086983 0.99141613 1.00  5159
mean.r[18]      0.96849638 0.015551740 0.931130694 0.97086983 0.99141613 1.00  5159
mu.M[1]         0.09809852 0.021035668 0.061350501 0.09653871 0.14291052 1.00  5754
mu.M[2]         0.12252060 0.023524179 0.080913437 0.12096863 0.17286001 1.00  5920
mu.M[3]         0.03660300 0.007775763 0.022568295 0.03617624 0.05317179 1.00  4914
mu.M[4]         0.01940286 0.007381933 0.007769630 0.01845359 0.03619938 1.00  5573
mu.M[5]         0.04536736 0.010880881 0.026329268 0.04444861 0.06903264 1.00  5498
mu.Pi           0.99605559 0.002055631 0.991198835 0.99638585 0.99913642 1.00  3599
mu.Po           0.03539145 0.007723030 0.021913674 0.03476648 0.05227490 1.00  6794
mu.R[1]         0.37646526 0.118436301 0.163180953 0.37120707 0.62024667 1.00  6652
mu.R[2]         0.24968182 0.106537371 0.075670677 0.23851918 0.48107308 1.00  5965
mu.R[3]         0.31499783 0.086993610 0.159151192 0.30940423 0.49627493 1.00  6438
mu.R[4]         0.28458876 0.069781903 0.159976259 0.28091597 0.43150257 1.00  6108
mu.R[5]         0.13473800 0.039762853 0.066418082 0.13066456 0.22282149 1.00  6485
mu.phi[1]       0.96805008 0.013943354 0.934108804 0.97023608 0.98829556 1.00  3346
mu.phi[2]       0.96741782 0.014310951 0.932972600 0.96960168 0.98859745 1.00  3051
mu.phi[3]       0.97546693 0.008639530 0.954874310 0.97661484 0.98903652 1.00  1882
mu.phi[4]       0.93563243 0.019422355 0.891520060 0.93769212 0.96728572 1.00  1423
mu.phi[5]       0.83153228 0.037197419 0.750560610 0.83449850 0.89571693 1.01  1172
mu.r            0.96849638 0.015551740 0.931130694 0.97086983 0.99141613 1.00  5159
sigma.M         0.18295401 0.133454707 0.018243935 0.15692438 0.49597714 1.06   167
sigma.R         0.15276058 0.155868230 0.007386628 0.09855390 0.57625214 1.03    75
sigma.phi       0.95242551 0.140766000 0.694652003 0.94340821 1.24598207 1.00   901
