Information and diagnostics 
=========================== 
Total iter:                       10000 
Thin:                             1 
Num chains:                       3 
Max Rhat:                         1 
Min n.eff:                        0 


Model summary 
============= 
                      mean          sd       2.5%        50%      97.5% Rhat n.eff
mean.R[1, 1]    0.41125456 0.029641156 0.35565172 0.40999500 0.47246542    1  5303
mean.R[2, 1]    0.18513582 0.018834325 0.15175557 0.18383224 0.22498301    1  5140
mean.R[3, 1]    0.12277205 0.013551402 0.09917858 0.12173696 0.15156906    1  5091
mean.R[4, 1]    0.17966247 0.018411987 0.14708020 0.17837645 0.21863309    1  5136
mean.R[5, 1]    0.10990964 0.012331499 0.08852202 0.10894969 0.13613394    1  5081
mean.R[1, 2]    0.40530619 0.028649503 0.34618438 0.40559297 0.46096065    1  6439
mean.R[2, 2]    0.18140629 0.017628286 0.14648200 0.18111308 0.21702536    1  6475
mean.R[3, 2]    0.12010143 0.012552094 0.09552633 0.11980146 0.14571984    1  6481
mean.R[4, 2]    0.17601801 0.017217848 0.14194191 0.17572061 0.21083894    1  6475
mean.R[5, 2]    0.10748204 0.011396211 0.08522506 0.10719268 0.13078855    1  6482
mean.R[1, 3]    0.40791420 0.028311092 0.35144412 0.40789880 0.46404956    1  6332
mean.R[2, 3]    0.18300874 0.017606920 0.14940089 0.18253462 0.21914420    1  6283
mean.R[3, 3]    0.12124191 0.012574122 0.09754589 0.12081276 0.14727346    1  6266
mean.R[4, 3]    0.17758309 0.017201434 0.14478568 0.17710898 0.21291380    1  6281
mean.R[5, 3]    0.10851740 0.011423253 0.08704780 0.10811062 0.13220762    1  6263
mean.R[1, 4]    0.36103912 0.000000000 0.36103912 0.36103912 0.36103912  NaN     0
mean.R[2, 4]    0.15479636 0.000000000 0.15479636 0.15479636 0.15479636  NaN     0
mean.R[3, 4]    0.10129167 0.000000000 0.10129167 0.10129167 0.10129167  NaN     0
mean.R[4, 4]    0.15004388 0.000000000 0.15004388 0.15004388 0.15004388  NaN     0
mean.R[5, 4]    0.09043085 0.000000000 0.09043085 0.09043085 0.09043085  NaN     0
mean.R[1, 5]    0.39321461 0.000000000 0.39321461 0.39321461 0.39321461  NaN     0
mean.R[2, 5]    0.17358497 0.000000000 0.17358497 0.17358497 0.17358497  NaN     0
mean.R[3, 5]    0.11446558 0.000000000 0.11446558 0.11446558 0.11446558  NaN     0
mean.R[4, 5]    0.16837056 0.000000000 0.16837056 0.16837056 0.16837056  NaN     0
mean.R[5, 5]    0.10235309 0.000000000 0.10235309 0.10235309 0.10235309  NaN     0
mean.R[1, 6]    0.43824802 0.000000000 0.43824802 0.43824802 0.43824802  NaN     0
mean.R[2, 6]    0.20183164 0.000000000 0.20183164 0.20183164 0.20183164  NaN     0
mean.R[3, 6]    0.13465959 0.000000000 0.13465959 0.13465959 0.13465959  NaN     0
mean.R[4, 6]    0.19596993 0.000000000 0.19596993 0.19596993 0.19596993  NaN     0
mean.R[5, 6]    0.12070148 0.000000000 0.12070148 0.12070148 0.12070148  NaN     0
mean.R[1, 7]    0.38466281 0.000000000 0.38466281 0.38466281 0.38466281  NaN     0
mean.R[2, 7]    0.16848348 0.000000000 0.16848348 0.16848348 0.16848348  NaN     0
mean.R[3, 7]    0.11086846 0.000000000 0.11086846 0.11086846 0.11086846  NaN     0
mean.R[4, 7]    0.16339202 0.000000000 0.16339202 0.16339202 0.16339202  NaN     0
mean.R[5, 7]    0.09909401 0.000000000 0.09909401 0.09909401 0.09909401  NaN     0
mean.R[1, 8]    0.41953719 0.029898625 0.36655078 0.41776007 0.48618308    1  4888
mean.R[2, 8]    0.19034901 0.019350515 0.15793775 0.18868375 0.23471218    1  4746
mean.R[3, 8]    0.12650562 0.013982736 0.10348019 0.12520110 0.15877391    1  4704
mean.R[4, 8]    0.18475691 0.018924082 0.15310629 0.18311628 0.22816851    1  4742
mean.R[5, 8]    0.11330337 0.012734465 0.09240884 0.11209640 0.14272850    1  4695
mean.R[1, 9]    0.41158687 0.000000000 0.41158687 0.41158687 0.41158687  NaN     0
mean.R[2, 9]    0.18482107 0.000000000 0.18482107 0.18482107 0.18482107  NaN     0
mean.R[3, 9]    0.12244188 0.000000000 0.12244188 0.12244188 0.12244188  NaN     0
mean.R[4, 9]    0.17934238 0.000000000 0.17934238 0.17934238 0.17934238  NaN     0
mean.R[5, 9]    0.10958981 0.000000000 0.10958981 0.10958981 0.10958981  NaN     0
mean.R[1, 10]   0.41459326 0.029439457 0.35894810 0.41343841 0.47609529    1  5455
mean.R[2, 10]   0.18721495 0.018788655 0.15361266 0.18597492 0.22753159    1  5266
mean.R[3, 10]   0.12425620 0.013531596 0.10046848 0.12326518 0.15345068    1  5205
mean.R[4, 10]   0.18169367 0.018369010 0.14889012 0.18046960 0.22113027    1  5261
mean.R[5, 10]   0.11125776 0.012315665 0.08968711 0.11033756 0.13785507    1  5192
mean.R[1, 11]   0.40797809 0.029204759 0.34994012 0.40764062 0.46476910    1  5376
mean.R[2, 11]   0.18308127 0.018297013 0.14856347 0.18237515 0.21963961    1  5253
mean.R[3, 11]   0.12130119 0.013108641 0.09696599 0.12069925 0.14763712    1  5212
mean.R[4, 11]   0.17765481 0.017880178 0.14396975 0.17695322 0.21339898    1  5250
mean.R[5, 11]   0.10857272 0.011917703 0.08652433 0.10800758 0.13253985    1  5204
mean.R[1, 12]   0.40338692 0.028615659 0.34504934 0.40382571 0.46028109    1  5458
mean.R[2, 12]   0.18022440 0.017533154 0.14585566 0.18002769 0.21656093    1  5567
mean.R[3, 12]   0.11926018 0.012470466 0.09509359 0.11903009 0.14537967    1  5596
mean.R[4, 12]   0.17486366 0.017123243 0.14133177 0.17466065 0.21038419    1  5570
mean.R[5, 12]   0.10671835 0.011319533 0.08483462 0.10649268 0.13047791    1  5601
mean.R[1, 13]   0.41856557 0.029965624 0.36485534 0.41664891 0.48225853    1  4801
mean.R[2, 13]   0.18974154 0.019550628 0.15696812 0.18798517 0.23190139    1  4551
mean.R[3, 13]   0.12607331 0.014192061 0.10280407 0.12470142 0.15668632    1  4496
mean.R[4, 13]   0.18416354 0.019126351 0.15216096 0.18243367 0.22541300    1  4545
mean.R[5, 13]   0.11291107 0.012939946 0.09179765 0.11164235 0.14081657    1  4480
mean.R[1, 14]   0.40778948 0.028557827 0.35234969 0.40752286 0.46574711    1  5878
mean.R[2, 14]   0.18293857 0.017714478 0.14990619 0.18230244 0.22031413    1  5900
mean.R[3, 14]   0.12119299 0.012641131 0.09789599 0.12064750 0.14813249    1  5903
mean.R[4, 14]   0.17751468 0.017305370 0.14527804 0.17688221 0.21405959    1  5901
mean.R[5, 14]   0.10847316 0.011482217 0.08736387 0.10796061 0.13299247    1  5904
mean.R[1, 15]   0.39297423 0.000000000 0.39297423 0.39297423 0.39297423  NaN     0
mean.R[2, 15]   0.17344048 0.000000000 0.17344048 0.17344048 0.17344048  NaN     0
mean.R[3, 15]   0.11436349 0.000000000 0.11436349 0.11436349 0.11436349  NaN     0
mean.R[4, 15]   0.16822953 0.000000000 0.16822953 0.16822953 0.16822953  NaN     0
mean.R[5, 15]   0.10226056 0.000000000 0.10226056 0.10226056 0.10226056  NaN     0
mean.R[1, 16]   0.38315578 0.000000000 0.38315578 0.38315578 0.38315578  NaN     0
mean.R[2, 16]   0.16759272 0.000000000 0.16759272 0.16759272 0.16759272  NaN     0
mean.R[3, 16]   0.11024192 0.000000000 0.11024192 0.11024192 0.11024192  NaN     0
mean.R[4, 16]   0.16252291 0.000000000 0.16252291 0.16252291 0.16252291  NaN     0
mean.R[5, 16]   0.09852664 0.000000000 0.09852664 0.09852664 0.09852664  NaN     0
mean.R[1, 17]   0.40993242 0.000000000 0.40993242 0.40993242 0.40993242  NaN     0
mean.R[2, 17]   0.18379343 0.000000000 0.18379343 0.18379343 0.18379343  NaN     0
mean.R[3, 17]   0.12170930 0.000000000 0.12170930 0.12170930 0.12170930  NaN     0
mean.R[4, 17]   0.17833854 0.000000000 0.17833854 0.17833854 0.17833854  NaN     0
mean.R[5, 17]   0.10892458 0.000000000 0.10892458 0.10892458 0.10892458  NaN     0
mean.p[1]       0.82445401 0.009667694 0.80486650 0.82464287 0.84318783    1  6486
mean.p[2]       0.82445401 0.009667694 0.80486650 0.82464287 0.84318783    1  6486
mean.p[3]       0.82445401 0.009667694 0.80486650 0.82464287 0.84318783    1  6486
mean.p[4]       0.82445401 0.009667694 0.80486650 0.82464287 0.84318783    1  6486
mean.p[5]       0.82445401 0.009667694 0.80486650 0.82464287 0.84318783    1  6486
mean.p[6]       0.82445401 0.009667694 0.80486650 0.82464287 0.84318783    1  6486
mean.p[7]       0.82445401 0.009667694 0.80486650 0.82464287 0.84318783    1  6486
mean.p[8]       0.82445401 0.009667694 0.80486650 0.82464287 0.84318783    1  6486
mean.p[9]       0.82445401 0.009667694 0.80486650 0.82464287 0.84318783    1  6486
mean.p[10]      0.82445401 0.009667694 0.80486650 0.82464287 0.84318783    1  6486
mean.p[11]      0.82445401 0.009667694 0.80486650 0.82464287 0.84318783    1  6486
mean.p[12]      0.82445401 0.009667694 0.80486650 0.82464287 0.84318783    1  6486
mean.p[13]      0.82445401 0.009667694 0.80486650 0.82464287 0.84318783    1  6486
mean.p[14]      0.82445401 0.009667694 0.80486650 0.82464287 0.84318783    1  6486
mean.p[15]      0.82445401 0.009667694 0.80486650 0.82464287 0.84318783    1  6486
mean.p[16]      0.82445401 0.009667694 0.80486650 0.82464287 0.84318783    1  6486
mean.p[17]      0.82445401 0.009667694 0.80486650 0.82464287 0.84318783    1  6486
mean.p[18]      0.82445401 0.009667694 0.80486650 0.82464287 0.84318783    1  6486
mean.phi[1, 1]  0.64658583 0.162506452 0.30282784 0.66068251 0.91744681    1  6421
mean.phi[2, 1]  0.77391041 0.121721696 0.48348809 0.79223739 0.95065077    1  5962
mean.phi[3, 1]  0.85255173 0.102651113 0.58403525 0.87620191 0.97846755    1  6478
mean.phi[4, 1]  0.88512782 0.081641510 0.67485916 0.90647683 0.98304881    1  6558
mean.phi[5, 1]  0.79742911 0.092044042 0.59113269 0.80895439 0.94087166    1  5867
mean.phi[1, 2]  0.76175308 0.117798830 0.49736074 0.77714201 0.94215799    1  5462
mean.phi[2, 2]  0.78884842 0.112501291 0.52866951 0.80655286 0.95383839    1  6353
mean.phi[3, 2]  0.91551139 0.055466925 0.77350485 0.92791260 0.98546925    1  6484
mean.phi[4, 2]  0.89871093 0.069692399 0.71860875 0.91432082 0.98447250    1  6759
mean.phi[5, 2]  0.56751776 0.109815343 0.34664146 0.57012731 0.77287647    1  6835
mean.phi[1, 3]  0.83607025 0.072918633 0.67074884 0.84725521 0.94970716    1  5666
mean.phi[2, 3]  0.80336582 0.107555884 0.54891423 0.82133028 0.95845466    1  6496
mean.phi[3, 3]  0.94284744 0.036049238 0.85418816 0.95046265 0.98967488    1  5989
mean.phi[4, 3]  0.78394578 0.104549171 0.54016209 0.79916974 0.94010712    1  7161
mean.phi[5, 3]  0.65118583 0.108260515 0.42453288 0.65773284 0.84483766    1  6303
mean.phi[1, 4]  0.39754531 0.000000000 0.39754531 0.39754531 0.39754531  NaN     0
mean.phi[2, 4]  0.55581558 0.000000000 0.55581558 0.55581558 0.55581558  NaN     0
mean.phi[3, 4]  0.83583096 0.000000000 0.83583096 0.83583096 0.83583096  NaN     0
mean.phi[4, 4]  0.86480498 0.000000000 0.86480498 0.86480498 0.86480498  NaN     0
mean.phi[5, 4]  0.45164780 0.000000000 0.45164780 0.45164780 0.45164780  NaN     0
mean.phi[1, 5]  0.37639554 0.000000000 0.37639554 0.37639554 0.37639554  NaN     0
mean.phi[2, 5]  0.54820683 0.000000000 0.54820683 0.54820683 0.54820683  NaN     0
mean.phi[3, 5]  0.81961839 0.000000000 0.81961839 0.81961839 0.81961839  NaN     0
mean.phi[4, 5]  0.84228637 0.000000000 0.84228637 0.84228637 0.84228637  NaN     0
mean.phi[5, 5]  0.44250020 0.000000000 0.44250020 0.44250020 0.44250020  NaN     0
mean.phi[1, 6]  0.40572148 0.000000000 0.40572148 0.40572148 0.40572148  NaN     0
mean.phi[2, 6]  0.52948316 0.000000000 0.52948316 0.52948316 0.52948316  NaN     0
mean.phi[3, 6]  0.85447652 0.000000000 0.85447652 0.85447652 0.85447652  NaN     0
mean.phi[4, 6]  0.83529913 0.000000000 0.83529913 0.83529913 0.83529913  NaN     0
mean.phi[5, 6]  0.47830122 0.000000000 0.47830122 0.47830122 0.47830122  NaN     0
mean.phi[1, 7]  0.38872032 0.000000000 0.38872032 0.38872032 0.38872032  NaN     0
mean.phi[2, 7]  0.57859018 0.000000000 0.57859018 0.57859018 0.57859018  NaN     0
mean.phi[3, 7]  0.84057388 0.000000000 0.84057388 0.84057388 0.84057388  NaN     0
mean.phi[4, 7]  0.83925947 0.000000000 0.83925947 0.83925947 0.83925947  NaN     0
mean.phi[5, 7]  0.44737842 0.000000000 0.44737842 0.44737842 0.44737842  NaN     0
mean.phi[1, 8]  0.76155897 0.118361000 0.49361587 0.77600517 0.94450432    1  5552
mean.phi[2, 8]  0.61961631 0.188000947 0.22738057 0.63819672 0.91939345    1  6809
mean.phi[3, 8]  0.90607824 0.037102976 0.81983216 0.91099925 0.96379771    1  6447
mean.phi[4, 8]  0.75161692 0.072115902 0.59301644 0.75796454 0.87694808    1  6525
mean.phi[5, 8]  0.41463131 0.126260721 0.18465270 0.41280761 0.66521342    1  6799
mean.phi[1, 9]  0.37921302 0.000000000 0.37921302 0.37921302 0.37921302  NaN     0
mean.phi[2, 9]  0.52718654 0.000000000 0.52718654 0.52718654 0.52718654  NaN     0
mean.phi[3, 9]  0.84007500 0.000000000 0.84007500 0.84007500 0.84007500  NaN     0
mean.phi[4, 9]  0.84408345 0.000000000 0.84408345 0.84408345 0.84408345  NaN     0
mean.phi[5, 9]  0.44982820 0.000000000 0.44982820 0.44982820 0.44982820  NaN     0
mean.phi[1, 10] 0.90489719 0.047985206 0.79341838 0.91317778 0.97484646    1  4233
mean.phi[2, 10] 0.67169486 0.165936204 0.31316988 0.69275302 0.92998804    1  6915
mean.phi[3, 10] 0.87040281 0.063631308 0.71959407 0.88060735 0.96413578    1  6606
mean.phi[4, 10] 0.87685940 0.044751390 0.77712870 0.88217179 0.94886648    1  6962
mean.phi[5, 10] 0.77229451 0.101259312 0.54496263 0.78624957 0.93240042    1  6007
mean.phi[1, 11] 0.67939877 0.116730390 0.42825057 0.68886740 0.87838372    1  6005
mean.phi[2, 11] 0.87276526 0.054125510 0.74546670 0.88024522 0.95702594    1  5927
mean.phi[3, 11] 0.92350269 0.048955754 0.79894680 0.93417947 0.98596549    1  6582
mean.phi[4, 11] 0.93840830 0.033482152 0.85826879 0.94460932 0.98485518    1  6916
mean.phi[5, 11] 0.83680095 0.074407948 0.66404121 0.84671743 0.95119101    1  5898
mean.phi[1, 12] 0.85463840 0.073818641 0.68147142 0.86590348 0.96451134    1  4258
mean.phi[2, 12] 0.74998242 0.114475983 0.49219098 0.76411253 0.93197608    1  6735
mean.phi[3, 12] 0.92149165 0.037546523 0.83235420 0.92795545 0.97666146    1  6657
mean.phi[4, 12] 0.84009886 0.069468767 0.68101905 0.84984006 0.94697393    1  6995
mean.phi[5, 12] 0.77211937 0.062775169 0.63870886 0.77683274 0.88280358    1  6813
mean.phi[1, 13] 0.82113825 0.077917306 0.64389162 0.83016104 0.94368459    1  5825
mean.phi[2, 13] 0.83817811 0.076699808 0.66146365 0.85000849 0.95516849    1  6224
mean.phi[3, 13] 0.92661284 0.035226169 0.84055392 0.93240580 0.97831768    1  6715
mean.phi[4, 13] 0.90851521 0.062450217 0.75043413 0.92357902 0.98547845    1  7039
mean.phi[5, 13] 0.84402625 0.053433578 0.72592523 0.84918177 0.93338255    1  6298
mean.phi[1, 14] 0.79697863 0.088817542 0.59525783 0.80811587 0.93644088    1  6030
mean.phi[2, 14] 0.84102421 0.074027924 0.66706429 0.85132388 0.95298550    1  6049
mean.phi[3, 14] 0.93416078 0.030966719 0.86167991 0.93933090 0.97987423    1  6435
mean.phi[4, 14] 0.82297915 0.086438279 0.61618211 0.83476021 0.95211486    1  7258
mean.phi[5, 14] 0.63760418 0.073556121 0.48886134 0.64019396 0.77300357    1  6912
mean.phi[1, 15] 0.40909636 0.000000000 0.40909636 0.40909636 0.40909636  NaN     0
mean.phi[2, 15] 0.55560515 0.000000000 0.55560515 0.55560515 0.55560515  NaN     0
mean.phi[3, 15] 0.82413638 0.000000000 0.82413638 0.82413638 0.82413638  NaN     0
mean.phi[4, 15] 0.81717415 0.000000000 0.81717415 0.81717415 0.81717415  NaN     0
mean.phi[5, 15] 0.44515678 0.000000000 0.44515678 0.44515678 0.44515678  NaN     0
mean.phi[1, 16] 0.37121395 0.000000000 0.37121395 0.37121395 0.37121395  NaN     0
mean.phi[2, 16] 0.53188796 0.000000000 0.53188796 0.53188796 0.53188796  NaN     0
mean.phi[3, 16] 0.81690153 0.000000000 0.81690153 0.81690153 0.81690153  NaN     0
mean.phi[4, 16] 0.86462503 0.000000000 0.86462503 0.86462503 0.86462503  NaN     0
mean.phi[5, 16] 0.48968440 0.000000000 0.48968440 0.48968440 0.48968440  NaN     0
mean.phi[1, 17] 0.42109035 0.000000000 0.42109035 0.42109035 0.42109035  NaN     0
mean.phi[2, 17] 0.59782878 0.000000000 0.59782878 0.59782878 0.59782878  NaN     0
mean.phi[3, 17] 0.80624007 0.000000000 0.80624007 0.80624007 0.80624007  NaN     0
mean.phi[4, 17] 0.83786186 0.000000000 0.83786186 0.83786186 0.83786186  NaN     0
mean.phi[5, 17] 0.44197998 0.000000000 0.44197998 0.44197998 0.44197998  NaN     0
mean.rO[1]      0.59975448 0.040909327 0.51861030 0.59925064 0.67944990    1  5611
mean.rO[2]      0.59975448 0.040909327 0.51861030 0.59925064 0.67944990    1  5611
mean.rO[3]      0.59975448 0.040909327 0.51861030 0.59925064 0.67944990    1  5611
mean.rO[4]      0.59975448 0.040909327 0.51861030 0.59925064 0.67944990    1  5611
mean.rO[5]      0.59975448 0.040909327 0.51861030 0.59925064 0.67944990    1  5611
mean.rO[6]      0.59975448 0.040909327 0.51861030 0.59925064 0.67944990    1  5611
mean.rO[7]      0.59975448 0.040909327 0.51861030 0.59925064 0.67944990    1  5611
mean.rO[8]      0.59975448 0.040909327 0.51861030 0.59925064 0.67944990    1  5611
mean.rO[9]      0.59975448 0.040909327 0.51861030 0.59925064 0.67944990    1  5611
mean.rO[10]     0.59975448 0.040909327 0.51861030 0.59925064 0.67944990    1  5611
mean.rO[11]     0.59975448 0.040909327 0.51861030 0.59925064 0.67944990    1  5611
mean.rO[12]     0.59975448 0.040909327 0.51861030 0.59925064 0.67944990    1  5611
mean.rO[13]     0.59975448 0.040909327 0.51861030 0.59925064 0.67944990    1  5611
mean.rO[14]     0.59975448 0.040909327 0.51861030 0.59925064 0.67944990    1  5611
mean.rO[15]     0.59975448 0.040909327 0.51861030 0.59925064 0.67944990    1  5611
mean.rO[16]     0.59975448 0.040909327 0.51861030 0.59925064 0.67944990    1  5611
mean.rO[17]     0.59975448 0.040909327 0.51861030 0.59925064 0.67944990    1  5611
mean.rO[18]     0.59975448 0.040909327 0.51861030 0.59925064 0.67944990    1  5611
mean.rR[1]      0.77355610 0.081561513 0.60228294 0.77859454 0.91481915    1  3384
mean.rR[2]      0.77355610 0.081561513 0.60228294 0.77859454 0.91481915    1  3384
mean.rR[3]      0.77355610 0.081561513 0.60228294 0.77859454 0.91481915    1  3384
mean.rR[4]      0.77355610 0.081561513 0.60228294 0.77859454 0.91481915    1  3384
mean.rR[5]      0.77355610 0.081561513 0.60228294 0.77859454 0.91481915    1  3384
mean.rR[6]      0.77355610 0.081561513 0.60228294 0.77859454 0.91481915    1  3384
mean.rR[7]      0.77355610 0.081561513 0.60228294 0.77859454 0.91481915    1  3384
mean.rR[8]      0.77355610 0.081561513 0.60228294 0.77859454 0.91481915    1  3384
mean.rR[9]      0.77355610 0.081561513 0.60228294 0.77859454 0.91481915    1  3384
mean.rR[10]     0.77355610 0.081561513 0.60228294 0.77859454 0.91481915    1  3384
mean.rR[11]     0.77355610 0.081561513 0.60228294 0.77859454 0.91481915    1  3384
mean.rR[12]     0.77355610 0.081561513 0.60228294 0.77859454 0.91481915    1  3384
mean.rR[13]     0.77355610 0.081561513 0.60228294 0.77859454 0.91481915    1  3384
mean.rR[14]     0.77355610 0.081561513 0.60228294 0.77859454 0.91481915    1  3384
mean.rR[15]     0.77355610 0.081561513 0.60228294 0.77859454 0.91481915    1  3384
mean.rR[16]     0.77355610 0.081561513 0.60228294 0.77859454 0.91481915    1  3384
mean.rR[17]     0.77355610 0.081561513 0.60228294 0.77859454 0.91481915    1  3384
mean.rR[18]     0.77355610 0.081561513 0.60228294 0.77859454 0.91481915    1  3384
mu.R[1]         0.40788874 0.000000000 0.40788874 0.40788874 0.40788874  NaN     0
mu.R[2]         0.18252840 0.000000000 0.18252840 0.18252840 0.18252840  NaN     0
mu.R[3]         0.12080834 0.000000000 0.12080834 0.12080834 0.12080834  NaN     0
mu.R[4]         0.17710291 0.000000000 0.17710291 0.17710291 0.17710291  NaN     0
mu.R[5]         0.10810661 0.000000000 0.10810661 0.10810661 0.10810661  NaN     0
mu.p            0.82445401 0.009667694 0.80486650 0.82464287 0.84318783    1  6486
mu.phi[1]       0.40112694 0.000000000 0.40112694 0.40112694 0.40112694  NaN     0
mu.phi[2]       0.54456424 0.000000000 0.54456424 0.54456424 0.54456424  NaN     0
mu.phi[3]       0.82571935 0.000000000 0.82571935 0.82571935 0.82571935  NaN     0
mu.phi[4]       0.84592527 0.000000000 0.84592527 0.84592527 0.84592527  NaN     0
mu.phi[5]       0.45343353 0.000000000 0.45343353 0.45343353 0.45343353  NaN     0
mu.rO           0.59975448 0.040909327 0.51861030 0.59925064 0.67944990    1  5611
mu.rR           0.77355610 0.081561513 0.60228294 0.77859454 0.91481915    1  3384
sigma.R         0.11453010 0.035700682 0.06942214 0.10728752 0.20062688    1  1246
sigma.phi       1.01467142 0.126628310 0.78474501 1.00685269 1.28784823    1  1280
