Information and diagnostics 
=========================== 
Total iter:                       10000 
Thin:                             1 
Num chains:                       3 
Max Rhat:                         1.07 
Min n.eff:                        0 


Model summary 
============= 
                        mean          sd          2.5%          50%       97.5% Rhat n.eff
betaD.R[1]      -0.005841448 0.730691517 -1.484812e+00  0.010166076  1.40601017 1.00  4818
betaD.R[2]       0.597421265 0.706629642 -7.891536e-01  0.606299546  1.97247070 1.00  4256
betaD.R[3]      -0.335916589 0.671269602 -1.674308e+00 -0.328502116  0.92896511 1.00  4687
betaD.R[4]       0.508090486 0.564649198 -6.060809e-01  0.504676988  1.60353250 1.00  5191
betaD.R[5]      -1.164537164 0.641120941 -2.478862e+00 -1.149347112  0.05477834 1.00  3381
betaD.R[6]      -0.273060413 0.500131245 -1.288807e+00 -0.264594984  0.69162012 1.00  3246
betaD.phi[1]    -0.478345801 0.379173226 -1.218732e+00 -0.478758189  0.27632727 1.00   569
betaD.phi[2]     0.160728173 0.445489766 -6.862496e-01  0.156022297  1.05732044 1.01  1221
betaD.phi[3]     0.003196979 0.390457765 -7.336558e-01 -0.008451579  0.79362813 1.01  1205
betaD.phi[4]     0.376960112 0.325997590 -2.717748e-01  0.375591020  1.02192111 1.00  1337
betaD.phi[5]    -0.255404102 0.379096042 -1.001801e+00 -0.259171294  0.49556120 1.00  1389
betaD.phi[6]    -0.242395739 0.339297042 -8.898398e-01 -0.245352764  0.42473663 1.01   679
betaV.R[1]      -0.112159608 0.740919113 -1.605671e+00 -0.103775686  1.31435550 1.00  4503
betaV.R[2]       0.939752273 0.768996549 -5.079218e-01  0.907031970  2.52509067 1.00  4696
betaV.R[3]      -0.518147699 0.734550274 -1.928551e+00 -0.520183634  0.93378552 1.00  4898
betaV.R[4]      -0.934963820 0.583054084 -2.119945e+00 -0.918103527  0.18070027 1.00  4370
betaV.R[5]      -0.313642368 0.780937430 -1.880145e+00 -0.307540790  1.20248512 1.00  2921
betaV.R[6]      -0.246942688 0.601639507 -1.476887e+00 -0.221134444  0.87590825 1.01  2400
betaV.phi[1]     0.482241436 0.401475780 -3.163753e-01  0.487642835  1.25370786 1.00   564
betaV.phi[2]     0.377760367 0.479734242 -5.762825e-01  0.377574219  1.32465143 1.00  1322
betaV.phi[3]    -0.214678645 0.409524515 -1.041881e+00 -0.202008857  0.55997340 1.00  1122
betaV.phi[4]    -0.133198670 0.330407002 -7.908150e-01 -0.134612077  0.51324010 1.00  1527
betaV.phi[5]     0.418984810 0.421755054 -4.317068e-01  0.419867852  1.22842392 1.01  1290
betaV.phi[6]     0.305922370 0.374268419 -4.405162e-01  0.313896520  1.00305827 1.01   569
betaX.R         -0.756984429 0.234980927 -1.233947e+00 -0.751244698 -0.31816980 1.00  3705
betaX.phi        0.407841738 0.086107793  2.379791e-01  0.408506029  0.57359262 1.00  3801
mean.R[1, 1]     0.021570397 0.037956238  4.632981e-04  0.011407879  0.09948231 1.01  6050
mean.R[2, 1]     0.378329183 0.267468645  2.346674e-02  0.314311336  0.95689349 1.00  2370
mean.R[3, 1]     0.055682554 0.079107487  1.138272e-03  0.031453861  0.25978312 1.01  4363
mean.R[4, 1]     0.132021680 0.141385005  3.241676e-03  0.087398070  0.54104368 1.01  1394
mean.R[5, 1]     0.088775195 0.106453812  1.898075e-03  0.056343613  0.39305903 1.00  4055
mean.R[6, 1]     0.097414041 0.091533883  1.430007e-02  0.073203153  0.35977464 1.01  3198
mean.R[1, 2]     0.022744823 0.031484094  1.777329e-04  0.010960775  0.11347817 1.00  8011
mean.R[2, 2]     0.614048674 0.273591596  9.329215e-02  0.649536517  0.98878682 1.00  6091
mean.R[3, 2]     0.035195757 0.053785336  2.708930e-04  0.014647913  0.19384836 1.00  7421
mean.R[4, 2]     0.095741933 0.105897775  2.829385e-03  0.058121048  0.39605573 1.00  6507
mean.R[5, 2]     0.039185791 0.065033977  2.407314e-04  0.014292274  0.23058435 1.00  4149
mean.R[6, 2]     0.052582014 0.046453529  3.123925e-03  0.039460632  0.17423968 1.00  6958
mean.R[1, 3]     0.027886061 0.043733651  8.998587e-05  0.010746593  0.15798945 1.00  9271
mean.R[2, 3]     0.688331444 0.275332514  9.870068e-02  0.768094839  0.99688314 1.00  6573
mean.R[3, 3]     0.035157878 0.063600710  1.003794e-04  0.010720337  0.22383992 1.00  7927
mean.R[4, 3]     0.097915571 0.124485980  1.366078e-03  0.049913431  0.47114763 1.00  6834
mean.R[5, 3]     0.032512065 0.065171310  6.569689e-05  0.008219460  0.22594895 1.00  4727
mean.R[6, 3]     0.049606792 0.051652098  1.612439e-03  0.032961881  0.19257331 1.00  7610
mean.R[1, 4]     0.019296310 0.024238427  2.887567e-04  0.010702338  0.08616916 1.00  6548
mean.R[2, 4]     0.541652610 0.262675641  8.951717e-02  0.539244392  0.97002008 1.00  5698
mean.R[3, 4]     0.035755482 0.047219993  6.194444e-04  0.018440814  0.17235914 1.00  6803
mean.R[4, 4]     0.073796742 0.075598742  3.489708e-03  0.049051966  0.28250617 1.00  5689
mean.R[5, 4]     0.059151972 0.081786456  7.682617e-04  0.027888089  0.29929660 1.00  3660
mean.R[6, 4]     0.058357463 0.046346890  4.740493e-03  0.046285558  0.17749734 1.00  5233
mean.R[1, 5]     0.022122412 0.027515247  8.289022e-04  0.012585541  0.09934355 1.00  4215
mean.R[2, 5]     0.169360062 0.139796748  1.435728e-02  0.128668022  0.53718068 1.01  4017
mean.R[3, 5]     0.084212565 0.082844153  5.654703e-03  0.058085612  0.31533979 1.00  3878
mean.R[4, 5]     0.267618190 0.134113608  6.648350e-02  0.247353428  0.57606694 1.00  4730
mean.R[5, 5]     0.093821777 0.078314463  1.056278e-02  0.071319440  0.30462469 1.00  3498
mean.R[6, 5]     0.095326830 0.064487820  1.694898e-02  0.079947891  0.26137696 1.00  2982
mean.R[1, 6]     0.018976289 0.021143430  9.470387e-04  0.011923447  0.07753741 1.00  4083
mean.R[2, 6]     0.154716287 0.118230681  1.801576e-02  0.122878357  0.46188123 1.00  3918
mean.R[3, 6]     0.075457555 0.067981637  6.836588e-03  0.055077425  0.26221654 1.00  3676
mean.R[4, 6]     0.224781789 0.108368519  6.273829e-02  0.208207145  0.47468596 1.00  4703
mean.R[5, 6]     0.096110304 0.068230026  1.484632e-02  0.079074558  0.27350717 1.01  3492
mean.R[6, 6]     0.088112724 0.050719717  2.036138e-02  0.077688327  0.21049540 1.00  3307
mean.R[1, 7]     0.019721893 0.020805475  1.034724e-03  0.013044138  0.07840849 1.00  4317
mean.R[2, 7]     0.071986273 0.061473051  8.268355e-03  0.054188698  0.23772985 1.00  4733
mean.R[3, 7]     0.113499945 0.089032137  1.307541e-02  0.088833857  0.35246705 1.00  4380
mean.R[4, 7]     0.241376080 0.102548601  8.048891e-02  0.228548825  0.47301866 1.00  5988
mean.R[5, 7]     0.208447138 0.106711642  5.487909e-02  0.190697656  0.45798421 1.00  4225
mean.R[6, 7]     0.118207620 0.065761198  2.993860e-02  0.105288602  0.28062426 1.00  3068
mean.R[1, 8]     0.016803478 0.014364135  1.338873e-03  0.012878513  0.05365905 1.00  4414
mean.R[2, 8]     0.068885671 0.040720763  1.556868e-02  0.060354535  0.17173394 1.00  6734
mean.R[3, 8]     0.099237695 0.060253750  2.025206e-02  0.086376471  0.24928620 1.00  5254
mean.R[4, 8]     0.141559910 0.057794515  5.218547e-02  0.133787032  0.27293162 1.00  6598
mean.R[5, 8]     0.283095573 0.080904078  1.422037e-01  0.277447995  0.45597352 1.00  8988
mean.R[6, 8]     0.115744060 0.043844592  4.647347e-02  0.110239829  0.21683342 1.00  6889
mean.R[1, 9]     0.016979011 0.015009073  1.249331e-03  0.012781396  0.05685297 1.00  4557
mean.R[2, 9]     0.063316618 0.039106225  1.317297e-02  0.054893059  0.16223530 1.00  7649
mean.R[3, 9]     0.103415381 0.063806680  1.982906e-02  0.089727226  0.26289767 1.00  5822
mean.R[4, 9]     0.135957735 0.059189030  4.606686e-02  0.127391374  0.27445821 1.00  7371
mean.R[5, 9]     0.312050054 0.089520423  1.552439e-01  0.306094898  0.50247276 1.00 10123
mean.R[6, 9]     0.118987097 0.046464508  4.641591e-02  0.112958122  0.22721917 1.00  7739
mean.R[1, 10]    0.017793644 0.016190154  1.269168e-03  0.013140894  0.06034756 1.00  4475
mean.R[2, 10]    0.060630033 0.039468451  1.203792e-02  0.051593919  0.16273747 1.00  7206
mean.R[3, 10]    0.111151881 0.071542266  2.004127e-02  0.094916313  0.28982174 1.00  5116
mean.R[4, 10]    0.156610347 0.067009950  5.396247e-02  0.147027373  0.31183169 1.00  7484
mean.R[5, 10]    0.310490175 0.093448582  1.496719e-01  0.303895699  0.51347762 1.00 10010
mean.R[6, 10]    0.123326577 0.050254405  4.655331e-02  0.116264385  0.24041594 1.00  6781
mean.R[1, 11]    0.018412649 0.018632225  1.036141e-03  0.012821929  0.06832897 1.00  5154
mean.R[2, 11]    0.056862153 0.040026957  9.010821e-03  0.046722419  0.15992659 1.00  9171
mean.R[3, 11]    0.116149140 0.077604538  1.934662e-02  0.098487512  0.31348918 1.00  7735
mean.R[4, 11]    0.120703614 0.066118387  3.000805e-02  0.108152883  0.28291648 1.00  6893
mean.R[5, 11]    0.397103668 0.124361337  1.730522e-01  0.391701039  0.65245251 1.00  7177
mean.R[6, 11]    0.131067643 0.059091302  4.272709e-02  0.122697684  0.27084870 1.00  7126
mean.R[1, 12]    0.016856390 0.016045210  1.100870e-03  0.012125804  0.05982816 1.00  4615
mean.R[2, 12]    0.064385272 0.041448812  1.219093e-02  0.054717455  0.17023693 1.00  7814
mean.R[3, 12]    0.099887030 0.063316265  1.850467e-02  0.086108760  0.25778513 1.00  6775
mean.R[4, 12]    0.109929306 0.056831735  2.984550e-02  0.099829659  0.24830394 1.00  5885
mean.R[5, 12]    0.345704904 0.111168810  1.497668e-01  0.338831878  0.57815658 1.00  5237
mean.R[6, 12]    0.118774880 0.050572823  4.074916e-02  0.112063620  0.23705486 1.00  5733
mean.R[1, 13]    0.015727147 0.013284845  1.439908e-03  0.012011587  0.05050757 1.00  3512
mean.R[2, 13]    0.121310133 0.063032347  3.231532e-02  0.109936048  0.27543306 1.00  4775
mean.R[3, 13]    0.071996017 0.042036226  1.594942e-02  0.063407246  0.17487834 1.00  4559
mean.R[4, 13]    0.096353536 0.045627397  3.069111e-02  0.088495643  0.20526854 1.00  4294
mean.R[5, 13]    0.227849975 0.092249209  8.234657e-02  0.215645764  0.43928520 1.00  2851
mean.R[6, 13]    0.100564298 0.040635722  3.834983e-02  0.095011217  0.19549365 1.01  3726
mean.R[1, 14]    0.016345505 0.014415113  1.327035e-03  0.012313068  0.05372798 1.00  3944
mean.R[2, 14]    0.080830583 0.045678235  1.899028e-02  0.071541353  0.19571357 1.00  6585
mean.R[3, 14]    0.088775481 0.052338300  1.856129e-02  0.078146909  0.21829931 1.00  6033
mean.R[4, 14]    0.109303270 0.050754884  3.423408e-02  0.101309005  0.23000045 1.00  5505
mean.R[5, 14]    0.291610927 0.093219914  1.319221e-01  0.283897434  0.49405285 1.00  4460
mean.R[6, 14]    0.111732595 0.043962539  4.260856e-02  0.105962533  0.21413951 1.00  5467
mean.R[1, 15]    0.017454100 0.016287507  1.176879e-03  0.012728871  0.06022570 1.00  4715
mean.R[2, 15]    0.060608554 0.038993575  1.175796e-02  0.051792680  0.15980506 1.00  8289
mean.R[3, 15]    0.107626296 0.068113438  1.989107e-02  0.092818762  0.27733204 1.00  6512
mean.R[4, 15]    0.127135567 0.061044346  3.773580e-02  0.117379394  0.27327547 1.00  6839
mean.R[5, 15]    0.347661826 0.105260852  1.620748e-01  0.340667842  0.56950074 1.00  7744
mean.R[6, 15]    0.123444819 0.050926218  4.483405e-02  0.116771180  0.24117987 1.00  7436
mean.R[1, 16]    0.016332463 0.014428390  1.216340e-03  0.012255021  0.05390394 1.00  4214
mean.R[2, 16]    0.069331687 0.040128005  1.576628e-02  0.061051112  0.16854987 1.00  7563
mean.R[3, 16]    0.094010619 0.056055928  1.916827e-02  0.082486394  0.23260993 1.00  5716
mean.R[4, 16]    0.119936960 0.054253664  3.809429e-02  0.111879013  0.24656710 1.00  5753
mean.R[5, 16]    0.298793939 0.090408589  1.383539e-01  0.293541982  0.49125539 1.00  5409
mean.R[6, 16]    0.113314513 0.044288699  4.292258e-02  0.108002026  0.21493068 1.00  5619
mean.R[1, 17]    0.017501019 0.022070863  7.413215e-04  0.011018841  0.07224543 1.00  4998
mean.R[2, 17]    0.143607408 0.125621801  1.676458e-02  0.105195823  0.50024121 1.00  5412
mean.R[3, 17]    0.065994610 0.051216344  5.774801e-03  0.053443896  0.19504722 1.00  5909
mean.R[4, 17]    0.075924189 0.058108070  5.484565e-03  0.062591015  0.22040960 1.00  3845
mean.R[5, 17]    0.266750811 0.154495760  3.440484e-02  0.247374243  0.64350459 1.00  3315
mean.R[6, 17]    0.104886491 0.065756312  1.649526e-02  0.093595321  0.26423220 1.00  3745
mean.p[1]        0.991188020 0.002920668  9.848560e-01  0.991518021  0.99572787 1.00  6163
mean.p[2]        0.991276946 0.002815931  9.851292e-01  0.991571444  0.99582302 1.00  4746
mean.p[3]        0.991287035 0.002775553  9.851135e-01  0.991591228  0.99573116 1.00  4941
mean.p[4]        0.991286590 0.002775374  9.851596e-01  0.991577753  0.99576409 1.00  4883
mean.p[5]        0.991095890 0.002940863  9.846890e-01  0.991413440  0.99568120 1.01  4252
mean.p[6]        0.991354778 0.002718437  9.852987e-01  0.991619128  0.99576857 1.00  5155
mean.p[7]        0.991012603 0.002916019  9.845379e-01  0.991340142  0.99555426 1.00  4584
mean.p[8]        0.991199718 0.002778228  9.848979e-01  0.991515564  0.99565868 1.00  5238
mean.p[9]        0.991100107 0.002877662  9.846323e-01  0.991434639  0.99562608 1.00  4645
mean.p[10]       0.991362887 0.002737598  9.853760e-01  0.991642504  0.99581709 1.00  4582
mean.p[11]       0.991327520 0.002811908  9.850697e-01  0.991614638  0.99584100 1.00  4524
mean.p[12]       0.991331632 0.002763968  9.851063e-01  0.991632055  0.99579220 1.00  5090
mean.p[13]       0.991333302 0.002744914  9.852674e-01  0.991622780  0.99581891 1.00  5051
mean.p[14]       0.991332575 0.002745326  9.852615e-01  0.991610329  0.99581081 1.00  5195
mean.p[15]       0.991200646 0.002784187  9.850950e-01  0.991521718  0.99568190 1.00  4955
mean.p[16]       0.991243121 0.002733779  9.851773e-01  0.991530436  0.99561501 1.00  5292
mean.p[17]       0.991236229 0.002757648  9.851066e-01  0.991508120  0.99566359 1.00  5284
mean.p[18]       0.991162851 0.002881964  9.848032e-01  0.991469876  0.99576190 1.00  4577
mean.phi[1, 1]   0.803044422 0.102987733  5.648317e-01  0.817110431  0.95911541 1.00  4130
mean.phi[2, 1]   0.919997680 0.063397460  7.537403e-01  0.936845456  0.99069333 1.00  4838
mean.phi[3, 1]   0.870462708 0.076766611  6.822166e-01  0.885316634  0.97622913 1.00  4516
mean.phi[4, 1]   0.936996637 0.045457453  8.152662e-01  0.948657863  0.98913506 1.01  5413
mean.phi[5, 1]   0.915702561 0.061081331  7.612164e-01  0.930186104  0.98937717 1.00  4638
mean.phi[6, 1]   0.814163068 0.080251680  6.339953e-01  0.823701364  0.94071081 1.00  4468
mean.phi[1, 2]   0.829242503 0.071235302  6.665644e-01  0.838008663  0.94188426 1.00  4311
mean.phi[2, 2]   0.946280746 0.042910759  8.331542e-01  0.958083733  0.99314093 1.00  6498
mean.phi[3, 2]   0.728467694 0.120866291  4.513196e-01  0.743552404  0.91674749 1.00  6557
mean.phi[4, 2]   0.939728106 0.040581020  8.348730e-01  0.949485283  0.98870835 1.00  6305
mean.phi[5, 2]   0.924564134 0.053926836  7.857301e-01  0.937732725  0.98920330 1.00  6440
mean.phi[6, 2]   0.644345551 0.099513537  4.344491e-01  0.650407958  0.82056784 1.00  7941
mean.phi[1, 3]   0.716341426 0.091707403  5.185778e-01  0.723208058  0.87280107 1.00  9322
mean.phi[2, 3]   0.953616549 0.034327534  8.646614e-01  0.962241234  0.99409043 1.00  8062
mean.phi[3, 3]   0.757783144 0.117144650  4.896064e-01  0.773959606  0.93636767 1.00  8575
mean.phi[4, 3]   0.962013426 0.027287225  8.909382e-01  0.968708829  0.99441031 1.00  6082
mean.phi[5, 3]   0.880233334 0.082300551  6.739504e-01  0.899473847  0.98278005 1.00  6753
mean.phi[6, 3]   0.689838090 0.100405640  4.740692e-01  0.698344451  0.86249463 1.00  8745
mean.phi[1, 4]   0.614650254 0.116608300  3.721942e-01  0.623178882  0.81834831 1.00  2412
mean.phi[2, 4]   0.933420925 0.044434564  8.193970e-01  0.943948259  0.98819890 1.00  6740
mean.phi[3, 4]   0.883560451 0.053710094  7.574196e-01  0.891991993  0.96458615 1.00  5845
mean.phi[4, 4]   0.910204471 0.041631757  8.109146e-01  0.916865927  0.97163293 1.00  7608
mean.phi[5, 4]   0.936585223 0.041914019  8.306314e-01  0.946063507  0.98930198 1.00  5751
mean.phi[6, 4]   0.711419745 0.095451147  4.999146e-01  0.719815431  0.87077070 1.00  6359
mean.phi[1, 5]   0.565422304 0.114972686  3.361203e-01  0.568657744  0.77912474 1.00  2265
mean.phi[2, 5]   0.841281235 0.102348131  5.908587e-01  0.863887711  0.97320802 1.01  2486
mean.phi[3, 5]   0.848609315 0.079337883  6.580748e-01  0.861914450  0.96298051 1.00  3135
mean.phi[4, 5]   0.936882096 0.027562486  8.719122e-01  0.941263005  0.97767795 1.00  5717
mean.phi[5, 5]   0.899755514 0.055062973  7.677180e-01  0.909514667  0.97677176 1.00  2209
mean.phi[6, 5]   0.699371503 0.102258078  4.832449e-01  0.706853874  0.87534981 1.00  1439
mean.phi[1, 6]   0.604991722 0.157302589  2.785753e-01  0.614930634  0.87814609 1.00  1794
mean.phi[2, 6]   0.868320399 0.075350621  6.870580e-01  0.882699809  0.97133936 1.00  3094
mean.phi[3, 6]   0.873826310 0.079802651  6.757612e-01  0.891126573  0.97667790 1.00  2536
mean.phi[4, 6]   0.962880599 0.018330068  9.185545e-01  0.966106818  0.98906809 1.00  4569
mean.phi[5, 6]   0.743635568 0.084234640  5.606207e-01  0.750829543  0.88657634 1.00  5466
mean.phi[6, 6]   0.427471954 0.107193540  2.263079e-01  0.425149324  0.63906826 1.01  2716
mean.phi[1, 7]   0.501099501 0.117835206  2.704976e-01  0.500850014  0.72537158 1.00  2595
mean.phi[2, 7]   0.828468832 0.107867628  5.602730e-01  0.851681542  0.96777010 1.00  2663
mean.phi[3, 7]   0.869757776 0.071842769  6.957374e-01  0.883323213  0.96802920 1.00  3805
mean.phi[4, 7]   0.934747742 0.025727019  8.752106e-01  0.938375510  0.97442579 1.00  7392
mean.phi[5, 7]   0.905919605 0.049064258  7.887341e-01  0.914469882  0.97615711 1.00  2039
mean.phi[6, 7]   0.656059311 0.127981836  3.892871e-01  0.662421855  0.87990959 1.00  2021
mean.phi[1, 8]   0.650554048 0.120135854  3.864352e-01  0.663433918  0.84871420 1.00  5901
mean.phi[2, 8]   0.817807813 0.080674302  6.263903e-01  0.829796265  0.93717743 1.00  6964
mean.phi[3, 8]   0.864659389 0.076302826  6.773808e-01  0.880417153  0.96578549 1.00  6459
mean.phi[4, 8]   0.906409846 0.033324814  8.286959e-01  0.910970206  0.95813439 1.00  7422
mean.phi[5, 8]   0.780463200 0.066203067  6.337664e-01  0.787114385  0.89019102 1.00  4530
mean.phi[6, 8]   0.514026681 0.113299194  2.841618e-01  0.517740386  0.72204118 1.00  4746
mean.phi[1, 9]   0.716711243 0.065482787  5.804775e-01  0.719724293  0.83460966 1.00  7946
mean.phi[2, 9]   0.849154287 0.081687532  6.490096e-01  0.865294817  0.95991127 1.00  6031
mean.phi[3, 9]   0.885092663 0.062634624  7.273742e-01  0.897420949  0.97055973 1.00  6031
mean.phi[4, 9]   0.836948765 0.059930438  6.965358e-01  0.845931862  0.92996037 1.00  3229
mean.phi[5, 9]   0.831678568 0.050765823  7.176643e-01  0.836773673  0.91572648 1.00  7085
mean.phi[6, 9]   0.441112412 0.115342769  2.192049e-01  0.441704616  0.66301486 1.01  2552
mean.phi[1, 10]  0.725656795 0.088462404  5.343996e-01  0.733635492  0.87841202 1.00  6630
mean.phi[2, 10]  0.886002311 0.046100642  7.806950e-01  0.892154998  0.95860454 1.00  6644
mean.phi[3, 10]  0.872772349 0.072688468  6.931373e-01  0.887343573  0.96929508 1.00  5635
mean.phi[4, 10]  0.919119291 0.040317312  8.206866e-01  0.926615969  0.97522784 1.00  7113
mean.phi[5, 10]  0.870334832 0.044527172  7.709803e-01  0.875319500  0.94301429 1.00  8080
mean.phi[6, 10]  0.700652423 0.107143209  4.706319e-01  0.708931338  0.88481011 1.00  5599
mean.phi[1, 11]  0.841724521 0.062744797  7.008016e-01  0.848890054  0.94263294 1.00  4432
mean.phi[2, 11]  0.822165112 0.078757005  6.354755e-01  0.834385869  0.93893556 1.00  7083
mean.phi[3, 11]  0.877051914 0.048641509  7.646792e-01  0.883731771  0.95284720 1.00  8628
mean.phi[4, 11]  0.924690496 0.041707093  8.206975e-01  0.932671721  0.98121731 1.00  5773
mean.phi[5, 11]  0.938018407 0.031321847  8.638802e-01  0.943342441  0.98327297 1.00  4065
mean.phi[6, 11]  0.784446196 0.081913117  6.038962e-01  0.791868182  0.92089538 1.00  4754
mean.phi[1, 12]  0.671728683 0.081414285  5.003733e-01  0.677516063  0.81678507 1.00  5630
mean.phi[2, 12]  0.858549999 0.060045683  7.179931e-01  0.867065388  0.94992641 1.00  7371
mean.phi[3, 12]  0.791849604 0.091902097  5.699729e-01  0.806566287  0.92569520 1.01  4267
mean.phi[4, 12]  0.905705187 0.037943240  8.179390e-01  0.910901524  0.96349648 1.00  7448
mean.phi[5, 12]  0.907788580 0.045733070  7.970555e-01  0.915755752  0.97201350 1.00  5919
mean.phi[6, 12]  0.693527550 0.074691280  5.367551e-01  0.697172295  0.82790976 1.00  8008
mean.phi[1, 13]  0.751453248 0.067418445  6.036544e-01  0.756439155  0.86794732 1.00  6600
mean.phi[2, 13]  0.845542770 0.064630514  6.900142e-01  0.855411822  0.94275407 1.00  6100
mean.phi[3, 13]  0.793611645 0.077442923  6.164414e-01  0.803982398  0.91522345 1.00  5432
mean.phi[4, 13]  0.924459863 0.032570898  8.471661e-01  0.929576184  0.97314900 1.00  6623
mean.phi[5, 13]  0.896182299 0.053694218  7.646756e-01  0.906765502  0.96982213 1.00  6156
mean.phi[6, 13]  0.715647114 0.072831908  5.603720e-01  0.719640911  0.84569935 1.00  7306
mean.phi[1, 14]  0.789907157 0.067234419  6.411845e-01  0.795446990  0.90317007 1.00  7004
mean.phi[2, 14]  0.899945717 0.044281101  7.964827e-01  0.906252911  0.96659915 1.00  5273
mean.phi[3, 14]  0.872819475 0.060801249  7.298516e-01  0.882593078  0.96115766 1.00  6352
mean.phi[4, 14]  0.926486033 0.030862618  8.532173e-01  0.930764043  0.97347033 1.00  7148
mean.phi[5, 14]  0.893111330 0.056481212  7.534732e-01  0.903936718  0.96990085 1.00  6189
mean.phi[6, 14]  0.566800762 0.088740094  3.883945e-01  0.568945074  0.73242727 1.00  6174
mean.phi[1, 15]  0.797046149 0.057877812  6.708644e-01  0.801791613  0.89716286 1.00  7203
mean.phi[2, 15]  0.844066234 0.060357998  7.024587e-01  0.852342462  0.93728702 1.00  8118
mean.phi[3, 15]  0.901307618 0.044952845  7.949850e-01  0.908194993  0.96816497 1.00  6468
mean.phi[4, 15]  0.918724508 0.032100484  8.436591e-01  0.923180555  0.96803348 1.00  7650
mean.phi[5, 15]  0.903738035 0.054111939  7.697056e-01  0.914281184  0.97673130 1.00  5438
mean.phi[6, 15]  0.697634454 0.088217207  5.112167e-01  0.703559698  0.85212517 1.00  7216
mean.phi[1, 16]  0.873324892 0.053227589  7.525642e-01  0.880154640  0.95738918 1.00  2718
mean.phi[2, 16]  0.820183939 0.057683259  6.910981e-01  0.826184743  0.91494130 1.00  7437
mean.phi[3, 16]  0.866654466 0.057295603  7.322922e-01  0.875315077  0.95276377 1.00  7516
mean.phi[4, 16]  0.930587869 0.029932717  8.606669e-01  0.935044686  0.97586194 1.00  6092
mean.phi[5, 16]  0.901317747 0.043473817  7.983309e-01  0.907947154  0.96569007 1.00  6956
mean.phi[6, 16]  0.742131747 0.088129276  5.516488e-01  0.749618353  0.89304755 1.00  6051
mean.phi[1, 17]  0.766813438 0.107188335  5.224022e-01  0.781410330  0.93345264 1.00  2782
mean.phi[2, 17]  0.900759772 0.049594230  7.840264e-01  0.908194451  0.97603017 1.00  5754
mean.phi[3, 17]  0.820204301 0.067093053  6.668965e-01  0.828494259  0.92680554 1.00  6869
mean.phi[4, 17]  0.889945322 0.041728992  7.958148e-01  0.894920265  0.95658922 1.00  6668
mean.phi[5, 17]  0.947371160 0.031786092  8.701454e-01  0.953427986  0.99059218 1.00  4306
mean.phi[6, 17]  0.774809023 0.091003194  5.738454e-01  0.784113951  0.92413930 1.00  3419
mu.R[1]          0.014858726 0.011594583  1.561283e-03  0.011782941  0.04497014 1.00  3148
mu.R[2]          0.138483895 0.067579696  4.036598e-02  0.126949408  0.29974391 1.00  4309
mu.R[3]          0.063559490 0.036697425  1.417002e-02  0.056396133  0.15302180 1.00  3884
mu.R[4]          0.118512250 0.045365834  4.649387e-02  0.112499134  0.22191338 1.00  4344
mu.R[5]          0.151299721 0.061699423  5.114512e-02  0.144423042  0.29082055 1.00  2786
mu.R[6]          0.087861451 0.029595444  3.925663e-02  0.084499091  0.15445531 1.00  4851
mu.p             0.991267215 0.002554220  9.857113e-01  0.991486838  0.99548398 1.00  5455
mu.phi[1]        0.708609512 0.041190212  6.246680e-01  0.710284674  0.78338177 1.00  2080
mu.phi[2]        0.887041945 0.027405264  8.272180e-01  0.889891899  0.93345322 1.01  2544
mu.phi[3]        0.862237107 0.030759789  7.965535e-01  0.864373434  0.91655553 1.00  2700
mu.phi[4]        0.931793819 0.014506985  8.998677e-01  0.932998190  0.95678699 1.00  2182
mu.phi[5]        0.899004609 0.022530167  8.507609e-01  0.900539412  0.93798491 1.00  2278
mu.phi[6]        0.662808188 0.041382565  5.790641e-01  0.663683476  0.74175603 1.00  2417
sigma.R          0.101213672 0.098768025  2.632318e-03  0.069230272  0.35836992 1.07   106
sigma.p          0.099507158 0.091513097  1.079921e-02  0.070878346  0.34976183 1.07   102
sigma.phi        0.600746321 0.120146577  3.786102e-01  0.597986095  0.84351501 1.02   420
veg[1]           0.852245540 1.099960342 -1.511334e+00  0.933788067  2.81901976 1.01   810
veg[2]           1.786000000 0.000000000  1.786000e+00  1.786000000  1.78600000  NaN     0
veg[3]           2.190000000 0.000000000  2.190000e+00  2.190000000  2.19000000  NaN     0
veg[4]           1.651000000 0.000000000  1.651000e+00  1.651000000  1.65100000  NaN     0
veg[5]          -0.549000000 0.000000000 -5.490000e-01 -0.549000000 -0.54900000  NaN     0
veg[6]          -0.447000000 0.000000000 -4.470000e-01 -0.447000000 -0.44700000  NaN     0
veg[7]          -0.953000000 0.000000000 -9.530000e-01 -0.953000000 -0.95300000  NaN     0
veg[8]          -0.518000000 0.000000000 -5.180000e-01 -0.518000000 -0.51800000  NaN     0
veg[9]          -0.537000000 0.000000000 -5.370000e-01 -0.537000000 -0.53700000  NaN     0
veg[10]         -0.664000000 0.000000000 -6.640000e-01 -0.664000000 -0.66400000  NaN     0
veg[11]         -0.509000000 0.000000000 -5.090000e-01 -0.509000000 -0.50900000  NaN     0
veg[12]         -0.377000000 0.000000000 -3.770000e-01 -0.377000000 -0.37700000  NaN     0
veg[13]          0.075000000 0.000000000  7.500000e-02  0.075000000  0.07500000  NaN     0
veg[14]         -0.243000000 0.000000000 -2.430000e-01 -0.243000000 -0.24300000  NaN     0
veg[15]         -0.510000000 0.000000000 -5.100000e-01 -0.510000000 -0.51000000  NaN     0
veg[16]         -0.394000000 0.000000000 -3.940000e-01 -0.394000000 -0.39400000  NaN     0
veg[17]          0.389026401 0.683651006 -9.598411e-01  0.373958292  1.76941251 1.00  2111
