Information and diagnostics 
=========================== 
Total iter:                       10000 
Thin:                             1 
Num chains:                       3 
Max Rhat:                         1.38 
Min n.eff:                        107 


Model summary 
============= 
                     mean          sd        2.5%        50%     97.5% Rhat n.eff
mean.R[1, 1]    0.3816086 0.124019017 0.164335399 0.37334963 0.6408833 1.01  6253
mean.R[2, 1]    0.2571671 0.110864103 0.078878476 0.24640295 0.5039582 1.00  5747
mean.R[3, 1]    0.3264882 0.095094504 0.159366526 0.32057858 0.5296053 1.01  5636
mean.R[4, 1]    0.2902672 0.080036954 0.152383170 0.28414358 0.4625742 1.02  5250
mean.R[5, 1]    0.1402695 0.046915377 0.066571377 0.13533686 0.2417405 1.04  4065
mean.R[1, 2]    0.3727178 0.121234792 0.156617241 0.36651953 0.6234200 1.00  6648
mean.R[2, 2]    0.2500352 0.108404967 0.074503424 0.23955072 0.4900738 1.00  6108
mean.R[3, 2]    0.3178184 0.091889837 0.152710389 0.31326198 0.5117688 1.00  6011
mean.R[4, 2]    0.2819615 0.075828124 0.146351193 0.27821790 0.4419035 1.01  5751
mean.R[5, 2]    0.1350951 0.042203903 0.063954449 0.13147841 0.2285150 1.00  5611
mean.R[1, 3]    0.3741230 0.121770855 0.160721585 0.36667428 0.6265459 1.00  6390
mean.R[2, 3]    0.2511622 0.108585992 0.074821869 0.24129495 0.4925262 1.00  6149
mean.R[3, 3]    0.3191958 0.092003501 0.153191515 0.31516877 0.5095800 1.00  6386
mean.R[4, 3]    0.2831906 0.075615233 0.147922502 0.27955977 0.4425546 1.00  5718
mean.R[5, 3]    0.1358506 0.042410740 0.064208367 0.13183153 0.2301658 1.00  4896
mean.R[1, 4]    0.3724226 0.121204383 0.159958414 0.36547846 0.6242064 1.00  6408
mean.R[2, 4]    0.2497186 0.108020453 0.074657522 0.23907666 0.4891430 1.00  6148
mean.R[3, 4]    0.3175217 0.091452156 0.154509456 0.31321228 0.5086868 1.00  6392
mean.R[4, 4]    0.2818525 0.076041154 0.146003937 0.27832921 0.4430085 1.01  5331
mean.R[5, 4]    0.1350454 0.042489807 0.063629912 0.13115258 0.2303528 1.00  4937
mean.R[1, 5]    0.3844925 0.124261412 0.167878884 0.37614727 0.6448005 1.01  6207
mean.R[2, 5]    0.2594892 0.111356042 0.080151864 0.24875948 0.5061633 1.00  6037
mean.R[3, 5]    0.3288592 0.092804512 0.164283157 0.32363325 0.5249269 1.00  6442
mean.R[4, 5]    0.2925838 0.078180293 0.156204609 0.28783703 0.4616888 1.01  5613
mean.R[5, 5]    0.1416012 0.045989210 0.069095647 0.13630704 0.2435025 1.02  4811
mean.R[1, 6]    0.3652772 0.121176143 0.148242981 0.35960496 0.6158964 1.00  5796
mean.R[2, 6]    0.2442161 0.107203024 0.069501455 0.23391239 0.4811725 1.00  5424
mean.R[3, 6]    0.3109949 0.092877608 0.140834676 0.30690882 0.5048153 1.01  4840
mean.R[4, 6]    0.2752334 0.074703863 0.138031937 0.27288943 0.4299850 1.02  4886
mean.R[5, 6]    0.1312983 0.041430718 0.059175659 0.12830623 0.2234393 1.01  4508
mean.R[1, 7]    0.3766611 0.122475987 0.160398645 0.36924723 0.6300512 1.00  6513
mean.R[2, 7]    0.2530909 0.108894570 0.076227663 0.24328731 0.4968283 1.00  6146
mean.R[3, 7]    0.3213814 0.091529783 0.156781359 0.31732838 0.5130451 1.00  6538
mean.R[4, 7]    0.2854371 0.076076863 0.149734687 0.28170767 0.4446469 1.00  5592
mean.R[5, 7]    0.1371988 0.043276616 0.065666528 0.13295624 0.2342084 1.00  5515
mean.R[1, 8]    0.3833262 0.122810327 0.168758675 0.37570180 0.6380433 1.00  6405
mean.R[2, 8]    0.2585889 0.110952687 0.080219153 0.24737187 0.5064094 1.00  5990
mean.R[3, 8]    0.3278163 0.091929407 0.162540810 0.32353852 0.5221814 1.00  6550
mean.R[4, 8]    0.2913645 0.075882931 0.158368699 0.28649955 0.4552279 1.01  6061
mean.R[5, 8]    0.1407739 0.044211599 0.069351193 0.13593284 0.2396716 1.01  4782
mean.R[1, 9]    0.3825629 0.122657836 0.166620030 0.37443911 0.6357846 1.00  6608
mean.R[2, 9]    0.2579931 0.110804616 0.079352114 0.24679829 0.5029508 1.00  6010
mean.R[3, 9]    0.3271915 0.092401047 0.161040814 0.32182292 0.5225468 1.00  6428
mean.R[4, 9]    0.2906618 0.075629843 0.157416092 0.28606923 0.4533494 1.00  5968
mean.R[5, 9]    0.1404236 0.044374487 0.068760882 0.13539828 0.2406471 1.01  5304
mean.R[1, 10]   0.3825601 0.123483384 0.165826432 0.37515641 0.6396148 1.01  6321
mean.R[2, 10]   0.2579709 0.111115679 0.078861969 0.24626010 0.5025109 1.00  6013
mean.R[3, 10]   0.3271959 0.093806337 0.160836813 0.32210438 0.5253538 1.00  5903
mean.R[4, 10]   0.2905997 0.076187703 0.156894259 0.28628145 0.4545845 1.01  6137
mean.R[5, 10]   0.1406427 0.046442790 0.067929201 0.13507745 0.2430824 1.02  4473
mean.R[1, 11]   0.3762765 0.121835148 0.160874842 0.36867721 0.6262318 1.00  6467
mean.R[2, 11]   0.2528815 0.109015019 0.076519805 0.24250345 0.4950987 1.00  6146
mean.R[3, 11]   0.3212918 0.092937340 0.153156970 0.31680511 0.5173700 1.00  6326
mean.R[4, 11]   0.2853431 0.076972004 0.148280928 0.28154419 0.4484860 1.01  5688
mean.R[5, 11]   0.1371976 0.044099478 0.065302978 0.13252012 0.2345500 1.01  4808
mean.R[1, 12]   0.3687382 0.121770118 0.152190413 0.36228335 0.6212744 1.00  6160
mean.R[2, 12]   0.2471110 0.108591252 0.070505477 0.23679412 0.4881588 1.00  5957
mean.R[3, 12]   0.3141167 0.092295076 0.144485312 0.31111311 0.5068741 1.00  5381
mean.R[4, 12]   0.2784374 0.075677955 0.141533326 0.27586352 0.4326987 1.01  4826
mean.R[5, 12]   0.1331260 0.042132400 0.060421377 0.12999517 0.2255084 1.00  4638
mean.R[1, 13]   0.3935587 0.127307835 0.172314485 0.38337491 0.6612837 1.02  4971
mean.R[2, 13]   0.2672784 0.115970533 0.082541665 0.25508871 0.5248754 1.02  5058
mean.R[3, 13]   0.3380267 0.099092119 0.167640255 0.33005861 0.5541405 1.02  4307
mean.R[4, 13]   0.3013073 0.084452144 0.159999761 0.29391111 0.4900782 1.04  3585
mean.R[5, 13]   0.1473409 0.052237449 0.070721487 0.13980221 0.2691418 1.07  2690
mean.R[1, 14]   0.3767699 0.121838719 0.162676357 0.36909076 0.6303828 1.00  6557
mean.R[2, 14]   0.2532135 0.109168926 0.078181376 0.24313661 0.4945729 1.00  6149
mean.R[3, 14]   0.3217751 0.093013053 0.155841696 0.31717773 0.5195548 1.00  6202
mean.R[4, 14]   0.2856454 0.076520105 0.149900710 0.28094894 0.4487028 1.01  5722
mean.R[5, 14]   0.1372320 0.043045021 0.066138384 0.13276456 0.2324645 1.01  5253
mean.R[1, 15]   0.3777083 0.122739893 0.162028249 0.37024757 0.6301819 1.00  6267
mean.R[2, 15]   0.2538067 0.108568802 0.076611319 0.24364078 0.4920879 1.00  6132
mean.R[3, 15]   0.3224522 0.092165896 0.155911057 0.31793040 0.5152977 1.00  6455
mean.R[4, 15]   0.2864931 0.077154368 0.151066231 0.28244867 0.4529295 1.00  5711
mean.R[5, 15]   0.1378413 0.043745221 0.065488820 0.13337481 0.2362481 1.01  5308
mean.R[1, 16]   0.3755825 0.121942908 0.160255955 0.36809872 0.6274229 1.00  6559
mean.R[2, 16]   0.2521888 0.108681923 0.076185391 0.24072710 0.4922478 1.00  6177
mean.R[3, 16]   0.3206717 0.092788431 0.151950768 0.31604799 0.5129688 1.00  6346
mean.R[4, 16]   0.2846111 0.076228814 0.148875445 0.28024693 0.4441211 1.01  5763
mean.R[5, 16]   0.1367977 0.043627992 0.064144233 0.13262957 0.2336735 1.01  4923
mean.R[1, 17]   0.3786044 0.122804294 0.161767310 0.37157413 0.6308195 1.00  6479
mean.R[2, 17]   0.2548605 0.110787273 0.077667027 0.24376644 0.5001595 1.00  5927
mean.R[3, 17]   0.3234043 0.093358402 0.156980568 0.31875879 0.5214079 1.00  5627
mean.R[4, 17]   0.2873333 0.077958515 0.150050867 0.28274732 0.4552702 1.01  5093
mean.R[5, 17]   0.1384276 0.044926324 0.066083049 0.13366561 0.2392117 1.01  4396
mean.p[1]       0.7030927 0.010624333 0.681978521 0.70327787 0.7234179 1.00  6945
mean.p[2]       0.7030927 0.010624333 0.681978521 0.70327787 0.7234179 1.00  6945
mean.p[3]       0.7030927 0.010624333 0.681978521 0.70327787 0.7234179 1.00  6945
mean.p[4]       0.7030927 0.010624333 0.681978521 0.70327787 0.7234179 1.00  6945
mean.p[5]       0.7030927 0.010624333 0.681978521 0.70327787 0.7234179 1.00  6945
mean.p[6]       0.7030927 0.010624333 0.681978521 0.70327787 0.7234179 1.00  6945
mean.p[7]       0.7030927 0.010624333 0.681978521 0.70327787 0.7234179 1.00  6945
mean.p[8]       0.7030927 0.010624333 0.681978521 0.70327787 0.7234179 1.00  6945
mean.p[9]       0.7030927 0.010624333 0.681978521 0.70327787 0.7234179 1.00  6945
mean.p[10]      0.7030927 0.010624333 0.681978521 0.70327787 0.7234179 1.00  6945
mean.p[11]      0.7030927 0.010624333 0.681978521 0.70327787 0.7234179 1.00  6945
mean.p[12]      0.7030927 0.010624333 0.681978521 0.70327787 0.7234179 1.00  6945
mean.p[13]      0.7030927 0.010624333 0.681978521 0.70327787 0.7234179 1.00  6945
mean.p[14]      0.7030927 0.010624333 0.681978521 0.70327787 0.7234179 1.00  6945
mean.p[15]      0.7030927 0.010624333 0.681978521 0.70327787 0.7234179 1.00  6945
mean.p[16]      0.7030927 0.010624333 0.681978521 0.70327787 0.7234179 1.00  6945
mean.p[17]      0.7030927 0.010624333 0.681978521 0.70327787 0.7234179 1.00  6945
mean.p[18]      0.7030927 0.010624333 0.681978521 0.70327787 0.7234179 1.00  6945
mean.phi[1, 1]  0.9609436 0.041137978 0.848252160 0.97354068 0.9967119 1.00  6532
mean.phi[2, 1]  0.9632006 0.037582706 0.859923475 0.97463816 0.9968512 1.00  6762
mean.phi[3, 1]  0.9682396 0.033384310 0.875147971 0.97859129 0.9972165 1.00  6560
mean.phi[4, 1]  0.9375803 0.052147480 0.797967982 0.95185660 0.9931072 1.00  5915
mean.phi[5, 1]  0.8783671 0.067067974 0.717823037 0.89040505 0.9717146 1.00  7284
mean.phi[1, 2]  0.9656925 0.033062584 0.874998672 0.97606319 0.9968340 1.00  6937
mean.phi[2, 2]  0.9642928 0.035750822 0.864548635 0.97528335 0.9967038 1.00  6681
mean.phi[3, 2]  0.9749885 0.022993686 0.910376766 0.98184882 0.9973942 1.00  7013
mean.phi[4, 2]  0.9422302 0.047321866 0.814013498 0.95549400 0.9931687 1.00  6568
mean.phi[5, 2]  0.6661109 0.103734741 0.448412757 0.67311653 0.8499945 1.00  6826
mean.phi[1, 3]  0.9565606 0.032766739 0.871374039 0.96501345 0.9935036 1.00  7363
mean.phi[2, 3]  0.9657709 0.033669841 0.871704233 0.97641847 0.9968477 1.00  6484
mean.phi[3, 3]  0.9798231 0.017184934 0.934998119 0.98443232 0.9977960 1.00  6569
mean.phi[4, 3]  0.8548063 0.088434183 0.633621037 0.87371910 0.9702695 1.00  5859
mean.phi[5, 3]  0.7495634 0.094230900 0.542112204 0.75865861 0.9050518 1.00  6849
mean.phi[1, 4]  0.9462152 0.043043182 0.830140931 0.95818338 0.9928681 1.01  7023
mean.phi[2, 4]  0.9581213 0.030803364 0.876218421 0.96592829 0.9936225 1.00  8079
mean.phi[3, 4]  0.9387639 0.033609198 0.855995122 0.94526099 0.9844280 1.00  7370
mean.phi[4, 4]  0.9533379 0.035886531 0.859111443 0.96279686 0.9938310 1.00  6159
mean.phi[5, 4]  0.7343305 0.100620714 0.517700299 0.74369784 0.9000564 1.00  6728
mean.phi[1, 5]  0.9623145 0.039641971 0.853952591 0.97467103 0.9967031 1.00  6644
mean.phi[2, 5]  0.9685639 0.029712035 0.887876890 0.97746876 0.9969599 1.00  6950
mean.phi[3, 5]  0.9547074 0.023911759 0.896964079 0.95922400 0.9878115 1.00  7536
mean.phi[4, 5]  0.9569351 0.032712985 0.872437962 0.96563818 0.9944366 1.00  5076
mean.phi[5, 5]  0.8057233 0.082667699 0.621048047 0.81659351 0.9342167 1.00  6719
mean.phi[1, 6]  0.9674798 0.031160298 0.882979118 0.97687310 0.9969025 1.00  6878
mean.phi[2, 6]  0.9614819 0.038990836 0.852968036 0.97337645 0.9966362 1.00  6498
mean.phi[3, 6]  0.9861174 0.010527270 0.958228470 0.98884065 0.9980918 1.00  6632
mean.phi[4, 6]  0.7308085 0.090510129 0.531737097 0.73977755 0.8805527 1.00  5992
mean.phi[5, 6]  0.4438254 0.110995415 0.233145308 0.44187843 0.6623224 1.00  4745
mean.phi[1, 7]  0.9565271 0.048271939 0.823015690 0.97190200 0.9967105 1.00  6340
mean.phi[2, 7]  0.9389078 0.050021542 0.805717283 0.95313852 0.9927071 1.00  7131
mean.phi[3, 7]  0.9694035 0.017954539 0.924366041 0.97311986 0.9929027 1.00  8121
mean.phi[4, 7]  0.9616649 0.028380106 0.888707824 0.96893346 0.9944182 1.00  6068
mean.phi[5, 7]  0.8197381 0.102147183 0.572744868 0.83923668 0.9618313 1.00  6639
mean.phi[1, 8]  0.9656282 0.033415002 0.872776295 0.97617366 0.9968755 1.01  6863
mean.phi[2, 8]  0.9557114 0.049670848 0.821619505 0.97175867 0.9965280 1.00  5728
mean.phi[3, 8]  0.9412485 0.027988661 0.873671513 0.94578760 0.9817142 1.00  7612
mean.phi[4, 8]  0.8299458 0.057793295 0.702761878 0.83620454 0.9251409 1.00  7797
mean.phi[5, 8]  0.5526323 0.130547201 0.289481121 0.55759115 0.7910885 1.00  5877
mean.phi[1, 9]  0.9594244 0.042348126 0.839790271 0.97277211 0.9967654 1.00  6739
mean.phi[2, 9]  0.9648963 0.033599718 0.871308909 0.97519825 0.9968613 1.00  7390
mean.phi[3, 9]  0.9301975 0.039740491 0.832347323 0.93846924 0.9834074 1.00  7072
mean.phi[4, 9]  0.8739695 0.043764950 0.775761495 0.87883448 0.9454899 1.00  7677
mean.phi[5, 9]  0.5723377 0.118150843 0.334852983 0.57500352 0.7896382 1.00  5837
mean.phi[1, 10] 0.9781432 0.017545145 0.931401591 0.98293407 0.9973332 1.00  7439
mean.phi[2, 10] 0.9580140 0.044649222 0.834471418 0.97211483 0.9964831 1.00  6699
mean.phi[3, 10] 0.9624447 0.027879087 0.889522614 0.96964215 0.9941849 1.00  7123
mean.phi[4, 10] 0.9036081 0.038118654 0.816440563 0.90841414 0.9629717 1.00  7750
mean.phi[5, 10] 0.9186495 0.052027540 0.786509763 0.92992769 0.9856679 1.00  6357
mean.phi[1, 11] 0.9092505 0.063513074 0.745498580 0.92502441 0.9849388 1.01  5482
mean.phi[2, 11] 0.9652228 0.024221946 0.902873315 0.97141313 0.9942921 1.00  8120
mean.phi[3, 11] 0.9775705 0.019845965 0.925372974 0.98332837 0.9975569 1.00  6979
mean.phi[4, 11] 0.9698635 0.021018058 0.915181541 0.97457802 0.9952776 1.01  5756
mean.phi[5, 11] 0.9167236 0.045264805 0.805828540 0.92542764 0.9794050 1.00  6740
mean.phi[1, 12] 0.9731106 0.023777429 0.909868714 0.97998119 0.9971751 1.01  7148
mean.phi[2, 12] 0.9670652 0.031253795 0.878401617 0.97643050 0.9968276 1.00  6907
mean.phi[3, 12] 0.9730802 0.018530164 0.924594682 0.97761070 0.9952581 1.00  6909
mean.phi[4, 12] 0.9408762 0.037402981 0.848273239 0.94884060 0.9891240 1.00  6740
mean.phi[5, 12] 0.8595114 0.047053265 0.754824397 0.86459700 0.9371847 1.00  7238
mean.phi[1, 13] 0.9546880 0.034958278 0.863949746 0.96409476 0.9935570 1.00  7279
mean.phi[2, 13] 0.9725431 0.024006251 0.906801587 0.97963160 0.9971491 1.00  6938
mean.phi[3, 13] 0.9840436 0.012608167 0.951083852 0.98730457 0.9979771 1.00  6431
mean.phi[4, 13] 0.9513669 0.038109624 0.851692737 0.96173033 0.9941232 1.00  5538
mean.phi[5, 13] 0.9174268 0.034851980 0.836363144 0.92204882 0.9713062 1.00  7108
mean.phi[1, 14] 0.9507144 0.038292692 0.849461021 0.96125666 0.9930951 1.00  7445
mean.phi[2, 14] 0.9524142 0.036755936 0.852622439 0.96199182 0.9929920 1.00  7531
mean.phi[3, 14] 0.9850633 0.011353494 0.954942847 0.98801596 0.9979064 1.00  6396
mean.phi[4, 14] 0.9301233 0.045404804 0.813961035 0.94097636 0.9871276 1.00  7234
mean.phi[5, 14] 0.8215989 0.049306513 0.712304717 0.82579553 0.9059929 1.00  7746
mean.phi[1, 15] 0.9739711 0.022756474 0.912908930 0.98051952 0.9971918 1.00  6646
mean.phi[2, 15] 0.9562737 0.032577571 0.870313297 0.96488249 0.9934814 1.00  7697
mean.phi[3, 15] 0.9797699 0.013308015 0.945992349 0.98284739 0.9962976 1.00  7167
mean.phi[4, 15] 0.9481452 0.041842913 0.838566625 0.95944643 0.9941357 1.00  5844
mean.phi[5, 15] 0.9306543 0.032449558 0.852678390 0.93576684 0.9793326 1.00  6498
mean.phi[1, 16] 0.9775451 0.018836081 0.928053980 0.98282538 0.9974426 1.00  6882
mean.phi[2, 16] 0.9565036 0.032393326 0.871773989 0.96507400 0.9940250 1.00  7386
mean.phi[3, 16] 0.9853021 0.011359675 0.956020096 0.98832780 0.9980060 1.01  6452
mean.phi[4, 16] 0.9404456 0.031484959 0.865322075 0.94599920 0.9846988 1.00  7369
mean.phi[5, 16] 0.9577663 0.024996511 0.895904084 0.96286859 0.9911925 1.00  4696
mean.phi[1, 17] 0.9750923 0.021216725 0.918596638 0.98133084 0.9971558 1.00  6473
mean.phi[2, 17] 0.9771875 0.018854782 0.927738744 0.98252663 0.9974123 1.01  6557
mean.phi[3, 17] 0.9859623 0.010698575 0.957852719 0.98870502 0.9980780 1.00  6428
mean.phi[4, 17] 0.9688318 0.022302566 0.911131454 0.97433123 0.9953235 1.00  5128
mean.phi[5, 17] 0.9574296 0.025121645 0.895851881 0.96255996 0.9913405 1.00  4281
mean.rO[1]      0.9582381 0.020660676 0.909652472 0.96183619 0.9881251 1.00  5091
mean.rO[2]      0.9582381 0.020660676 0.909652472 0.96183619 0.9881251 1.00  5091
mean.rO[3]      0.9582381 0.020660676 0.909652472 0.96183619 0.9881251 1.00  5091
mean.rO[4]      0.9582381 0.020660676 0.909652472 0.96183619 0.9881251 1.00  5091
mean.rO[5]      0.9582381 0.020660676 0.909652472 0.96183619 0.9881251 1.00  5091
mean.rO[6]      0.9582381 0.020660676 0.909652472 0.96183619 0.9881251 1.00  5091
mean.rO[7]      0.9582381 0.020660676 0.909652472 0.96183619 0.9881251 1.00  5091
mean.rO[8]      0.9582381 0.020660676 0.909652472 0.96183619 0.9881251 1.00  5091
mean.rO[9]      0.9582381 0.020660676 0.909652472 0.96183619 0.9881251 1.00  5091
mean.rO[10]     0.9582381 0.020660676 0.909652472 0.96183619 0.9881251 1.00  5091
mean.rO[11]     0.9582381 0.020660676 0.909652472 0.96183619 0.9881251 1.00  5091
mean.rO[12]     0.9582381 0.020660676 0.909652472 0.96183619 0.9881251 1.00  5091
mean.rO[13]     0.9582381 0.020660676 0.909652472 0.96183619 0.9881251 1.00  5091
mean.rO[14]     0.9582381 0.020660676 0.909652472 0.96183619 0.9881251 1.00  5091
mean.rO[15]     0.9582381 0.020660676 0.909652472 0.96183619 0.9881251 1.00  5091
mean.rO[16]     0.9582381 0.020660676 0.909652472 0.96183619 0.9881251 1.00  5091
mean.rO[17]     0.9582381 0.020660676 0.909652472 0.96183619 0.9881251 1.00  5091
mean.rO[18]     0.9582381 0.020660676 0.909652472 0.96183619 0.9881251 1.00  5091
mean.rR[1]      0.8922980 0.050406063 0.775423236 0.89942694 0.9688337 1.00  5518
mean.rR[2]      0.8922980 0.050406063 0.775423236 0.89942694 0.9688337 1.00  5518
mean.rR[3]      0.8922980 0.050406063 0.775423236 0.89942694 0.9688337 1.00  5518
mean.rR[4]      0.8922980 0.050406063 0.775423236 0.89942694 0.9688337 1.00  5518
mean.rR[5]      0.8922980 0.050406063 0.775423236 0.89942694 0.9688337 1.00  5518
mean.rR[6]      0.8922980 0.050406063 0.775423236 0.89942694 0.9688337 1.00  5518
mean.rR[7]      0.8922980 0.050406063 0.775423236 0.89942694 0.9688337 1.00  5518
mean.rR[8]      0.8922980 0.050406063 0.775423236 0.89942694 0.9688337 1.00  5518
mean.rR[9]      0.8922980 0.050406063 0.775423236 0.89942694 0.9688337 1.00  5518
mean.rR[10]     0.8922980 0.050406063 0.775423236 0.89942694 0.9688337 1.00  5518
mean.rR[11]     0.8922980 0.050406063 0.775423236 0.89942694 0.9688337 1.00  5518
mean.rR[12]     0.8922980 0.050406063 0.775423236 0.89942694 0.9688337 1.00  5518
mean.rR[13]     0.8922980 0.050406063 0.775423236 0.89942694 0.9688337 1.00  5518
mean.rR[14]     0.8922980 0.050406063 0.775423236 0.89942694 0.9688337 1.00  5518
mean.rR[15]     0.8922980 0.050406063 0.775423236 0.89942694 0.9688337 1.00  5518
mean.rR[16]     0.8922980 0.050406063 0.775423236 0.89942694 0.9688337 1.00  5518
mean.rR[17]     0.8922980 0.050406063 0.775423236 0.89942694 0.9688337 1.00  5518
mean.rR[18]     0.8922980 0.050406063 0.775423236 0.89942694 0.9688337 1.00  5518
mu.R[1]         0.3759523 0.118081344 0.167360780 0.37026876 0.6205448 1.00  6856
mu.R[2]         0.2521507 0.105943470 0.079805160 0.24320863 0.4860252 1.00  6291
mu.R[3]         0.3206520 0.087467623 0.163405041 0.31628756 0.5027267 1.00  6719
mu.R[4]         0.2844987 0.070733858 0.157712566 0.28132267 0.4313664 1.00  6438
mu.R[5]         0.1363308 0.039586778 0.069464969 0.13297787 0.2234485 1.00  5970
mu.p            0.7030927 0.010624333 0.681978521 0.70327787 0.7234179 1.00  6945
mu.phi[1]       0.9687036 0.013783159 0.936092094 0.97098524 0.9886858 1.01  3093
mu.phi[2]       0.9681761 0.014036886 0.935126786 0.97061585 0.9886644 1.00  3217
mu.phi[3]       0.9757684 0.008448488 0.955861434 0.97703425 0.9885669 1.00  1953
mu.phi[4]       0.9367476 0.019191506 0.893800680 0.93875344 0.9681778 1.00  1351
mu.phi[5]       0.8280070 0.037214544 0.746279092 0.83139187 0.8916273 1.01  1250
mu.rO           0.9582381 0.020660676 0.909652472 0.96183619 0.9881251 1.00  5091
mu.rR           0.8922980 0.050406063 0.775423236 0.89942694 0.9688337 1.00  5518
sigma.R         0.1110946 0.116802328 0.005099631 0.07339674 0.4590492 1.38   107
sigma.phi       0.9606087 0.144269266 0.699075895 0.95297978 1.2664529 1.02   868
