Information and diagnostics 
=========================== 
Total iter:                       5000 
Thin:                             1 
Num chains:                       3 
Max Rhat:                         1.36 
Min n.eff:                        25 


Model summary 
============= 
                      mean          sd        2.5%        50%      97.5% Rhat n.eff
mean.M[1, 1]    0.09771118 0.026815583 0.050200902 0.09570217 0.15594525 1.02  2723
mean.M[2, 1]    0.12103075 0.030673007 0.067991953 0.11840140 0.18802706 1.01  2488
mean.M[3, 1]    0.03719369 0.010854762 0.018997961 0.03595599 0.06131479 1.01  2391
mean.M[4, 1]    0.01991911 0.008573421 0.006947937 0.01870904 0.03958076 1.00  2724
mean.M[5, 1]    0.04563114 0.014607633 0.022369304 0.04399924 0.07908913 1.01  2130
mean.M[1, 2]    0.09635459 0.025718172 0.049468077 0.09480933 0.15132571 1.01  2738
mean.M[2, 2]    0.13837058 0.041888073 0.080887504 0.12986751 0.24811106 1.08  1287
mean.M[3, 2]    0.03804253 0.011117858 0.020292679 0.03666672 0.06315625 1.02  2334
mean.M[4, 2]    0.01981126 0.008445224 0.007145381 0.01861678 0.03938026 1.01  2736
mean.M[5, 2]    0.04591534 0.014649192 0.021935247 0.04428511 0.07916436 1.01  2525
mean.M[1, 3]    0.09359517 0.025074668 0.048392156 0.09252898 0.14553278 1.01  2153
mean.M[2, 3]    0.12755610 0.032565346 0.074853108 0.12364412 0.20197842 1.01  2417
mean.M[3, 3]    0.03588525 0.010026017 0.018045321 0.03504827 0.05803882 1.01  2249
mean.M[4, 3]    0.01984300 0.008461305 0.007001274 0.01858996 0.03967506 1.00  2640
mean.M[5, 3]    0.04730115 0.014800472 0.023808679 0.04550448 0.08124907 1.00  2612
mean.M[1, 4]    0.09584165 0.025860854 0.049417944 0.09412073 0.15202310 1.02  2256
mean.M[2, 4]    0.11778972 0.028616561 0.065215786 0.11619772 0.17860065 1.01  2625
mean.M[3, 4]    0.03625408 0.010013430 0.018702224 0.03546858 0.05848059 1.01  2467
mean.M[4, 4]    0.01957605 0.008343316 0.006912032 0.01843137 0.03890169 1.01  2793
mean.M[5, 4]    0.04552999 0.013875725 0.022223757 0.04428035 0.07682256 1.00  2636
mean.M[1, 5]    0.09753569 0.026378146 0.051227031 0.09535652 0.15329807 1.01  2686
mean.M[2, 5]    0.12632986 0.032257426 0.073772269 0.12275605 0.20210243 1.02  2512
mean.M[3, 5]    0.03643792 0.009887291 0.019269248 0.03553085 0.05850337 1.00  2255
mean.M[4, 5]    0.01971281 0.008256596 0.007047635 0.01864171 0.03895738 1.01  2866
mean.M[5, 5]    0.04535952 0.013830103 0.022488058 0.04402076 0.07678816 1.01  2671
mean.M[1, 6]    0.09958785 0.026651574 0.053266378 0.09749319 0.15784919 1.01  2765
mean.M[2, 6]    0.12146824 0.030405332 0.067369293 0.11905706 0.18887921 1.01  2499
mean.M[3, 6]    0.03553898 0.009400670 0.018537809 0.03494931 0.05598799 1.01  2350
mean.M[4, 6]    0.02048803 0.008701860 0.007563698 0.01915442 0.04145064 1.00  2834
mean.M[5, 6]    0.04583882 0.014282991 0.022534164 0.04424075 0.07855917 1.01  2579
mean.M[1, 7]    0.09858584 0.027405506 0.050408734 0.09624308 0.15777777 1.02  2645
mean.M[2, 7]    0.11937894 0.029554659 0.066608383 0.11725052 0.18444323 1.01  2710
mean.M[3, 7]    0.03685961 0.009823951 0.019669422 0.03590467 0.05905721 1.01  2700
mean.M[4, 7]    0.01975653 0.008367884 0.006992490 0.01864746 0.03880625 1.00  2742
mean.M[5, 7]    0.04585099 0.014356783 0.022582762 0.04437536 0.07817276 1.00  2567
mean.M[1, 8]    0.10404875 0.028971164 0.058366858 0.10057140 0.17160262 1.02  2354
mean.M[2, 8]    0.12272669 0.031427999 0.068771962 0.11949109 0.19356546 1.01  2669
mean.M[3, 8]    0.03629919 0.009833525 0.019451769 0.03546216 0.05811108 1.01  2608
mean.M[4, 8]    0.02090908 0.008904812 0.007608768 0.01962516 0.04153575 1.01  2887
mean.M[5, 8]    0.04630120 0.014334880 0.023032248 0.04479624 0.07892874 1.01  2628
mean.M[1, 9]    0.09854741 0.027455760 0.051907530 0.09610897 0.15910071 1.01  2632
mean.M[2, 9]    0.12366109 0.030813354 0.070526714 0.12075502 0.19304453 1.01  2918
mean.M[3, 9]    0.04079995 0.012759319 0.022051779 0.03869758 0.07261313 1.03  1550
mean.M[4, 9]    0.02012607 0.008436270 0.007585501 0.01900403 0.03975722 1.00  2931
mean.M[5, 9]    0.04783741 0.015156078 0.024272734 0.04593168 0.08312499 1.01  2523
mean.M[1, 10]   0.09634166 0.023999086 0.053885781 0.09481329 0.14722832 1.01  2706
mean.M[2, 10]   0.12155951 0.031821127 0.067139493 0.11887911 0.19303851 1.02  2544
mean.M[3, 10]   0.03644011 0.010244363 0.018915974 0.03549121 0.05885756 1.01  2538
mean.M[4, 10]   0.01937219 0.008048778 0.007025070 0.01833652 0.03780124 1.00  2923
mean.M[5, 10]   0.04660682 0.014280056 0.023557760 0.04506643 0.07866880 1.01  2852
mean.M[1, 11]   0.09629482 0.025916296 0.049760577 0.09444416 0.15089165 1.01  2540
mean.M[2, 11]   0.11692824 0.027052391 0.067109496 0.11552989 0.17335922 1.01  2910
mean.M[3, 11]   0.03662995 0.010355691 0.018603866 0.03573343 0.05961607 1.01  2598
mean.M[4, 11]   0.02014590 0.008452945 0.007352193 0.01887696 0.03942945 1.00  2921
mean.M[5, 11]   0.04401580 0.013183008 0.020880254 0.04307584 0.07273755 1.01  2654
mean.M[1, 12]   0.10009042 0.026127767 0.055274961 0.09767265 0.15821010 1.01  2982
mean.M[2, 12]   0.13317732 0.037090849 0.079235652 0.12679522 0.22472464 1.03  1911
mean.M[3, 12]   0.03646926 0.009808301 0.019285260 0.03564205 0.05792626 1.01  2629
mean.M[4, 12]   0.01959646 0.008335747 0.006842806 0.01850674 0.03939388 1.00  2770
mean.M[5, 12]   0.04654518 0.013299144 0.024344111 0.04512096 0.07611064 1.00  2684
mean.M[1, 13]   0.10748624 0.029784841 0.062064904 0.10344912 0.18039314 1.03  2530
mean.M[2, 13]   0.13101585 0.033201902 0.078336780 0.12635774 0.21000489 1.03  2329
mean.M[3, 13]   0.03761776 0.010326608 0.020569391 0.03646168 0.06121967 1.01  2578
mean.M[4, 13]   0.02073962 0.009105646 0.007459363 0.01934144 0.04148111 1.00  2762
mean.M[5, 13]   0.04895463 0.014482253 0.026180268 0.04703545 0.08378102 1.01  2860
mean.M[1, 14]   0.09501901 0.025591541 0.047884889 0.09300234 0.14947045 1.01  2507
mean.M[2, 14]   0.11614102 0.028631106 0.063363995 0.11465226 0.17748319 1.01  2458
mean.M[3, 14]   0.03697161 0.009818755 0.020088773 0.03609804 0.05898561 1.01  2516
mean.M[4, 14]   0.01972859 0.008372321 0.007013260 0.01854703 0.03882883 1.00  2722
mean.M[5, 14]   0.04463970 0.012878574 0.022556290 0.04374940 0.07347714 1.01  2778
mean.M[1, 15]   0.10261667 0.027503628 0.057062997 0.09935878 0.16624516 1.02  2673
mean.M[2, 15]   0.11514646 0.028634253 0.061337000 0.11425922 0.17493784 1.02  2409
mean.M[3, 15]   0.03694699 0.009851275 0.019721785 0.03607721 0.05896347 1.00  2522
mean.M[4, 15]   0.01981676 0.008459416 0.007132761 0.01863461 0.03952860 1.00  2749
mean.M[5, 15]   0.04599139 0.013455524 0.023519599 0.04483507 0.07670737 1.00  2888
mean.M[1, 16]   0.10553447 0.027817376 0.061328496 0.10205829 0.17088420 1.02  2351
mean.M[2, 16]   0.11892795 0.028630685 0.065743243 0.11733312 0.18034088 1.01  2837
mean.M[3, 16]   0.03755891 0.010249449 0.020434012 0.03641519 0.06074433 1.02  2690
mean.M[4, 16]   0.01939387 0.007944411 0.006791486 0.01834439 0.03759856 1.01  2798
mean.M[5, 16]   0.04741615 0.013792208 0.025200624 0.04558898 0.08002163 1.00  2767
mean.M[1, 17]   0.09765473 0.025326497 0.052763175 0.09542525 0.15533675 1.01  2975
mean.M[2, 17]   0.12729808 0.029871947 0.077567998 0.12403619 0.19575713 1.01  2845
mean.M[3, 17]   0.04096409 0.011918998 0.022668837 0.03909607 0.07087207 1.05  2083
mean.M[4, 17]   0.01924999 0.008111420 0.006815071 0.01815403 0.03784000 1.00  2891
mean.M[5, 17]   0.04536818 0.013245920 0.022947570 0.04425348 0.07477511 1.01  2476
mean.Pi[1]      0.99602284 0.002143386 0.991000733 0.99636989 0.99918949 1.00  1807
mean.Pi[2]      0.99603218 0.002125031 0.990951412 0.99637387 0.99917443 1.00  1779
mean.Pi[3]      0.99604221 0.002118264 0.990999897 0.99637175 0.99918786 1.00  1831
mean.Pi[4]      0.99605059 0.002116941 0.991117758 0.99641144 0.99917354 1.00  1784
mean.Pi[5]      0.99599726 0.002175345 0.990828972 0.99634875 0.99917051 1.00  1769
mean.Pi[6]      0.99603714 0.002122866 0.991012414 0.99636586 0.99918045 1.00  1823
mean.Pi[7]      0.99602576 0.002134717 0.990998569 0.99636752 0.99919551 1.00  1810
mean.Pi[8]      0.99606670 0.002103863 0.991114712 0.99641121 0.99919678 1.00  1748
mean.Pi[9]      0.99601791 0.002155697 0.990982460 0.99639214 0.99919176 1.01  1761
mean.Pi[10]     0.99603251 0.002130734 0.991050073 0.99638920 0.99919186 1.00  1742
mean.Pi[11]     0.99605045 0.002099962 0.991217017 0.99637350 0.99918842 1.00  1822
mean.Pi[12]     0.99605453 0.002128617 0.991042617 0.99639393 0.99919594 1.00  1726
mean.Pi[13]     0.99605849 0.002110116 0.990983275 0.99639453 0.99919367 1.00  1758
mean.Pi[14]     0.99604423 0.002118511 0.991070724 0.99638473 0.99918071 1.00  1779
mean.Pi[15]     0.99602722 0.002121012 0.991063527 0.99637005 0.99918829 1.00  1819
mean.Pi[16]     0.99602585 0.002126282 0.991037460 0.99637564 0.99918984 1.00  1746
mean.Pi[17]     0.99601181 0.002125753 0.990908114 0.99634139 0.99921561 1.00  1822
mean.Pi[18]     0.99597363 0.002211798 0.990647826 0.99634714 0.99919794 1.01  1705
mean.Po[1]      0.03643849 0.011544584 0.019125112 0.03487581 0.06284647 1.00  2969
mean.Po[2]      0.03662875 0.012004064 0.019242169 0.03511691 0.06339005 1.01  1414
mean.Po[3]      0.03738568 0.011937026 0.020203620 0.03561856 0.06463300 1.00  1092
mean.Po[4]      0.03722471 0.011873305 0.019967694 0.03546556 0.06560350 1.01  1625
mean.Po[5]      0.03721639 0.012279597 0.020129133 0.03527238 0.06717352 1.01  1446
mean.Po[6]      0.03703201 0.011273349 0.019525369 0.03541006 0.06390376 1.00  1776
mean.Po[7]      0.03552273 0.010930694 0.018578763 0.03440452 0.05915314 1.00  1614
mean.Po[8]      0.03667075 0.010946288 0.019792784 0.03512944 0.06298756 1.01  1683
mean.Po[9]      0.03660113 0.010752595 0.019915692 0.03527225 0.06115523 1.00  2004
mean.Po[10]     0.03850022 0.013114083 0.021083071 0.03622656 0.07067828 1.00  1320
mean.Po[11]     0.03711147 0.011183292 0.020359332 0.03549474 0.06415629 1.00  1158
mean.Po[12]     0.03834431 0.012271642 0.021108189 0.03632962 0.06990643 1.01   829
mean.Po[13]     0.03504537 0.009965567 0.018457471 0.03406918 0.05628152 1.00  2518
mean.Po[14]     0.03391741 0.009120448 0.017294656 0.03333178 0.05317686 1.00  2106
mean.Po[15]     0.03418752 0.009109562 0.017455419 0.03354143 0.05349871 1.00  2622
mean.Po[16]     0.03388559 0.009170101 0.017159366 0.03334484 0.05325212 1.00  2156
mean.Po[17]     0.03452203 0.009182607 0.018324131 0.03372798 0.05382965 1.00  2677
mean.Po[18]     0.03416076 0.009185228 0.017623808 0.03343884 0.05403227 1.00  2482
mean.R[1, 1]    0.37425043 0.118745739 0.158395250 0.37079079 0.62040164 1.00  3488
mean.R[2, 1]    0.25028242 0.108341103 0.076164055 0.23770107 0.48897802 1.00  3279
mean.R[3, 1]    0.32341411 0.091604577 0.159681436 0.31757658 0.51747028 1.01  3488
mean.R[4, 1]    0.28241983 0.073057644 0.151773918 0.27816350 0.43913285 1.00  3364
mean.R[5, 1]    0.13756356 0.043328012 0.066107728 0.13270547 0.23535594 1.00  3045
mean.R[1, 2]    0.37275162 0.119066839 0.157029338 0.36617227 0.62469450 1.00  3560
mean.R[2, 2]    0.24919216 0.106987783 0.074123677 0.23811403 0.48284396 1.00  3318
mean.R[3, 2]    0.32258345 0.091374088 0.161558874 0.31764529 0.51513159 1.01  3483
mean.R[4, 2]    0.28415927 0.074607965 0.151016083 0.28027967 0.43914441 1.00  3228
mean.R[5, 2]    0.13395330 0.042004739 0.063699255 0.13000137 0.22801858 1.00  3144
mean.R[1, 3]    0.37606630 0.119017520 0.159106128 0.37081947 0.62631850 1.00  3475
mean.R[2, 3]    0.25016002 0.108003410 0.073711562 0.23774180 0.48898094 1.00  3290
mean.R[3, 3]    0.32355294 0.091609880 0.160900073 0.31797765 0.51791085 1.01  3464
mean.R[4, 3]    0.28153747 0.073217871 0.149603346 0.27750206 0.43614260 1.00  3327
mean.R[5, 3]    0.13441438 0.042516474 0.063753760 0.13020061 0.23094358 1.00  2904
mean.R[1, 4]    0.37677778 0.118909653 0.159989172 0.37011720 0.62568218 1.00  3515
mean.R[2, 4]    0.24865688 0.107171094 0.074749023 0.23673693 0.48535784 1.00  3293
mean.R[3, 4]    0.31908350 0.089811409 0.158507747 0.31420804 0.50365661 1.01  3539
mean.R[4, 4]    0.28417029 0.073374225 0.153295572 0.27990984 0.43820942 1.00  3346
mean.R[5, 4]    0.13469704 0.042095382 0.064379518 0.13044823 0.23100252 1.00  3092
mean.R[1, 5]    0.37371024 0.119957155 0.156314547 0.36750106 0.62596883 1.00  3378
mean.R[2, 5]    0.25013200 0.108434009 0.075947494 0.23802551 0.48832311 1.00  3195
mean.R[3, 5]    0.33141628 0.092111835 0.166552975 0.32666851 0.52647709 1.01  3353
mean.R[4, 5]    0.28312748 0.073865866 0.151278455 0.27975049 0.43981262 1.00  3245
mean.R[5, 5]    0.13463213 0.042828951 0.063287067 0.13025859 0.23361050 1.00  2925
mean.R[1, 6]    0.37320942 0.119500481 0.156849103 0.36767002 0.62037175 1.00  3427
mean.R[2, 6]    0.25019771 0.107610892 0.073287260 0.23931420 0.48888226 1.00  3447
mean.R[3, 6]    0.32384732 0.091567550 0.161231560 0.31915012 0.51596370 1.01  3442
mean.R[4, 6]    0.27676762 0.072305246 0.143341813 0.27381699 0.42734476 1.01  3061
mean.R[5, 6]    0.13481667 0.042449922 0.063773724 0.13067292 0.23034161 1.00  3026
mean.R[1, 7]    0.37273154 0.118881493 0.157690361 0.36743767 0.62277768 1.00  3439
mean.R[2, 7]    0.24985215 0.108087492 0.075361257 0.23780273 0.48727571 1.00  3282
mean.R[3, 7]    0.31991913 0.091063289 0.155968769 0.31517096 0.51082150 1.00  3421
mean.R[4, 7]    0.28263193 0.074201258 0.148107375 0.27830373 0.43808018 1.00  3293
mean.R[5, 7]    0.13846667 0.045010319 0.066368234 0.13323505 0.24183471 1.01  2716
mean.R[1, 8]    0.37342441 0.119276521 0.156548046 0.36619525 0.62492440 1.00  3452
mean.R[2, 8]    0.25077073 0.108414357 0.075235650 0.23945382 0.49032149 1.00  3259
mean.R[3, 8]    0.32640247 0.090335080 0.165317157 0.32163902 0.51468834 1.01  3603
mean.R[4, 8]    0.28670059 0.072981139 0.157152149 0.28152911 0.44222895 1.01  3515
mean.R[5, 8]    0.13580718 0.042780257 0.064487629 0.13144287 0.23339580 1.00  3060
mean.R[1, 9]    0.37345920 0.118563671 0.157225689 0.36781280 0.62709090 1.00  3449
mean.R[2, 9]    0.25024714 0.108013249 0.075780621 0.23875403 0.48991685 1.00  3240
mean.R[3, 9]    0.32729032 0.090595215 0.166834747 0.32226231 0.51618833 1.01  3546
mean.R[4, 9]    0.28639760 0.072401777 0.156607139 0.28247421 0.43829714 1.00  3673
mean.R[5, 9]    0.13369681 0.041616977 0.063500715 0.13018714 0.22915547 1.00  2951
mean.R[1, 10]   0.37332381 0.118840691 0.158464057 0.36826150 0.62260825 1.00  3560
mean.R[2, 10]   0.25087187 0.108161777 0.076180555 0.23795585 0.48919994 1.00  3253
mean.R[3, 10]   0.32131469 0.090726074 0.159977254 0.31650677 0.50859406 1.01  3497
mean.R[4, 10]   0.28890329 0.073882165 0.158886428 0.28412678 0.44565942 1.01  3287
mean.R[5, 10]   0.13617929 0.043143706 0.064409135 0.13184628 0.23314078 1.00  2967
mean.R[1, 11]   0.37486801 0.118612238 0.158457047 0.36958198 0.62368270 1.00  3546
mean.R[2, 11]   0.24884843 0.107129797 0.074328315 0.23848157 0.48702575 1.00  3321
mean.R[3, 11]   0.32336670 0.091766885 0.161024064 0.31837127 0.51474791 1.01  3348
mean.R[4, 11]   0.28284716 0.074557200 0.150641473 0.27899357 0.44218833 1.00  2896
mean.R[5, 11]   0.13511880 0.042599143 0.063829543 0.13081619 0.23151175 1.00  3044
mean.R[1, 12]   0.37375534 0.119357804 0.157314031 0.36848294 0.62805492 1.00  3438
mean.R[2, 12]   0.25061883 0.108086742 0.076275079 0.23901706 0.49009082 1.00  3275
mean.R[3, 12]   0.32235865 0.091041092 0.160170334 0.31847679 0.51338973 1.01  3449
mean.R[4, 12]   0.28314652 0.073232010 0.153266308 0.27872380 0.43735242 1.00  3337
mean.R[5, 12]   0.13349918 0.041401816 0.063627195 0.12987527 0.22723670 1.00  3123
mean.R[1, 13]   0.37515758 0.119023465 0.161539783 0.37026700 0.62766011 1.00  3456
mean.R[2, 13]   0.25082118 0.107574463 0.074591407 0.23953911 0.48575259 1.00  3276
mean.R[3, 13]   0.32356057 0.091478098 0.162847263 0.31942414 0.51568448 1.01  3515
mean.R[4, 13]   0.28342924 0.074156728 0.149245596 0.27861321 0.44071236 1.01  3279
mean.R[5, 13]   0.14106365 0.045516499 0.067327206 0.13558796 0.24605190 1.02  2410
mean.R[1, 14]   0.37163706 0.118585341 0.155279243 0.36599134 0.62012592 1.00  3470
mean.R[2, 14]   0.24900448 0.107504946 0.074772375 0.23675728 0.48490530 1.00  3279
mean.R[3, 14]   0.32443867 0.092075473 0.161147933 0.31924647 0.51890611 1.01  3467
mean.R[4, 14]   0.28613036 0.074172882 0.155289774 0.28196271 0.44360568 1.00  3434
mean.R[5, 14]   0.13451162 0.041304694 0.064470653 0.13107172 0.22700893 1.00  3115
mean.R[1, 15]   0.37316051 0.119533798 0.155609819 0.36664256 0.62780081 1.01  3445
mean.R[2, 15]   0.25254550 0.108716448 0.076647522 0.24077253 0.49417898 1.00  3232
mean.R[3, 15]   0.32182079 0.090921597 0.160497031 0.31710551 0.51011203 1.01  3414
mean.R[4, 15]   0.28342691 0.073805179 0.152513729 0.27934753 0.43973439 1.00  3421
mean.R[5, 15]   0.13551663 0.042597285 0.064294596 0.13096390 0.23159565 1.00  3037
mean.R[1, 16]   0.37306571 0.119588547 0.157883489 0.36648531 0.62304551 1.00  3443
mean.R[2, 16]   0.25176074 0.108566306 0.076016846 0.23962186 0.49351495 1.00  3310
mean.R[3, 16]   0.32437633 0.092058731 0.160673341 0.31848584 0.51906796 1.01  3376
mean.R[4, 16]   0.28070713 0.072556750 0.150510797 0.27714174 0.43093654 1.00  3314
mean.R[5, 16]   0.13585271 0.043201974 0.064533595 0.13144147 0.23185926 1.00  3001
mean.R[1, 17]   0.37376724 0.119050730 0.159369141 0.36808528 0.62602132 1.00  3478
mean.R[2, 17]   0.24908515 0.107824264 0.072225759 0.23789455 0.48471450 1.00  3235
mean.R[3, 17]   0.32474742 0.092313458 0.160096621 0.32036020 0.51934510 1.01  3438
mean.R[4, 17]   0.28248002 0.073165620 0.150248890 0.27726348 0.43606092 1.00  3335
mean.R[5, 17]   0.13588539 0.043192728 0.064908695 0.13117486 0.23697953 1.00  2991
mean.phi[1, 1]  0.96107491 0.041570363 0.848936784 0.97434643 0.99654163 1.01  3050
mean.phi[2, 1]  0.96265673 0.037256577 0.860963292 0.97392203 0.99680674 1.01  3260
mean.phi[3, 1]  0.96784036 0.033577440 0.879486222 0.97814672 0.99718420 1.00  3096
mean.phi[4, 1]  0.93678983 0.053339902 0.794508173 0.95232476 0.99266931 1.01  3266
mean.phi[5, 1]  0.88005477 0.067026426 0.716742563 0.89276737 0.97314183 1.00  3631
mean.phi[1, 2]  0.96631210 0.033124024 0.878843003 0.97631451 0.99713530 1.00  3666
mean.phi[2, 2]  0.96427235 0.035820876 0.862725606 0.97574311 0.99686798 1.01  3512
mean.phi[3, 2]  0.97518312 0.023134217 0.912826897 0.98226672 0.99735627 1.00  3309
mean.phi[4, 2]  0.94238584 0.048650910 0.810691322 0.95623899 0.99264041 1.00  2861
mean.phi[5, 2]  0.66780829 0.103657251 0.451842347 0.67367016 0.84845286 1.00  3477
mean.phi[1, 3]  0.95714520 0.032155681 0.872313614 0.96589218 0.99343114 1.00  3618
mean.phi[2, 3]  0.96519900 0.033092816 0.872461519 0.97536038 0.99676479 1.00  3423
mean.phi[3, 3]  0.98012290 0.017453751 0.933212459 0.98495640 0.99778815 1.00  3077
mean.phi[4, 3]  0.85615596 0.087427962 0.636474825 0.87371493 0.97136693 1.01  3396
mean.phi[5, 3]  0.74646822 0.095758774 0.531935919 0.75653697 0.90267195 1.00  3511
mean.phi[1, 4]  0.94577412 0.043545878 0.828190033 0.95791619 0.99327442 1.00  3606
mean.phi[2, 4]  0.95768383 0.031173414 0.876655126 0.96569591 0.99407920 1.00  3683
mean.phi[3, 4]  0.93799518 0.034879800 0.852319766 0.94480775 0.98503618 1.00  3638
mean.phi[4, 4]  0.95190211 0.037940561 0.851778776 0.96195968 0.99417761 1.00  3265
mean.phi[5, 4]  0.73544786 0.100087819 0.515085157 0.74575755 0.89858989 1.00  3575
mean.phi[1, 5]  0.96166582 0.038844911 0.854925052 0.97380334 0.99680873 1.00  3371
mean.phi[2, 5]  0.96865466 0.029036978 0.890319405 0.97726060 0.99701151 1.01  3331
mean.phi[3, 5]  0.95517375 0.023934192 0.896292448 0.95928000 0.98816340 1.00  3997
mean.phi[4, 5]  0.95651360 0.033486764 0.865666140 0.96530735 0.99410798 1.01  3309
mean.phi[5, 5]  0.80635351 0.085476598 0.612366278 0.81846503 0.93779333 1.00  3315
mean.phi[1, 6]  0.96744160 0.031207310 0.881980726 0.97694573 0.99713571 1.00  3194
mean.phi[2, 6]  0.96204502 0.038817564 0.855125337 0.97394441 0.99672681 1.01  3203
mean.phi[3, 6]  0.98625301 0.010552720 0.957759463 0.98901419 0.99804971 1.00  3334
mean.phi[4, 6]  0.73051684 0.092325723 0.529376851 0.73980427 0.88605270 1.00  3320
mean.phi[5, 6]  0.44349380 0.110551537 0.232676800 0.44270712 0.66049296 1.00  2854
mean.phi[1, 7]  0.95591877 0.050537494 0.813899542 0.97174408 0.99670494 1.02  2844
mean.phi[2, 7]  0.93777431 0.051506354 0.802057767 0.95241901 0.99216401 1.00  3556
mean.phi[3, 7]  0.96940120 0.017647045 0.926731636 0.97310867 0.99267481 1.00  3988
mean.phi[4, 7]  0.96187577 0.028880131 0.885948480 0.96966369 0.99499023 1.00  3200
mean.phi[5, 7]  0.82187478 0.101233036 0.577153507 0.84062551 0.96354089 1.00  3243
mean.phi[1, 8]  0.96678297 0.031743813 0.878374501 0.97669490 0.99693418 1.00  3607
mean.phi[2, 8]  0.95765819 0.046402106 0.831148068 0.97252063 0.99636813 1.03  3236
mean.phi[3, 8]  0.94210365 0.028427738 0.874892403 0.94643150 0.98359671 1.01  3515
mean.phi[4, 8]  0.82824018 0.057949142 0.697809546 0.83329812 0.92394861 1.00  3705
mean.phi[5, 8]  0.55577169 0.127575267 0.299998618 0.56266584 0.78763564 1.00  3151
mean.phi[1, 9]  0.95859484 0.046311502 0.834817832 0.97309393 0.99685557 1.00  3191
mean.phi[2, 9]  0.96630258 0.032930555 0.876773416 0.97648566 0.99680557 1.00  3421
mean.phi[3, 9]  0.92934542 0.040961273 0.825480672 0.93812402 0.98290304 1.00  3469
mean.phi[4, 9]  0.87340456 0.043630526 0.776369302 0.87908930 0.94327137 1.00  3804
mean.phi[5, 9]  0.57430370 0.115570194 0.338317628 0.57645850 0.79020168 1.00  3315
mean.phi[1, 10] 0.97810943 0.018684845 0.927322023 0.98324103 0.99754128 1.01  3407
mean.phi[2, 10] 0.95868054 0.046556278 0.831701311 0.97349443 0.99673620 1.00  3231
mean.phi[3, 10] 0.96347102 0.027942949 0.886871268 0.97103250 0.99441035 1.00  3388
mean.phi[4, 10] 0.90386853 0.038612709 0.817082395 0.90903031 0.96374922 1.00  3952
mean.phi[5, 10] 0.91893413 0.054121254 0.781141073 0.93128332 0.98620887 1.01  2866
mean.phi[1, 11] 0.90527401 0.065729681 0.738087040 0.92115851 0.98434158 1.00  3267
mean.phi[2, 11] 0.96463905 0.024722001 0.899569109 0.97077793 0.99429099 1.00  3926
mean.phi[3, 11] 0.97737217 0.019934199 0.922653282 0.98318174 0.99732573 1.00  3510
mean.phi[4, 11] 0.96981783 0.021750266 0.913644699 0.97552275 0.99553388 1.00  2943
mean.phi[5, 11] 0.91764880 0.044915568 0.810497984 0.92584793 0.98006012 1.00  3027
mean.phi[1, 12] 0.97289445 0.024136961 0.911523043 0.98007890 0.99747831 1.00  3546
mean.phi[2, 12] 0.96672042 0.032429851 0.878407614 0.97695945 0.99686420 1.00  3280
mean.phi[3, 12] 0.97318169 0.018603653 0.925203640 0.97748512 0.99569345 1.00  3674
mean.phi[4, 12] 0.94022894 0.038362411 0.843686963 0.94822156 0.98863031 1.00  3155
mean.phi[5, 12] 0.85966309 0.047575497 0.753145047 0.86483867 0.93793898 1.00  3860
mean.phi[1, 13] 0.95433789 0.034504647 0.863497888 0.96356176 0.99353630 1.00  4080
mean.phi[2, 13] 0.97272522 0.024061088 0.906281913 0.97956265 0.99724523 1.00  3695
mean.phi[3, 13] 0.98437646 0.012478050 0.951578099 0.98757902 0.99799313 1.00  3477
mean.phi[4, 13] 0.95205731 0.037962914 0.853785460 0.96253690 0.99369561 1.00  3066
mean.phi[5, 13] 0.91861339 0.033956925 0.841480739 0.92347415 0.97123092 1.00  3483
mean.phi[1, 14] 0.94959557 0.039649998 0.842058549 0.96049842 0.99297103 1.01  3759
mean.phi[2, 14] 0.95299083 0.035982669 0.854933459 0.96299031 0.99314187 1.00  3775
mean.phi[3, 14] 0.98548175 0.011224773 0.956114382 0.98851118 0.99792018 1.00  3319
mean.phi[4, 14] 0.92838842 0.047641184 0.803172216 0.93940111 0.98736612 1.01  3566
mean.phi[5, 14] 0.82088292 0.050046996 0.711378329 0.82569571 0.90746059 1.00  3959
mean.phi[1, 15] 0.97360223 0.022757044 0.915404165 0.98003832 0.99734287 1.00  3387
mean.phi[2, 15] 0.95638591 0.032816183 0.870960004 0.96535764 0.99352072 1.01  3828
mean.phi[3, 15] 0.97951928 0.013386389 0.943912433 0.98238054 0.99632311 1.00  3883
mean.phi[4, 15] 0.94904626 0.041394649 0.840031850 0.96086980 0.99351102 1.00  2837
mean.phi[5, 15] 0.93171324 0.032170353 0.854759008 0.93688442 0.97877709 1.00  3282
mean.phi[1, 16] 0.97750771 0.018870228 0.927046041 0.98283198 0.99745464 1.00  3600
mean.phi[2, 16] 0.95653247 0.033056159 0.871864091 0.96509394 0.99378481 1.00  3880
mean.phi[3, 16] 0.98577807 0.010789531 0.957388095 0.98854899 0.99803765 1.00  3571
mean.phi[4, 16] 0.94067794 0.032621107 0.862779334 0.94701506 0.98542367 1.00  3326
mean.phi[5, 16] 0.95850123 0.024620817 0.897629508 0.96324242 0.99171609 1.00  2649
mean.phi[1, 17] 0.97490999 0.021670962 0.915689830 0.98101219 0.99761666 1.00  3194
mean.phi[2, 17] 0.97706594 0.018921128 0.925164025 0.98245553 0.99724950 1.00  3431
mean.phi[3, 17] 0.98637741 0.010276635 0.960120652 0.98910960 0.99827113 1.00  3159
mean.phi[4, 17] 0.96990633 0.021133079 0.916997620 0.97480363 0.99539293 1.01  2913
mean.phi[5, 17] 0.96025094 0.023512605 0.901564306 0.96516081 0.99189862 1.00  2777
mean.r[1]       0.96762565 0.016523947 0.928128611 0.97022983 0.99123460 1.00  2938
mean.r[2]       0.96754929 0.016392636 0.927784246 0.97010368 0.99106047 1.00  2522
mean.r[3]       0.96769255 0.016405603 0.927927606 0.97035219 0.99100604 1.00  2489
mean.r[4]       0.96777259 0.016343095 0.928484158 0.97027526 0.99120462 1.00  2575
mean.r[5]       0.96764932 0.016304434 0.928873876 0.97018319 0.99107971 1.00  2365
mean.r[6]       0.96791828 0.016148224 0.929123397 0.97035457 0.99099561 1.00  2619
mean.r[7]       0.96799732 0.015832131 0.929621483 0.97050291 0.99090346 1.00  2646
mean.r[8]       0.96765693 0.016183531 0.928696673 0.97004943 0.99104944 1.00  2574
mean.r[9]       0.96804781 0.015876453 0.929818601 0.97049372 0.99123694 1.00  2721
mean.r[10]      0.96785773 0.016070158 0.929269784 0.97017283 0.99102825 1.00  2666
mean.r[11]      0.96782159 0.016287093 0.928502320 0.97032488 0.99127814 1.00  2606
mean.r[12]      0.96758884 0.016473423 0.927692591 0.97013805 0.99103068 1.00  2562
mean.r[13]      0.96788727 0.015930934 0.929696059 0.97028744 0.99088045 1.00  2675
mean.r[14]      0.96770792 0.016353922 0.928223763 0.97033003 0.99107809 1.00  2559
mean.r[15]      0.96802131 0.015924152 0.929748031 0.97055434 0.99115738 1.00  2632
mean.r[16]      0.96786417 0.016340688 0.928230427 0.97040110 0.99138827 1.00  2604
mean.r[17]      0.96753429 0.016395701 0.927817222 0.97006779 0.99107798 1.00  2340
mean.r[18]      0.96728289 0.017266956 0.926898913 0.96991924 0.99130873 1.00  2214
mu.M[1]         0.09762767 0.020595219 0.060961706 0.09642602 0.14051746 1.00  2566
mu.M[2]         0.12177094 0.022960503 0.080791761 0.11964724 0.17070168 1.00  2811
mu.M[3]         0.03679930 0.007900078 0.022776078 0.03620865 0.05419773 1.00  2350
mu.M[4]         0.01955687 0.007363749 0.007728835 0.01868752 0.03604269 1.00  2767
mu.M[5]         0.04548528 0.011182492 0.026219327 0.04455561 0.07041603 1.00  2702
mu.Pi           0.99605304 0.002063239 0.991191720 0.99637478 0.99917005 1.00  1756
mu.Po           0.03583953 0.008271364 0.021568429 0.03512443 0.05379906 1.00  2911
mu.R[1]         0.37304875 0.115601309 0.162127081 0.36756670 0.61593585 1.00  3532
mu.R[2]         0.24933040 0.105123495 0.077220897 0.23895272 0.47870564 1.00  3300
mu.R[3]         0.32245966 0.087169403 0.167318963 0.31805956 0.50417408 1.00  3582
mu.R[4]         0.28264030 0.068562849 0.160736737 0.27946992 0.42815060 1.00  3467
mu.R[5]         0.13502017 0.039639413 0.067345615 0.13149213 0.22277886 1.00  3114
mu.phi[1]       0.96871894 0.014053691 0.934930117 0.97112214 0.98915179 1.01  1526
mu.phi[2]       0.96834544 0.014136413 0.934520772 0.97061756 0.98860327 1.00  1630
mu.phi[3]       0.97595128 0.008544977 0.955636310 0.97725690 0.98869483 1.01   911
mu.phi[4]       0.93549424 0.020356889 0.887856411 0.93813376 0.96778696 1.01   655
mu.phi[5]       0.83033736 0.036948294 0.749420257 0.83308218 0.89312312 1.01   593
mu.r            0.96787386 0.015512505 0.930881310 0.96986553 0.99070019 1.00  2668
sigma.M         0.16560440 0.120325235 0.015478087 0.15070995 0.43077190 1.30    32
sigma.Pi        0.08367923 0.085622605 0.004110183 0.05707572 0.32289931 1.36    53
sigma.Po        0.13581681 0.134136018 0.004257815 0.08914566 0.49324821 1.17    48
sigma.R         0.10862757 0.089493732 0.019956560 0.07698817 0.37420080 1.35    25
sigma.phi       0.96978549 0.142727960 0.712617620 0.96600571 1.26862510 1.01   470
sigma.r         0.11013734 0.095945221 0.006483724 0.08088272 0.37531951 1.24    67
