Information and diagnostics 
=========================== 
Total iter:                       5000 
Thin:                             1 
Num chains:                       3 
Max Rhat:                         2.07 
Min n.eff:                        0 


Model summary 
============= 
                        mean          sd          2.5%          50%       97.5% Rhat n.eff
B.veg[1]        -0.255862813 0.449526186 -1.0972488734 -0.260889396  0.65638182 1.00  2052
B.veg[2]        -0.090078368 0.357756456 -0.7743015935 -0.095240324  0.64868528 1.01  1394
B.veg[3]         0.023814587 0.363330405 -0.6568699483  0.017211111  0.77612276 1.00  1151
B.veg[4]        -0.088647773 0.352059509 -0.8004475632 -0.080599636  0.59200043 1.00  1256
B.veg[5]        -0.325148108 0.278096191 -0.8700810352 -0.323555127  0.22225284 1.01   696
mean.M[1, 1]     0.008610175 0.007387100  0.0003960681  0.006775891  0.02717724 1.01  1537
mean.M[2, 1]     0.105973652 0.020638369  0.0681103172  0.105071143  0.14983822 1.03  2218
mean.M[3, 1]     0.029558370 0.008078162  0.0160482977  0.028833035  0.04774014 1.01  2614
mean.M[4, 1]     0.022817801 0.009006200  0.0088432807  0.021651324  0.04393454 1.02  2954
mean.M[5, 1]     0.045004598 0.012576613  0.0235877194  0.044013088  0.07255544 1.01  3109
mean.M[1, 2]     0.008649588 0.008124224  0.0004001722  0.006730787  0.02679844 1.08  1454
mean.M[2, 2]     0.111467750 0.023366396  0.0753338648  0.108505677  0.16680344 1.09  1991
mean.M[3, 2]     0.029963812 0.008255546  0.0163080744  0.029240359  0.04818697 1.02  2676
mean.M[4, 2]     0.022633593 0.008882062  0.0086885490  0.021503783  0.04308513 1.01  3011
mean.M[5, 2]     0.045105513 0.012845523  0.0232410165  0.044207007  0.07297688 1.01  2895
mean.M[1, 3]     0.008627122 0.007222471  0.0003916119  0.006784762  0.02688998 1.01  1650
mean.M[2, 3]     0.106125395 0.020070341  0.0701127042  0.104835909  0.15009079 1.02  2763
mean.M[3, 3]     0.029357292 0.007991800  0.0159375007  0.028605868  0.04722249 1.01  2815
mean.M[4, 3]     0.022889070 0.009198796  0.0089078214  0.021625343  0.04418733 1.02  2898
mean.M[5, 3]     0.045896707 0.013165772  0.0243740058  0.044691293  0.07495665 1.02  3035
mean.M[1, 4]     0.008575749 0.007191326  0.0003931449  0.006725211  0.02718991 1.00  1613
mean.M[2, 4]     0.103581964 0.019834856  0.0658521997  0.102811780  0.14468340 1.05  2487
mean.M[3, 4]     0.029299415 0.007847844  0.0159187334  0.028644374  0.04675360 1.01  2784
mean.M[4, 4]     0.022708002 0.009014063  0.0088923886  0.021466351  0.04384814 1.01  2888
mean.M[5, 4]     0.045274506 0.012770428  0.0237207288  0.044160848  0.07315897 1.01  3050
mean.M[1, 5]     0.008555587 0.007095058  0.0003825496  0.006732323  0.02715153 1.00  1681
mean.M[2, 5]     0.108059427 0.020976238  0.0720630066  0.106365947  0.15466466 1.05  2730
mean.M[3, 5]     0.029476750 0.007985570  0.0161659971  0.028747786  0.04769434 1.01  2748
mean.M[4, 5]     0.022622212 0.008927596  0.0087459125  0.021514322  0.04347813 1.01  2963
mean.M[5, 5]     0.044853226 0.012591330  0.0235888695  0.043722021  0.07228710 1.01  3069
mean.M[1, 6]     0.008566454 0.007115892  0.0003941872  0.006790805  0.02696262 1.00  1671
mean.M[2, 6]     0.106717698 0.020887268  0.0696911770  0.105263184  0.15188708 1.03  2599
mean.M[3, 6]     0.029303427 0.007720518  0.0161256209  0.028634465  0.04621275 1.01  2869
mean.M[4, 6]     0.023218569 0.009300703  0.0089908291  0.021930623  0.04504161 1.03  2866
mean.M[5, 6]     0.045259024 0.012851136  0.0234872571  0.044192407  0.07352017 1.02  3026
mean.M[1, 7]     0.008608616 0.007258870  0.0004081039  0.006758501  0.02711367 1.01  1633
mean.M[2, 7]     0.106188740 0.020719817  0.0692746406  0.104914291  0.15130777 1.03  2652
mean.M[3, 7]     0.029862731 0.008016287  0.0168178269  0.029075524  0.04759068 1.02  2672
mean.M[4, 7]     0.022632497 0.008901274  0.0087195632  0.021487417  0.04320497 1.01  2937
mean.M[5, 7]     0.045269658 0.012750857  0.0237580468  0.044125244  0.07347175 1.01  3139
mean.M[1, 8]     0.008643778 0.007879927  0.0003837882  0.006699708  0.02717987 1.05  1499
mean.M[2, 8]     0.108793016 0.021909157  0.0727751336  0.106719961  0.15875352 1.05  2197
mean.M[3, 8]     0.029457175 0.007810347  0.0160752391  0.028766885  0.04696638 1.01  2614
mean.M[4, 8]     0.023424987 0.009387612  0.0090580748  0.022181038  0.04548998 1.03  2939
mean.M[5, 8]     0.045462965 0.013334618  0.0234810938  0.044196586  0.07417498 1.03  2752
mean.M[1, 9]     0.008574138 0.007110521  0.0003945016  0.006740047  0.02659203 1.00  1617
mean.M[2, 9]     0.107334076 0.021311812  0.0706093089  0.105857455  0.15490029 1.05  2227
mean.M[3, 9]     0.030771259 0.008635427  0.0169241928  0.029840758  0.05004363 1.04  2559
mean.M[4, 9]     0.022755174 0.008846297  0.0089325387  0.021663822  0.04323920 1.01  3105
mean.M[5, 9]     0.046154106 0.013415861  0.0242632051  0.044968430  0.07583869 1.02  2943
mean.M[1, 10]    0.008535408 0.007120987  0.0003907982  0.006696885  0.02688711 1.00  1605
mean.M[2, 10]    0.104984320 0.019734939  0.0689616581  0.103875896  0.14654831 1.02  2689
mean.M[3, 10]    0.029369888 0.007866875  0.0161396227  0.028676755  0.04712759 1.01  2895
mean.M[4, 10]    0.022379847 0.008730662  0.0085878302  0.021304738  0.04273076 1.01  2939
mean.M[5, 10]    0.045631713 0.012731417  0.0241970983  0.044537535  0.07323066 1.01  3214
mean.M[1, 11]    0.008566902 0.007240712  0.0004035350  0.006748229  0.02684966 1.01  1581
mean.M[2, 11]    0.104439711 0.019525007  0.0684119901  0.103913444  0.14602478 1.02  2788
mean.M[3, 11]    0.029342626 0.007964474  0.0158197931  0.028683726  0.04728257 1.01  2694
mean.M[4, 11]    0.022838493 0.008998764  0.0090227968  0.021696602  0.04369755 1.01  2977
mean.M[5, 11]    0.044443791 0.012617494  0.0227714415  0.043282866  0.07237487 1.02  2833
mean.M[1, 12]    0.008672771 0.007309238  0.0003908626  0.006760137  0.02748208 1.01  1642
mean.M[2, 12]    0.110966259 0.022130198  0.0752954636  0.108594728  0.16367595 1.07  2365
mean.M[3, 12]    0.029613544 0.007954908  0.0162947513  0.028846889  0.04740682 1.01  2669
mean.M[4, 12]    0.022673416 0.008897955  0.0087501045  0.021529909  0.04332504 1.01  2962
mean.M[5, 12]    0.045683478 0.012830540  0.0245291506  0.044400803  0.07354512 1.01  2928
mean.M[1, 13]    0.008561977 0.007106433  0.0003904516  0.006746199  0.02687101 1.00  1679
mean.M[2, 13]    0.114666036 0.024737421  0.0779518800  0.111213851  0.17511318 1.17  1446
mean.M[3, 13]    0.030130810 0.008231535  0.0167237579  0.029202237  0.04866958 1.02  2628
mean.M[4, 13]    0.023074317 0.009147319  0.0089067739  0.021817007  0.04472333 1.02  2888
mean.M[5, 13]    0.046906349 0.013238770  0.0254045680  0.045749576  0.07628395 1.02  3059
mean.M[1, 14]    0.008593384 0.007190490  0.0004025122  0.006821792  0.02728082 1.01  1649
mean.M[2, 14]    0.103042658 0.019712040  0.0646982546  0.102427408  0.14310484 1.06  1917
mean.M[3, 14]    0.029722734 0.007827401  0.0166619537  0.028949850  0.04733210 1.01  2685
mean.M[4, 14]    0.022703552 0.008990117  0.0088369149  0.021567863  0.04326059 1.02  2930
mean.M[5, 14]    0.044822787 0.012478378  0.0237853358  0.043737973  0.07199950 1.01  3095
mean.M[1, 15]    0.008741617 0.007491655  0.0004045548  0.006808067  0.02727943 1.02  1563
mean.M[2, 15]    0.106879900 0.019686033  0.0724674755  0.105691764  0.14924908 1.02  3006
mean.M[3, 15]    0.029602287 0.007923624  0.0163273967  0.028915723  0.04728229 1.01  2720
mean.M[4, 15]    0.022767897 0.008995216  0.0087372181  0.021625708  0.04355872 1.02  2979
mean.M[5, 15]    0.045247868 0.012463214  0.0242246930  0.044109631  0.07254589 1.01  3204
mean.M[1, 16]    0.008607912 0.007232256  0.0003863413  0.006795627  0.02693228 1.01  1619
mean.M[2, 16]    0.106713127 0.019673622  0.0713937593  0.105635577  0.14926045 1.02  2829
mean.M[3, 16]    0.029318581 0.007896603  0.0158445867  0.028647688  0.04676314 1.01  2682
mean.M[4, 16]    0.022716984 0.009009857  0.0085191828  0.021502314  0.04343305 1.01  2885
mean.M[5, 16]    0.045519802 0.012620664  0.0242257605  0.044509075  0.07285111 1.01  2864
mean.Pi[1]       0.889904468 0.099537135  0.6302997103  0.918842888  0.99690300 1.00 15000
mean.Pi[2]       0.976713895 0.023253479  0.9124657953  0.984188817  0.99934320 1.01  1043
mean.Pi[3]       0.980775314 0.019627009  0.9279365343  0.986792340  0.99947052 1.06  1077
mean.Pi[4]       0.987291899 0.011793659  0.9558698589  0.990740560  0.99966702 1.02  1687
mean.Pi[5]       0.977591235 0.015931658  0.9354354570  0.980858808  0.99770674 1.00  2182
mean.Pi[6]       0.989461596 0.010859842  0.9625964513  0.992806942  0.99976529 1.01  1127
mean.Pi[7]       0.987173502 0.012434675  0.9545250527  0.990725347  0.99960577 1.02  1368
mean.Pi[8]       0.988663782 0.010782008  0.9603614515  0.991829429  0.99973734 1.00  1424
mean.Pi[9]       0.986199478 0.013592758  0.9495626941  0.990307040  0.99964662 1.02  1321
mean.Pi[10]      0.987087425 0.012782725  0.9543404644  0.990861931  0.99962967 1.02  1178
mean.Pi[11]      0.988682453 0.011094746  0.9585048823  0.992233879  0.99975389 1.01  1207
mean.Pi[12]      0.990316413 0.009285705  0.9654565780  0.993121595  0.99969958 1.01  1372
mean.Pi[13]      0.990026548 0.009870344  0.9640239492  0.992999402  0.99979164 1.00  1250
mean.Pi[14]      0.988272213 0.011611659  0.9573735441  0.991842190  0.99968058 1.01  1188
mean.Pi[15]      0.989194604 0.010525264  0.9611668191  0.992342120  0.99978635 1.00  1244
mean.Pi[16]      0.980507497 0.013836201  0.9457760491  0.983602006  0.99823885 1.00  1627
mean.Pi[17]      0.967152651 0.021517926  0.9162714101  0.970468160  0.99731816 1.01  1089
mean.Po[1]       0.499106631 0.166248653  0.1826976327  0.498948188  0.81332245 1.00 16115
mean.Po[2]       0.498931432 0.168243861  0.1825151252  0.497024488  0.81181137 1.00  3423
mean.Po[3]       0.388307562 0.133035364  0.1523106689  0.381932136  0.66376037 1.00  3240
mean.Po[4]       0.314489542 0.112400879  0.1221873500  0.308218961  0.55134417 1.00  3390
mean.Po[5]       0.294967743 0.106430768  0.1122423157  0.286765828  0.51821401 1.00  3413
mean.Po[6]       0.248387468 0.090744783  0.0962098548  0.241402380  0.44757997 1.00  3636
mean.Po[7]       0.174032068 0.076873658  0.0529385185  0.163312329  0.34850479 1.00  3280
mean.Po[8]       0.199017529 0.077995955  0.0725811360  0.188206797  0.37163267 1.00  3151
mean.Po[9]       0.166750825 0.065860107  0.0590290045  0.159888523  0.31258987 1.00  3309
mean.Po[10]      0.196281550 0.065302142  0.0858934184  0.190379696  0.34233406 1.00  3069
mean.Po[11]      0.157969559 0.058214007  0.0626449744  0.152606091  0.29018727 1.00  3385
mean.Po[12]      0.169830620 0.058026174  0.0725069858  0.164984908  0.29919238 1.00  3145
mean.Po[13]      0.087238176 0.040880613  0.0254157385  0.081744548  0.18254079 1.00  2919
mean.Po[14]      0.065102578 0.030160158  0.0187527026  0.060973695  0.13450486 1.00  3088
mean.Po[15]      0.061001038 0.029577025  0.0172384829  0.056598069  0.13125770 1.00  2602
mean.Po[16]      0.055090837 0.026887678  0.0147795832  0.050325214  0.11977627 1.00  2659
mean.Po[17]      0.060822076 0.027048228  0.0195314417  0.056781445  0.12365483 1.00  2749
mean.R[1, 1]     0.097831724 0.097152185  0.0022965852  0.069873907  0.34879914 1.08  1329
mean.R[2, 1]     0.303948267 0.113436379  0.1110467986  0.293889393  0.54490131 1.03  2989
mean.R[3, 1]     0.295568152 0.097092750  0.1248611024  0.288028627  0.50254814 1.03  3266
mean.R[4, 1]     0.276836487 0.086870669  0.1153299896  0.273669920  0.45632064 1.07  2701
mean.R[5, 1]     0.136075780 0.070042775  0.0579638406  0.125161818  0.27730837 1.26  2201
mean.R[1, 2]     0.094659048 0.089241900  0.0020925525  0.069378931  0.32792203 1.01  1555
mean.R[2, 2]     0.302277593 0.112904532  0.1051557460  0.293595511  0.54127953 1.03  2953
mean.R[3, 2]     0.293519977 0.096488581  0.1218760969  0.286973849  0.49440935 1.04  3173
mean.R[4, 2]     0.278246186 0.086485367  0.1249579441  0.273359032  0.45964524 1.05  2978
mean.R[5, 2]     0.121852473 0.043443152  0.0472987936  0.118382359  0.21653256 1.04  2870
mean.R[1, 3]     0.095893214 0.089723306  0.0021129056  0.069780778  0.33338157 1.03  1375
mean.R[2, 3]     0.313788624 0.115773030  0.1242669364  0.303525370  0.56980120 1.05  2418
mean.R[3, 3]     0.294550916 0.098481357  0.1206638519  0.285912872  0.50210816 1.04  3093
mean.R[4, 3]     0.272058046 0.084009372  0.1163566152  0.269218229  0.44441249 1.07  2579
mean.R[5, 3]     0.123516645 0.044344324  0.0483933715  0.119470950  0.22079955 1.04  3115
mean.R[1, 4]     0.095203660 0.090323000  0.0021207497  0.068454271  0.33582830 1.02  1508
mean.R[2, 4]     0.306780477 0.110219363  0.1188439001  0.297459312  0.54300824 1.02  3234
mean.R[3, 4]     0.287375377 0.094904255  0.1163093616  0.281504478  0.48347049 1.05  2547
mean.R[4, 4]     0.277208560 0.086266462  0.1202007387  0.272924454  0.45796482 1.06  2912
mean.R[5, 4]     0.124435796 0.045587409  0.0487680445  0.119814368  0.22549212 1.04  2804
mean.R[1, 5]     0.095531429 0.091211945  0.0021889991  0.068736394  0.33538734 1.03  1409
mean.R[2, 5]     0.302733398 0.111797261  0.1097913498  0.294310678  0.54045001 1.01  3133
mean.R[3, 5]     0.319913093 0.110336245  0.1504632269  0.306225571  0.58591144 1.16  2433
mean.R[4, 5]     0.278514732 0.087688332  0.1252509003  0.273695706  0.46225855 1.07  2978
mean.R[5, 5]     0.124064026 0.045680677  0.0459033819  0.120089094  0.22409928 1.06  2717
mean.R[1, 6]     0.097182585 0.094899003  0.0020090114  0.070645486  0.34062036 1.06  1391
mean.R[2, 6]     0.306304502 0.114272068  0.1139972516  0.296179067  0.54951861 1.03  2939
mean.R[3, 6]     0.295127630 0.097644712  0.1230213440  0.287109247  0.49918411 1.03  3141
mean.R[4, 6]     0.262305542 0.081940263  0.0973473224  0.261179940  0.42676139 1.14  2323
mean.R[5, 6]     0.123227568 0.042707653  0.0513427208  0.119463920  0.21708839 1.02  3172
mean.R[1, 7]     0.095385829 0.090716669  0.0021328228  0.068837438  0.33174227 1.03  1516
mean.R[2, 7]     0.299405848 0.108911223  0.1099772631  0.292403837  0.52971177 1.01  3283
mean.R[3, 7]     0.288413601 0.096224382  0.1135081314  0.281089878  0.48984571 1.05  2506
mean.R[4, 7]     0.279088097 0.087203252  0.1260171297  0.273534849  0.46354741 1.06  2841
mean.R[5, 7]     0.134638274 0.060227665  0.0576582442  0.125045509  0.27007209 1.22  2255
mean.R[1, 8]     0.095349080 0.089767203  0.0020945130  0.069078966  0.33047614 1.02  1509
mean.R[2, 8]     0.303186886 0.111518262  0.1115719729  0.294385261  0.53954507 1.02  3163
mean.R[3, 8]     0.301844406 0.095539534  0.1384739795  0.294350903  0.50221688 1.02  2800
mean.R[4, 8]     0.287906367 0.081580970  0.1482049440  0.282018021  0.47169101 1.04  3230
mean.R[5, 8]     0.127542355 0.047145235  0.0539800565  0.121436512  0.23542413 1.07  2746
mean.R[1, 9]     0.095648446 0.089828104  0.0020032671  0.069703214  0.33085211 1.02  1589
mean.R[2, 9]     0.304950968 0.113121717  0.1124810725  0.294590063  0.54849968 1.03  3078
mean.R[3, 9]     0.307692946 0.100661745  0.1416145742  0.297528498  0.53047712 1.06  2521
mean.R[4, 9]     0.287354343 0.082212712  0.1477036142  0.280903953  0.46938174 1.04  3156
mean.R[5, 9]     0.121892294 0.043823663  0.0457942154  0.118256578  0.21725410 1.05  2863
mean.R[1, 10]    0.095283880 0.090388825  0.0020893810  0.069571350  0.32771847 1.03  1445
mean.R[2, 10]    0.305011118 0.113515900  0.1130295053  0.296396539  0.54307838 1.03  2588
mean.R[3, 10]    0.292296927 0.099065011  0.1154790834  0.285294095  0.49848229 1.04  3016
mean.R[4, 10]    0.293699534 0.088235349  0.1506226860  0.284992166  0.49731335 1.13  2419
mean.R[5, 10]    0.127268438 0.050413560  0.0504047265  0.121702001  0.23989482 1.09  2785
mean.R[1, 11]    0.095552346 0.091280451  0.0022031587  0.069043512  0.33174805 1.03  1479
mean.R[2, 11]    0.302875302 0.108533878  0.1160666288  0.294599996  0.53609625 1.01  3183
mean.R[3, 11]    0.294432138 0.099219592  0.1188822995  0.286888536  0.50483423 1.05  2991
mean.R[4, 11]    0.276383427 0.084648370  0.1207328767  0.272413025  0.45374943 1.05  2771
mean.R[5, 11]    0.126651054 0.049784073  0.0502112788  0.120791240  0.23606241 1.09  2831
mean.R[1, 12]    0.096657417 0.092743295  0.0020629495  0.069715831  0.33228884 1.04  1516
mean.R[2, 12]    0.302794950 0.111530144  0.1084951153  0.294246113  0.53584433 1.02  3127
mean.R[3, 12]    0.288762824 0.096368143  0.1110108337  0.282591430  0.49082165 1.06  2918
mean.R[4, 12]    0.276460476 0.085236940  0.1204811187  0.271990533  0.46185423 1.05  2840
mean.R[5, 12]    0.121955608 0.044204087  0.0464525314  0.118029936  0.22054671 1.04  2874
mean.R[1, 13]    0.096128273 0.090967213  0.0020379128  0.070335903  0.33083803 1.03  1435
mean.R[2, 13]    0.310674921 0.115431249  0.1217785588  0.300394676  0.56161158 1.05  2617
mean.R[3, 13]    0.299152731 0.102030307  0.1309902318  0.289765688  0.51545871 1.06  2528
mean.R[4, 13]    0.277384840 0.085771030  0.1230930052  0.272934529  0.45978588 1.05  2926
mean.R[5, 13]    0.147050217 0.079150299  0.0623212705  0.130456334  0.37176492 1.39  2109
mean.R[1, 14]    0.096362451 0.092497991  0.0020271170  0.070287038  0.33621106 1.04  1510
mean.R[2, 14]    0.294798544 0.107720622  0.1048030061  0.288066329  0.51788972 1.03  3073
mean.R[3, 14]    0.298366999 0.100738477  0.1286989961  0.288503258  0.51579914 1.04  2981
mean.R[4, 14]    0.286361691 0.086940533  0.1407354145  0.278806433  0.47254125 1.06  2918
mean.R[5, 14]    0.126293118 0.044237206  0.0546769285  0.121033323  0.22484253 1.04  2932
mean.R[1, 15]    0.096554671 0.094149592  0.0021659298  0.069279305  0.33916814 1.05  1383
mean.R[2, 15]    0.311724416 0.115605428  0.1196611356  0.300373077  0.56414778 1.05  2518
mean.R[3, 15]    0.290541610 0.096740117  0.1167574656  0.283020861  0.49303916 1.05  3029
mean.R[4, 15]    0.276710815 0.085892526  0.1211861545  0.273237375  0.45538708 1.06  2820
mean.R[5, 15]    0.126855340 0.049710560  0.0489265101  0.121267291  0.23477502 1.09  2717
mean.R[1, 16]    0.096754632 0.093564870  0.0021089900  0.068904707  0.33642441 1.04  1415
mean.R[2, 16]    0.303225473 0.112865518  0.1075336318  0.294456957  0.54243767 1.03  2965
mean.R[3, 16]    0.294771561 0.097694331  0.1211512561  0.286715680  0.50456665 1.03  3108
mean.R[4, 16]    0.279872855 0.089401033  0.1266405696  0.273985846  0.46295694 1.07  2515
mean.R[5, 16]    0.127394632 0.049602780  0.0527321984  0.121565803  0.24136707 1.09  2842
mean.phi[1, 1]   0.968284459 0.033712827  0.8743032587  0.978899773  0.99781266 1.00  3720
mean.phi[2, 1]   0.962658032 0.035222663  0.8646369726  0.973125755  0.99624095 1.00  3377
mean.phi[3, 1]   0.956779078 0.043061464  0.8353227265  0.970316603  0.99606163 1.00  3347
mean.phi[4, 1]   0.926218249 0.060120533  0.7659447429  0.941740465  0.99206710 1.00  2972
mean.phi[5, 1]   0.873735914 0.069913688  0.7043876057  0.886434080  0.97233738 1.00  4330
mean.phi[1, 2]   0.957823463 0.040217338  0.8425801291  0.970012050  0.99727647 1.00  4347
mean.phi[2, 2]   0.961216021 0.033820155  0.8685859986  0.971100484  0.99687366 1.00  3549
mean.phi[3, 2]   0.966253379 0.031666953  0.8813212075  0.975869892  0.99728113 1.00  3097
mean.phi[4, 2]   0.919814517 0.066276546  0.7410998209  0.938480492  0.99196651 1.01  2737
mean.phi[5, 2]   0.624289015 0.110358021  0.3981374357  0.629989406  0.82274814 1.00  4092
mean.phi[1, 3]   0.927516782 0.059926830  0.7738939442  0.944237641  0.99428076 1.00  5213
mean.phi[2, 3]   0.953168528 0.034056513  0.8659355174  0.961678185  0.99372842 1.00  4326
mean.phi[3, 3]   0.973652941 0.023437114  0.9119268247  0.980240376  0.99807456 1.00  2944
mean.phi[4, 3]   0.827189391 0.107939032  0.5652639185  0.849614391  0.97031730 1.00  2893
mean.phi[5, 3]   0.698978366 0.107867887  0.4703496325  0.705428465  0.88698605 1.00  3910
mean.phi[1, 4]   0.945540844 0.058265980  0.7811517931  0.965057505  0.99686852 1.01  3873
mean.phi[2, 4]   0.943593028 0.034180638  0.8589757699  0.950638706  0.98876316 1.00  5050
mean.phi[3, 4]   0.933165880 0.037770927  0.8408128481  0.940196811  0.98510462 1.00  4416
mean.phi[4, 4]   0.937543587 0.047799307  0.8167235403  0.949737284  0.99275102 1.00  2773
mean.phi[5, 4]   0.691560873 0.107204456  0.4634945314  0.700654112  0.87403970 1.01  3669
mean.phi[1, 5]   0.970534453 0.029264813  0.8909122339  0.980013160  0.99747791 1.00  3392
mean.phi[2, 5]   0.968165458 0.027072092  0.8963612539  0.976070809  0.99642742 1.00  3282
mean.phi[3, 5]   0.950454314 0.025177091  0.8897711792  0.955002475  0.98568471 1.00  3572
mean.phi[4, 5]   0.948881336 0.036576968  0.8559367903  0.957284313  0.99255792 1.00  2900
mean.phi[5, 5]   0.811863375 0.080993491  0.6242698193  0.822000708  0.93736977 1.00  3641
mean.phi[1, 6]   0.961616917 0.044612402  0.8404301516  0.975593642  0.99720029 1.00  3275
mean.phi[2, 6]   0.966074664 0.029311616  0.8864280955  0.974566928  0.99599088 1.00  3579
mean.phi[3, 6]   0.982398804 0.011922947  0.9527477622  0.985190368  0.99692242 1.00  3061
mean.phi[4, 6]   0.726579628 0.090791928  0.5266811747  0.735074439  0.87996527 1.00  2933
mean.phi[5, 6]   0.452114080 0.112948179  0.2355210402  0.449468732  0.67433464 1.00  2073
mean.phi[1, 7]   0.969033035 0.034108598  0.8727602364  0.979971124  0.99779597 1.01  3373
mean.phi[2, 7]   0.938847499 0.048549979  0.8081643728  0.952073229  0.99166427 1.00  3230
mean.phi[3, 7]   0.965132642 0.019072085  0.9187190104  0.969018687  0.99082123 1.00  3978
mean.phi[4, 7]   0.955765470 0.032015301  0.8719478982  0.964003692  0.99328549 1.00  2546
mean.phi[5, 7]   0.831648239 0.098199958  0.5921603853  0.851309717  0.96623841 1.00  3480
mean.phi[1, 8]   0.964274742 0.040781725  0.8554421542  0.977228137  0.99720646 1.02  3128
mean.phi[2, 8]   0.962891041 0.033991673  0.8709925030  0.973109261  0.99585704 1.00  3455
mean.phi[3, 8]   0.937386184 0.028995377  0.8676966551  0.942127333  0.97950199 1.00  3884
mean.phi[4, 8]   0.826440634 0.057525987  0.6994442650  0.831574835  0.92234830 1.00  3718
mean.phi[5, 8]   0.563345054 0.127852275  0.3052664186  0.570202441  0.79532974 1.00  2698
mean.phi[1, 9]   0.978490548 0.018668107  0.9278074119  0.984008277  0.99764982 1.00  3648
mean.phi[2, 9]   0.964102874 0.030672344  0.8858758594  0.972776465  0.99583944 1.01  3372
mean.phi[3, 9]   0.922664341 0.041358462  0.8234375085  0.930993263  0.97957395 1.00  3373
mean.phi[4, 9]   0.868711043 0.044635014  0.7667241641  0.873839600  0.93998314 1.00  3843
mean.phi[5, 9]   0.584962860 0.117441101  0.3456480086  0.590820578  0.79658490 1.00  2855
mean.phi[1, 10]  0.952253067 0.041079152  0.8412554402  0.964099587  0.99517759 1.00  3439
mean.phi[2, 10]  0.976002254 0.018459642  0.9281624589  0.981023483  0.99673114 1.00  3352
mean.phi[3, 10]  0.955731144 0.031265487  0.8751362501  0.963760778  0.99233315 1.00  3676
mean.phi[4, 10]  0.898247252 0.039135018  0.8096221174  0.903027883  0.96045062 1.00  3985
mean.phi[5, 10]  0.916870277 0.052422239  0.7876557064  0.927582030  0.98559950 1.00  3058
mean.phi[1, 11]  0.975224672 0.022723147  0.9135291718  0.982026504  0.99763615 1.00  3449
mean.phi[2, 11]  0.938915630 0.031947395  0.8620038439  0.944617877  0.98315516 1.00  4199
mean.phi[3, 11]  0.970464569 0.023965789  0.9075723964  0.976766365  0.99609966 1.01  3261
mean.phi[4, 11]  0.964025972 0.023426543  0.9040411098  0.969347548  0.99393524 1.00  2694
mean.phi[5, 11]  0.915414459 0.044919237  0.8061239139  0.922193422  0.97992005 1.00  2787
mean.phi[1, 12]  0.975318931 0.022027502  0.9157479217  0.981762286  0.99748224 1.00  3754
mean.phi[2, 12]  0.972813265 0.021800886  0.9173553756  0.978433702  0.99654028 1.00  3367
mean.phi[3, 12]  0.968009691 0.020437845  0.9161905498  0.972494588  0.99351159 1.00  3648
mean.phi[4, 12]  0.933707617 0.040532718  0.8322847850  0.942443551  0.98662892 1.00  3096
mean.phi[5, 12]  0.854661908 0.047257952  0.7506573737  0.859436715  0.93400264 1.00  3633
mean.phi[1, 13]  0.969689143 0.027497373  0.8955618636  0.977457020  0.99685085 1.00  3859
mean.phi[2, 13]  0.963507805 0.023542860  0.9049154121  0.968839535  0.99304169 1.00  3738
mean.phi[3, 13]  0.980114442 0.014489095  0.9426673555  0.983785681  0.99690336 1.00  3699
mean.phi[4, 13]  0.942802672 0.040749913  0.8375407457  0.952406037  0.99131464 1.00  3145
mean.phi[5, 13]  0.910739322 0.035609906  0.8308715346  0.915167791  0.96722236 1.00  3341
mean.phi[1, 14]  0.971718873 0.026142065  0.9001858745  0.979850508  0.99724166 1.00  3465
mean.phi[2, 14]  0.946089313 0.032457984  0.8635127531  0.952997519  0.98827376 1.01  3871
mean.phi[3, 14]  0.981508270 0.013139324  0.9482314183  0.984735434  0.99710595 1.00  3368
mean.phi[4, 14]  0.920191663 0.048813434  0.7987987245  0.930897130  0.98429992 1.00  3178
mean.phi[5, 14]  0.816525101 0.050976554  0.7082936771  0.820745577  0.90552381 1.00  3652
mean.phi[1, 15]  0.979416238 0.016909097  0.9330069990  0.984058213  0.99780211 1.00  3844
mean.phi[2, 15]  0.966576636 0.021588128  0.9114406048  0.971458337  0.99359128 1.00  3652
mean.phi[3, 15]  0.976069928 0.014254698  0.9406692203  0.979115699  0.99493616 1.00  3776
mean.phi[4, 15]  0.939878628 0.045200888  0.8222176249  0.951559698  0.99160008 1.00  3114
mean.phi[5, 15]  0.941859559 0.029597360  0.8709659253  0.946360992  0.98485618 1.01  2957
mean.phi[1, 16]  0.976934428 0.020950726  0.9210810623  0.983018624  0.99764310 1.00  3645
mean.phi[2, 16]  0.980012800 0.014321173  0.9429281180  0.983542517  0.99700597 1.00  3148
mean.phi[3, 16]  0.981456986 0.013121975  0.9474521479  0.984615421  0.99700519 1.00  3281
mean.phi[4, 16]  0.964290142 0.023475000  0.9050574254  0.969714379  0.99423989 1.00  2627
mean.phi[5, 16]  0.952980008 0.026773976  0.8863843612  0.958160118  0.98957739 1.00  2417
mean.rO[1]       0.958854077 0.021239809  0.9074325772  0.962631169  0.98920081 1.00  3006
mean.rO[2]       0.958780804 0.021282521  0.9076475452  0.962569391  0.98927037 1.00  2602
mean.rO[3]       0.959010172 0.021130143  0.9072669483  0.962712652  0.98904003 1.00  2621
mean.rO[4]       0.959510487 0.020198270  0.9112718120  0.962760314  0.98933699 1.00  2656
mean.rO[5]       0.959150147 0.020679514  0.9094472451  0.962587496  0.98924912 1.00  2591
mean.rO[6]       0.958870669 0.021138779  0.9082300979  0.962506348  0.98904276 1.00  2376
mean.rO[7]       0.959428842 0.020878632  0.9090650676  0.963101876  0.98906339 1.00  2593
mean.rO[8]       0.959134511 0.020850284  0.9089339008  0.962626769  0.98949857 1.00  2659
mean.rO[9]       0.959422407 0.020615946  0.9096480112  0.962848153  0.98930869 1.00  2577
mean.rO[10]      0.959249034 0.020494987  0.9105697678  0.962741223  0.98909043 1.00  2668
mean.rO[11]      0.958937766 0.020956273  0.9085096811  0.962481862  0.98952723 1.00  2422
mean.rO[12]      0.958991865 0.021233689  0.9090114609  0.962625115  0.98920932 1.00  2287
mean.rO[13]      0.959233014 0.020730742  0.9096758229  0.962691011  0.98926414 1.00  2570
mean.rO[14]      0.959223439 0.020956666  0.9073399063  0.962840018  0.98935520 1.00  2531
mean.rO[15]      0.959182884 0.020555372  0.9098124585  0.962459117  0.98906948 1.00  2590
mean.rO[16]      0.959062346 0.021060112  0.9075450706  0.962605856  0.98932111 1.00  2577
mean.rO[17]      0.958646140 0.021045567  0.9083253824  0.962373391  0.98894643 1.00  2420
mean.rR[1]       0.889893966 0.055097503  0.7607031036  0.897601457  0.97298898 1.01  3177
mean.rR[2]       0.890258722 0.053815990  0.7629721860  0.897782668  0.97285294 1.00  2529
mean.rR[3]       0.890134945 0.054784063  0.7619828212  0.898248689  0.97274716 1.01  2692
mean.rR[4]       0.889899607 0.054420150  0.7612215175  0.898108177  0.97223371 1.01  2564
mean.rR[5]       0.889604585 0.055326618  0.7591431488  0.897274290  0.97289688 1.01  2370
mean.rR[6]       0.891276001 0.053530238  0.7653398999  0.898560736  0.97314635 1.01  2712
mean.rR[7]       0.890415766 0.054267608  0.7625273096  0.898131038  0.97273029 1.00  2741
mean.rR[8]       0.890075535 0.055490648  0.7610530635  0.898160079  0.97253347 1.01  2422
mean.rR[9]       0.891580466 0.052866976  0.7695079907  0.898725164  0.97298084 1.01  2746
mean.rR[10]      0.891240180 0.053855153  0.7650085779  0.898531828  0.97317773 1.01  2738
mean.rR[11]      0.890160438 0.055145036  0.7611754555  0.897909001  0.97284633 1.01  2272
mean.rR[12]      0.889682928 0.055490532  0.7589794379  0.897935686  0.97260450 1.01  2655
mean.rR[13]      0.889772476 0.055058391  0.7611285021  0.898252462  0.97207584 1.01  2511
mean.rR[14]      0.890255173 0.054391731  0.7623815590  0.898452899  0.97230942 1.00  2655
mean.rR[15]      0.888631713 0.056723146  0.7564351522  0.897048851  0.97134487 1.01  2338
mean.rR[16]      0.890688191 0.054186586  0.7616778515  0.898371149  0.97291310 1.00  2744
mean.rR[17]      0.890473488 0.054509895  0.7632305043  0.898272508  0.97309187 1.00  2627
mu.M[1]          0.008530740 0.006986482  0.0004005781  0.006792303  0.02641674 1.00  1593
mu.M[2]          0.106627570 0.016612211  0.0761963568  0.105799733  0.14121885 1.00  2838
mu.M[3]          0.029454485 0.007022585  0.0173338702  0.028947648  0.04518265 1.01  2809
mu.M[4]          0.022635361 0.008405583  0.0091608702  0.021676713  0.04139024 1.01  2955
mu.M[5]          0.045149016 0.011500065  0.0252091949  0.044263524  0.06969838 1.00  3200
mu.R[1]          0.094239519 0.086761487  0.0020802599  0.069447919  0.31416381 1.01  1421
mu.R[2]          0.301067330 0.101431900  0.1234033880  0.294200935  0.51317524 1.00  3350
mu.R[3]          0.292898857 0.086872525  0.1416886426  0.285282202  0.47626899 1.02  3208
mu.R[4]          0.275126913 0.073333249  0.1454894103  0.272243714  0.42785413 1.02  2752
mu.R[5]          0.124861940 0.038864704  0.0592053889  0.121495972  0.20909117 1.00  3031
mu.phi[1]        0.969793782 0.014820152  0.9334916031  0.972493327  0.99052816 1.00  1747
mu.phi[2]        0.962090478 0.013907885  0.9295643980  0.963964554  0.98321539 1.00  1270
mu.phi[3]        0.965581123 0.011129374  0.9393503229  0.967062283  0.98307176 1.00  1032
mu.phi[4]        0.918252463 0.025175099  0.8592711430  0.921120168  0.95894949 1.00   694
mu.phi[5]        0.805550856 0.042141081  0.7151484344  0.809441918  0.87758530 1.01   587
mu.rO            0.959254719 0.020016579  0.9110067871  0.962428292  0.98855570 1.00  2677
mu.rR            0.890700148 0.052283250  0.7685382113  0.897652103  0.97129508 1.00  2694
sigma.M          0.109648164 0.084040692  0.0159640782  0.087819020  0.33651130 1.96    31
sigma.R          0.164587618 0.209008476  0.0028511759  0.104358682  0.76958002 2.07    24
sigma.phi        0.914845938 0.152079849  0.6433718811  0.906609774  1.24443375 1.01   372
sigma.rO         0.115281856 0.090314164  0.0059670103  0.091740184  0.35257914 1.12    65
sigma.rR         0.114046951 0.113627402  0.0104654069  0.080574989  0.45054455 1.30    61
veg[1]          -0.285262455 0.952790297 -2.1348264366 -0.303180581  1.61739261 1.00  2640
veg[2]           1.786000000 0.000000000  1.7860000000  1.786000000  1.78600000  NaN     0
veg[3]           2.190000000 0.000000000  2.1900000000  2.190000000  2.19000000  NaN     0
veg[4]           1.651000000 0.000000000  1.6510000000  1.651000000  1.65100000  NaN     0
veg[5]          -0.549000000 0.000000000 -0.5490000000 -0.549000000 -0.54900000  NaN     0
veg[6]          -0.447000000 0.000000000 -0.4470000000 -0.447000000 -0.44700000  NaN     0
veg[7]          -0.953000000 0.000000000 -0.9530000000 -0.953000000 -0.95300000  NaN     0
veg[8]          -0.518000000 0.000000000 -0.5180000000 -0.518000000 -0.51800000  NaN     0
veg[9]          -0.537000000 0.000000000 -0.5370000000 -0.537000000 -0.53700000  NaN     0
veg[10]         -0.664000000 0.000000000 -0.6640000000 -0.664000000 -0.66400000  NaN     0
veg[11]         -0.509000000 0.000000000 -0.5090000000 -0.509000000 -0.50900000  NaN     0
veg[12]         -0.377000000 0.000000000 -0.3770000000 -0.377000000 -0.37700000  NaN     0
veg[13]          0.075000000 0.000000000  0.0750000000  0.075000000  0.07500000  NaN     0
veg[14]         -0.243000000 0.000000000 -0.2430000000 -0.243000000 -0.24300000  NaN     0
veg[15]         -0.510000000 0.000000000 -0.5100000000 -0.510000000 -0.51000000  NaN     0
veg[16]         -0.394000000 0.000000000 -0.3940000000 -0.394000000 -0.39400000  NaN     0
veg[17]          0.007254663 0.998838957 -1.9506851238  0.015169422  1.99564238 1.00 15000
