Information and diagnostics 
=========================== 
Total iter:                       5000 
Thin:                             1 
Num chains:                       3 
Max Rhat:                         1.55 
Min n.eff:                        0 


Model summary 
============= 
                        mean          sd          2.5%          50%        97.5% Rhat n.eff
B.veg[1]        -0.083313075 0.000000000 -8.331308e-02 -0.083313075 -0.083313075  NaN     0
B.veg[2]         0.096261899 0.000000000  9.626190e-02  0.096261899  0.096261899  NaN     0
B.veg[3]        -0.136383788 0.000000000 -1.363838e-01 -0.136383788 -0.136383788  NaN     0
B.veg[4]        -0.004257300 0.000000000 -4.257300e-03 -0.004257300 -0.004257300  NaN     0
B.veg[5]         0.009025495 0.000000000  9.025495e-03  0.009025495  0.009025495  NaN     0
mean.M[1, 1]     0.016246717 0.031616375  6.690071e-05  0.004443573  0.107023778 1.00  4072
mean.M[2, 1]     0.040311179 0.053226843  5.963476e-04  0.020069226  0.197001676 1.01  3605
mean.M[3, 1]     0.090811471 0.110655965  1.079117e-03  0.046862370  0.396769492 1.00  3802
mean.M[4, 1]     0.036086699 0.058481387  3.058283e-04  0.014040895  0.218410453 1.00  3561
mean.M[5, 1]     0.050713866 0.054093282  1.323388e-03  0.032506585  0.201092202 1.00  3638
mean.M[1, 2]     0.047294054 0.048537125  1.501088e-03  0.031420524  0.184347227 1.01  3304
mean.M[2, 2]     0.285437708 0.115722860  9.059184e-02  0.278602623  0.534008383 1.00  3480
mean.M[3, 2]     0.096201090 0.073724743  8.368947e-03  0.076758017  0.289223671 1.00  3655
mean.M[4, 2]     0.031697940 0.050515518  2.558545e-04  0.012198646  0.174646237 1.00  3326
mean.M[5, 2]     0.062190981 0.066145518  1.800711e-03  0.039810115  0.243264024 1.01  3653
mean.M[1, 3]     0.219222292 0.101219085  6.118121e-02  0.208324801  0.443490995 1.00  3357
mean.M[2, 3]     0.079743697 0.049715364  1.272153e-02  0.069911541  0.202220609 1.00  3395
mean.M[3, 3]     0.021902989 0.025421910  5.915299e-04  0.012946034  0.091918141 1.01  3844
mean.M[4, 3]     0.032907487 0.051758818  2.384229e-04  0.013258373  0.184120424 1.00  3846
mean.M[5, 3]     0.132446383 0.094808505  1.432553e-02  0.110803587  0.366473291 1.01  3378
mean.M[1, 4]     0.451401050 0.140503872  1.849101e-01  0.449124446  0.730293857 1.00  3378
mean.M[2, 4]     0.035643134 0.028405648  3.127031e-03  0.027851223  0.109278327 1.00  3846
mean.M[3, 4]     0.023437499 0.025733922  6.175897e-04  0.014506845  0.095244874 1.00  3017
mean.M[4, 4]     0.020839258 0.031015137  2.111678e-04  0.009022571  0.111160986 1.01  3476
mean.M[5, 4]     0.064865518 0.068708796  2.068006e-03  0.042611098  0.257987514 1.00  3376
mean.M[1, 5]     0.363489055 0.121203593  1.510689e-01  0.354464241  0.612635891 1.00  3249
mean.M[2, 5]     0.118527929 0.061002176  2.916066e-02  0.108423596  0.260047745 1.00  3281
mean.M[3, 5]     0.030444401 0.023452829  2.996677e-03  0.024448840  0.090997935 1.00  3156
mean.M[4, 5]     0.018008052 0.025591538  1.974726e-04  0.008143709  0.090428055 1.00  3798
mean.M[5, 5]     0.052043543 0.054228094  1.611008e-03  0.034524977  0.200755405 1.00  3772
mean.M[1, 6]     0.030357462 0.069153999  6.959698e-05  0.005673441  0.239356023 1.01  3818
mean.M[2, 6]     0.048043719 0.038686174  3.688695e-03  0.037893735  0.147590979 1.00  3646
mean.M[3, 6]     0.021961169 0.016957186  2.316432e-03  0.017628090  0.068229212 1.00  3586
mean.M[4, 6]     0.072174588 0.064755150  3.793530e-03  0.053476588  0.248062706 1.00  3541
mean.M[5, 6]     0.096361075 0.102019251  2.241517e-03  0.061168789  0.385343405 1.00  3726
mean.M[1, 7]     0.540690137 0.139839161  2.655103e-01  0.545450627  0.803504704 1.00  3560
mean.M[2, 7]     0.028719653 0.037198970  4.006448e-04  0.015375774  0.134910410 1.00  3647
mean.M[3, 7]     0.033261693 0.020175678  5.799684e-03  0.029447691  0.083288065 1.01  3568
mean.M[4, 7]     0.015321896 0.021501911  2.013210e-04  0.007203360  0.075282761 1.00  3790
mean.M[5, 7]     0.097895777 0.103500394  2.182532e-03  0.062521547  0.393401146 1.01  3672
mean.M[1, 8]     0.297602873 0.186647367  3.189503e-02  0.264076670  0.715613727 1.00  3520
mean.M[2, 8]     0.126020087 0.080055933  1.972857e-02  0.111517529  0.323946257 1.00  3396
mean.M[3, 8]     0.022728751 0.017259525  2.453112e-03  0.018598057  0.068134922 1.00  3369
mean.M[4, 8]     0.068362510 0.045894796  1.006321e-02  0.058387624  0.182909997 1.00  3386
mean.M[5, 8]     0.114427049 0.123413075  2.533313e-03  0.070330882  0.450569219 1.00  3231
mean.M[1, 9]     0.262193505 0.072882405  1.329601e-01  0.256595055  0.419493938 1.00  3577
mean.M[2, 9]     0.064563193 0.051039686  5.842525e-03  0.051655973  0.197733797 1.00  3555
mean.M[3, 9]     0.076800725 0.040343755  1.873891e-02  0.069763552  0.175878289 1.00  3335
mean.M[4, 9]     0.025183013 0.022224889  1.811888e-03  0.018650710  0.084970623 1.00  3645
mean.M[5, 9]     0.205656402 0.140728155  2.091071e-02  0.177443090  0.547641613 1.00  3525
mean.M[1, 10]    0.118287217 0.082661653  1.367779e-02  0.098261587  0.326904140 1.00  3655
mean.M[2, 10]    0.049535575 0.030794696  8.335011e-03  0.042993201  0.123318599 1.00  3322
mean.M[3, 10]    0.015505970 0.016836560  5.098216e-04  0.009809208  0.064497188 1.00  3638
mean.M[4, 10]    0.009022647 0.011955780  1.384559e-04  0.004855757  0.042124728 1.00  3634
mean.M[5, 10]    0.103170394 0.072705458  1.169197e-02  0.085946090  0.279769194 1.00  3634
mean.M[1, 11]    0.039847491 0.041575526  6.792575e-04  0.026124969  0.153272836 1.00  3457
mean.M[2, 11]    0.045022893 0.028259776  8.429619e-03  0.039264100  0.113993131 1.00  3600
mean.M[3, 11]    0.018106870 0.020351488  4.809019e-04  0.011245649  0.077071435 1.00  3357
mean.M[4, 11]    0.022985301 0.019472014  1.471155e-03  0.017607675  0.075160028 1.00  3564
mean.M[5, 11]    0.029967331 0.031051135  1.202142e-03  0.019914552  0.115132143 1.00  3392
mean.M[1, 12]    0.338363958 0.091249717  1.753474e-01  0.335651492  0.524747099 1.00  3563
mean.M[2, 12]    0.180967360 0.071173725  6.614427e-02  0.172026324  0.342978406 1.00  3410
mean.M[3, 12]    0.024437375 0.018852074  2.335616e-03  0.019716752  0.072439178 1.00  3499
mean.M[4, 12]    0.010124083 0.013605007  1.808417e-04  0.005041759  0.049310338 1.01  3537
mean.M[5, 12]    0.062431340 0.035899624  1.214860e-02  0.056057778  0.149636519 1.00  3482
mean.M[1, 13]    0.193687624 0.072717638  7.450466e-02  0.185030209  0.355538353 1.00  3453
mean.M[2, 13]    0.147628247 0.054222865  6.096136e-02  0.142100421  0.268051432 1.00  3493
mean.M[3, 13]    0.034921553 0.021961972  6.281767e-03  0.030330669  0.089642416 1.01  3352
mean.M[4, 13]    0.040264276 0.035223673  2.702650e-03  0.030340951  0.133391342 1.00  3586
mean.M[5, 13]    0.087605523 0.038425139  2.829277e-02  0.081751409  0.175516167 1.00  3354
mean.M[1, 14]    0.152220238 0.074095563  3.925515e-02  0.140606634  0.325394610 1.00  3428
mean.M[2, 14]    0.032550468 0.025089955  2.824030e-03  0.026749780  0.097146774 1.00  2815
mean.M[3, 14]    0.034528898 0.021264526  6.158555e-03  0.030463967  0.086856692 1.00  3214
mean.M[4, 14]    0.012389263 0.016839969  1.535811e-04  0.006019480  0.059645022 1.00  3665
mean.M[5, 14]    0.031138098 0.022372377  3.269545e-03  0.026130500  0.088775167 1.00  3548
mean.M[1, 15]    0.157274716 0.059745331  5.811320e-02  0.151145630  0.287825779 1.00  3404
mean.M[2, 15]    0.068928110 0.035958407  1.796421e-02  0.063178053  0.155035704 1.00  3133
mean.M[3, 15]    0.030689370 0.018549934  5.718779e-03  0.027164420  0.076593505 1.00  2980
mean.M[4, 15]    0.016002149 0.023773220  2.056302e-04  0.007377010  0.085200074 1.01  3573
mean.M[5, 15]    0.040589664 0.024133766  7.901002e-03  0.036100468  0.101121061 1.00  3398
mean.M[1, 16]    0.008705748 0.014922745  6.218642e-05  0.003197563  0.051698159 1.00  4122
mean.M[2, 16]    0.122833684 0.042526959  5.189467e-02  0.119127697  0.216417539 1.00  3356
mean.M[3, 16]    0.034299641 0.020978919  5.992491e-03  0.030107220  0.084177890 1.00  3034
mean.M[4, 16]    0.009080891 0.012150836  1.409118e-04  0.004633351  0.043472773 1.01  3119
mean.M[5, 16]    0.055104371 0.027555313  1.472733e-02  0.050821999  0.119419621 1.00  3736
mean.M[1, 17]    0.175362863 0.132244268  5.475686e-03  0.147374255  0.498334241 1.00  2888
mean.M[2, 17]    0.114707575 0.041110187  4.716425e-02  0.109793555  0.205731771 1.00  3322
mean.M[3, 17]    0.068579746 0.028056826  2.375485e-02  0.065086250  0.130884759 1.00  3074
mean.M[4, 17]    0.008122050 0.010576161  1.506801e-04  0.004410607  0.038276612 1.00  3771
mean.M[5, 17]    0.030674172 0.020441963  3.093163e-03  0.026622553  0.079627601 1.00  2925
mean.Pi[1]       0.996121704 0.002114493  9.910612e-01  0.996458172  0.999208161 1.01  1605
mean.Pi[2]       0.996160262 0.002078562  9.912830e-01  0.996489197  0.999227194 1.00  1675
mean.Pi[3]       0.996128365 0.002107547  9.912052e-01  0.996452373  0.999216885 1.01  1624
mean.Pi[4]       0.996168427 0.002057403  9.913364e-01  0.996489508  0.999204068 1.00  1726
mean.Pi[5]       0.996046551 0.002215186  9.908323e-01  0.996403182  0.999196893 1.02  1430
mean.Pi[6]       0.996110693 0.002139618  9.909955e-01  0.996439574  0.999210408 1.01  1568
mean.Pi[7]       0.996152735 0.002063378  9.912177e-01  0.996487240  0.999207283 1.00  1718
mean.Pi[8]       0.996152315 0.002061583  9.911934e-01  0.996468620  0.999197439 1.00  1648
mean.Pi[9]       0.996153725 0.002073358  9.911916e-01  0.996465246  0.999214416 1.00  1735
mean.Pi[10]      0.996149429 0.002075348  9.912395e-01  0.996459884  0.999224958 1.00  1726
mean.Pi[11]      0.996135561 0.002089236  9.911177e-01  0.996462269  0.999207879 1.00  1648
mean.Pi[12]      0.996162755 0.002103489  9.911181e-01  0.996482861  0.999214091 1.01  1678
mean.Pi[13]      0.996176265 0.002057364  9.912734e-01  0.996501959  0.999220036 1.01  1732
mean.Pi[14]      0.996159530 0.002048645  9.912869e-01  0.996455566  0.999217638 1.00  1703
mean.Pi[15]      0.996114665 0.002151558  9.911267e-01  0.996439569  0.999229201 1.01  1512
mean.Pi[16]      0.996041187 0.002197823  9.909169e-01  0.996394994  0.999195220 1.02  1453
mean.Pi[17]      0.996071446 0.002164854  9.909506e-01  0.996403717  0.999199560 1.01  1608
mean.Pi[18]      0.996100397 0.002194922  9.909099e-01  0.996451899  0.999220602 1.01  1494
mean.Po[1]       0.017823361 0.004933700  9.947407e-03  0.017258205  0.028583730 1.00  3217
mean.Po[2]       0.017837660 0.005026956  9.939315e-03  0.017235361  0.028900559 1.00  2007
mean.Po[3]       0.018232025 0.005458733  1.015829e-02  0.017537623  0.030287354 1.01  1888
mean.Po[4]       0.018054096 0.004994320  1.002269e-02  0.017477973  0.029381033 1.01  2232
mean.Po[5]       0.017986030 0.005041579  1.008065e-02  0.017376759  0.029477432 1.00  2010
mean.Po[6]       0.017999232 0.005007143  1.007403e-02  0.017445223  0.029226847 1.01  2477
mean.Po[7]       0.017498251 0.004619503  9.862306e-03  0.017091714  0.027639889 1.01  2760
mean.Po[8]       0.017915654 0.004776693  1.016045e-02  0.017355229  0.028604917 1.00  2861
mean.Po[9]       0.017900812 0.004847986  1.001367e-02  0.017327251  0.028643948 1.00  1966
mean.Po[10]      0.018496558 0.005439479  1.039230e-02  0.017730368  0.031257474 1.00  1529
mean.Po[11]      0.018035460 0.005092557  1.026448e-02  0.017455770  0.028943103 1.00  2111
mean.Po[12]      0.018265466 0.004978528  1.026454e-02  0.017627834  0.029789583 1.00  2149
mean.Po[13]      0.017232796 0.004407554  9.639845e-03  0.016845801  0.026722069 1.00  2610
mean.Po[14]      0.017145511 0.004435654  9.292084e-03  0.016816999  0.026646004 1.00  2415
mean.Po[15]      0.017191767 0.004406551  9.750511e-03  0.016793641  0.026991784 1.00  2815
mean.Po[16]      0.016995739 0.004360358  9.172778e-03  0.016670373  0.026247353 1.00  2375
mean.Po[17]      0.017351622 0.004411614  9.856505e-03  0.016991104  0.026788780 1.00  2799
mean.Po[18]      0.017013659 0.004299955  9.405183e-03  0.016686906  0.026044530 1.00  3019
mean.R[1, 1]     0.160838128 0.154377414  9.527397e-03  0.110044096  0.609099065 1.00  3096
mean.R[2, 1]     0.295005426 0.210043520  2.569967e-02  0.245461915  0.804207483 1.01  3467
mean.R[3, 1]     0.106297431 0.123655724  5.458479e-03  0.063018854  0.477344062 1.02  3195
mean.R[4, 1]     0.173516991 0.165829044  1.066043e-02  0.119505288  0.634828510 1.02  3032
mean.R[5, 1]     0.153427020 0.162150822  1.106690e-02  0.092109484  0.635760998 1.03  1000
mean.R[1, 2]     0.162497237 0.161623679  9.633230e-03  0.107028151  0.645387121 1.01  3015
mean.R[2, 2]     0.292101805 0.207392776  2.854910e-02  0.244802719  0.800219028 1.00  3356
mean.R[3, 2]     0.101168873 0.114226306  5.252523e-03  0.062844926  0.438843500 1.00  3346
mean.R[4, 2]     0.173588848 0.164148901  1.014104e-02  0.119806607  0.649819577 1.01  3448
mean.R[5, 2]     0.034215752 0.039330956  1.900619e-03  0.021940242  0.141424370 1.00  3350
mean.R[1, 3]     0.132916095 0.125287896  8.856715e-03  0.092231562  0.490202244 1.01  3446
mean.R[2, 3]     0.446758541 0.224767802  8.803815e-02  0.420954137  0.897286721 1.01  2368
mean.R[3, 3]     0.102740257 0.115781972  5.392914e-03  0.064200474  0.435508956 1.00  3042
mean.R[4, 3]     0.124093794 0.112229686  8.271551e-03  0.090896111  0.434368680 1.00  3408
mean.R[5, 3]     0.038056662 0.047272223  1.645007e-03  0.023007641  0.174492033 1.01  3381
mean.R[1, 4]     0.161267264 0.153305164  1.041540e-02  0.112376905  0.598287409 1.01  3176
mean.R[2, 4]     0.356442632 0.189677911  6.934833e-02  0.327264005  0.776417472 1.00  3204
mean.R[3, 4]     0.070221467 0.069405982  4.257660e-03  0.048449613  0.260009076 1.00  3613
mean.R[4, 4]     0.172324567 0.164321263  1.072701e-02  0.117606062  0.645321265 1.01  3010
mean.R[5, 4]     0.037591638 0.044912428  1.839755e-03  0.023915178  0.165170389 1.01  3294
mean.R[1, 5]     0.161338837 0.158218726  9.099372e-03  0.108289291  0.620088059 1.01  3743
mean.R[2, 5]     0.298108808 0.209993497  2.516371e-02  0.250564783  0.806022639 1.00  2820
mean.R[3, 5]     0.442926636 0.218638330  8.853073e-02  0.429610370  0.873617365 1.03   451
mean.R[4, 5]     0.174175579 0.160907714  1.084499e-02  0.124737724  0.625952286 1.00  3350
mean.R[5, 5]     0.041107153 0.050040289  2.016627e-03  0.024973850  0.176397818 1.01  3207
mean.R[1, 6]     0.166779522 0.160259015  1.048423e-02  0.115439473  0.616333404 1.01  2568
mean.R[2, 6]     0.293272118 0.209485748  2.542665e-02  0.243522895  0.815428602 1.00  3212
mean.R[3, 6]     0.106649309 0.125467138  5.320809e-03  0.063731453  0.472502735 1.01  2992
mean.R[4, 6]     0.079899535 0.065338695  6.228723e-03  0.063604800  0.247375813 1.00  3136
mean.R[5, 6]     0.062509076 0.052097129  7.216935e-03  0.047718320  0.203594877 1.01  3450
mean.R[1, 7]     0.160227496 0.155678764  9.505614e-03  0.110601641  0.600249274 1.03  3487
mean.R[2, 7]     0.229844323 0.172360104  1.937323e-02  0.185643512  0.668221523 1.00  3467
mean.R[3, 7]     0.078782934 0.084300876  4.557597e-03  0.051540888  0.313693765 1.00  3336
mean.R[4, 7]     0.172928133 0.163355558  1.075676e-02  0.119758628  0.635657435 1.01  3406
mean.R[5, 7]     0.144766489 0.150101466  1.135758e-02  0.088793417  0.576296362 1.03   964
mean.R[1, 8]     0.163316201 0.155418894  9.672046e-03  0.114382639  0.605467061 1.01  2949
mean.R[2, 8]     0.302304247 0.212954922  2.670739e-02  0.254552063  0.805083011 1.01  3178
mean.R[3, 8]     0.252196396 0.160208211  4.484328e-02  0.216689986  0.649411094 1.01  1063
mean.R[4, 8]     0.310742679 0.138027631  9.238150e-02  0.294474770  0.618066765 1.02  2325
mean.R[5, 8]     0.081142321 0.072596552  8.531159e-03  0.059525051  0.277041889 1.01  2798
mean.R[1, 9]     0.157816128 0.151558374  1.001676e-02  0.109787284  0.591672714 1.01  3223
mean.R[2, 9]     0.293187535 0.207402449  2.672519e-02  0.246644928  0.797339547 1.01  3071
mean.R[3, 9]     0.293147542 0.183212012  4.828306e-02  0.256284010  0.731259358 1.03   778
mean.R[4, 9]     0.315208035 0.143724784  8.960237e-02  0.297029347  0.641080527 1.01  2368
mean.R[5, 9]     0.033080840 0.036182537  1.793415e-03  0.021581681  0.139131502 1.00  3243
mean.R[1, 10]    0.129391583 0.120318799  8.437193e-03  0.093324587  0.458481035 1.00  3344
mean.R[2, 10]    0.295242119 0.214549535  2.184521e-02  0.244669122  0.823554972 1.01  3451
mean.R[3, 10]    0.087631735 0.094780037  5.051824e-03  0.056077619  0.362846004 1.02  3583
mean.R[4, 10]    0.386587072 0.169675169  1.147286e-01  0.366220935  0.757495620 1.01  1542
mean.R[5, 10]    0.055581027 0.080941677  2.338389e-03  0.029282726  0.270578436 1.03  2571
mean.R[1, 11]    0.163643080 0.158663716  9.244774e-03  0.110043857  0.616019229 1.01  3138
mean.R[2, 11]    0.295625418 0.163096091  5.501402e-02  0.270022432  0.673368524 1.00  3360
mean.R[3, 11]    0.105934705 0.123067638  5.119285e-03  0.063882490  0.478405058 1.02  3495
mean.R[4, 11]    0.177052804 0.166846263  1.084797e-02  0.122335665  0.648885778 1.01  3333
mean.R[5, 11]    0.046608342 0.059493798  2.273499e-03  0.027231428  0.211947177 1.01  3485
mean.R[1, 12]    0.158947764 0.153692968  8.754449e-03  0.109690985  0.605024679 1.01  3003
mean.R[2, 12]    0.299573949 0.213834618  2.737451e-02  0.247979407  0.822406105 1.01  3035
mean.R[3, 12]    0.086679166 0.093270987  4.372485e-03  0.057739760  0.356028698 1.00  3483
mean.R[4, 12]    0.139391152 0.127941328  8.102097e-03  0.100515933  0.499023341 1.00  3349
mean.R[5, 12]    0.034039169 0.037187808  1.868076e-03  0.021826573  0.142905889 1.00  3562
mean.R[1, 13]    0.163796668 0.156033068  8.674747e-03  0.115222553  0.608432206 1.00  3326
mean.R[2, 13]    0.444433204 0.222215392  8.979362e-02  0.422280350  0.887068770 1.01  2347
mean.R[3, 13]    0.101212382 0.120653638  5.017312e-03  0.060183278  0.458624687 1.01  3099
mean.R[4, 13]    0.172679996 0.161795632  1.182197e-02  0.119693078  0.647706401 1.01  3327
mean.R[5, 13]    0.362864618 0.224254633  4.260339e-02  0.326958447  0.834738897 1.04   474
mean.R[1, 14]    0.164123376 0.156586492  1.065814e-02  0.114277535  0.614003609 1.01  3200
mean.R[2, 14]    0.193440586 0.140725846  1.623203e-02  0.164869396  0.540778091 1.00  3422
mean.R[3, 14]    0.102839499 0.119248418  5.156028e-03  0.061246737  0.446719105 1.01  3211
mean.R[4, 14]    0.321126952 0.212880766  4.198442e-02  0.268443795  0.822321732 1.01  1737
mean.R[5, 14]    0.068493880 0.059696182  8.002317e-03  0.050867830  0.229881835 1.00  2792
mean.R[1, 15]    0.163357339 0.159701331  9.565995e-03  0.111216648  0.624894541 1.01  3185
mean.R[2, 15]    0.446157708 0.219063775  9.038456e-02  0.423444340  0.886081450 1.00  2059
mean.R[3, 15]    0.090809069 0.098101338  4.831933e-03  0.058468868  0.376132227 1.00  3302
mean.R[4, 15]    0.175084909 0.161985859  1.049709e-02  0.124216141  0.634270459 1.01  2931
mean.R[5, 15]    0.042500286 0.052324271  2.278937e-03  0.024556677  0.200176548 1.01  3848
mean.R[1, 16]    0.165027226 0.158215559  8.600034e-03  0.114796369  0.622492133 1.00  3168
mean.R[2, 16]    0.442819117 0.224796901  8.179356e-02  0.419494613  0.898877915 1.01  2260
mean.R[3, 16]    0.103590814 0.121376986  5.104566e-03  0.062243525  0.466159507 1.02  2783
mean.R[4, 16]    0.122970445 0.111997476  8.079558e-03  0.089641142  0.426285550 1.01  3367
mean.R[5, 16]    0.051125897 0.070087910  1.972689e-03  0.027657356  0.252099423 1.02  3272
mean.R[1, 17]    0.163884316 0.158418696  9.473110e-03  0.112035113  0.620219028 1.00  2975
mean.R[2, 17]    0.303126258 0.212726642  2.633633e-02  0.253945490  0.821474870 1.00  2997
mean.R[3, 17]    0.103466617 0.120559852  5.034433e-03  0.062284080  0.454914511 1.00  3335
mean.R[4, 17]    0.176266538 0.166570866  1.033357e-02  0.122134198  0.655255575 1.01  3204
mean.R[5, 17]    0.054718361 0.079747570  2.352815e-03  0.028805043  0.282419296 1.03  2693
mean.phi[1, 1]   0.953542738 0.046387429  8.280043e-01  0.968377095  0.996371705 1.00  3969
mean.phi[2, 1]   0.976528243 0.026230796  9.066063e-01  0.984671614  0.998488209 1.01  3314
mean.phi[3, 1]   0.976366177 0.029259216  8.935837e-01  0.985859929  0.998507965 1.02  3373
mean.phi[4, 1]   0.947254413 0.050908161  8.090671e-01  0.963951602  0.995880708 1.01  3323
mean.phi[5, 1]   0.885192522 0.067020769  7.217582e-01  0.897108552  0.976664766 1.01  3220
mean.phi[1, 2]   0.963717207 0.030634432  8.814870e-01  0.972877349  0.996164124 1.00  3869
mean.phi[2, 2]   0.981706585 0.019636581  9.298823e-01  0.987692384  0.998680398 1.00  3650
mean.phi[3, 2]   0.978344957 0.022122544  9.184264e-01  0.985384632  0.998283779 1.00  3452
mean.phi[4, 2]   0.952933440 0.044605425  8.302240e-01  0.966683312  0.995773939 1.00  2910
mean.phi[5, 2]   0.661599854 0.105939962  4.394426e-01  0.666828417  0.848312384 1.00  3601
mean.phi[1, 3]   0.936968368 0.045039832  8.165666e-01  0.948467416  0.990023266 1.00  3835
mean.phi[2, 3]   0.972574001 0.022256503  9.149318e-01  0.978691333  0.996699028 1.00  3760
mean.phi[3, 3]   0.981941413 0.016577328  9.385028e-01  0.986848960  0.998462397 1.00  3526
mean.phi[4, 3]   0.858720104 0.089693639  6.342109e-01  0.879324055  0.974820767 1.00  3555
mean.phi[5, 3]   0.747133459 0.099636429  5.240779e-01  0.757447416  0.905406121 1.00  3651
mean.phi[1, 4]   0.957968144 0.038079909  8.529258e-01  0.969454336  0.996072488 1.00  3563
mean.phi[2, 4]   0.961972536 0.025489723  8.965192e-01  0.968148522  0.993052634 1.00  3710
mean.phi[3, 4]   0.938396961 0.034671613  8.535656e-01  0.944657905  0.985418381 1.00  3543
mean.phi[4, 4]   0.961372062 0.034247895  8.710229e-01  0.971287374  0.995904767 1.00  2841
mean.phi[5, 4]   0.732493203 0.105501081  4.983566e-01  0.745128194  0.904851226 1.00  3316
mean.phi[1, 5]   0.966779340 0.030170321  8.839006e-01  0.975833476  0.996555191 1.00  3499
mean.phi[2, 5]   0.982502786 0.016660723  9.362307e-01  0.987485699  0.998479107 1.01  3414
mean.phi[3, 5]   0.959216400 0.022966034  9.030049e-01  0.964176478  0.990372708 1.00  3948
mean.phi[4, 5]   0.964668161 0.030388894  8.846962e-01  0.973644898  0.996208499 1.00  3268
mean.phi[5, 5]   0.810179754 0.084012382  6.133044e-01  0.822059772  0.941648427 1.00  3654
mean.phi[1, 6]   0.936623675 0.073125623  7.209089e-01  0.960805734  0.995804280 1.00  2865
mean.phi[2, 6]   0.982800666 0.016376522  9.386244e-01  0.987862948  0.998515327 1.00  3421
mean.phi[3, 6]   0.990225359 0.008544414  9.665705e-01  0.992668643  0.998964274 1.01  3308
mean.phi[4, 6]   0.724016397 0.091836006  5.265217e-01  0.730707614  0.880823425 1.00  3058
mean.phi[5, 6]   0.425000592 0.110540287  2.192028e-01  0.422270196  0.645130324 1.00  3269
mean.phi[1, 7]   0.963250572 0.034586586  8.697828e-01  0.974192738  0.996620105 1.01  3419
mean.phi[2, 7]   0.957552926 0.035651909  8.601677e-01  0.967402636  0.995609895 1.00  3675
mean.phi[3, 7]   0.976487657 0.014755320  9.398251e-01  0.979606103  0.995148086 1.00  3798
mean.phi[4, 7]   0.968489507 0.026651858  8.946803e-01  0.975959579  0.996760465 1.00  3316
mean.phi[5, 7]   0.826206875 0.105348001  5.664416e-01  0.847784703  0.966779569 1.00  3570
mean.phi[1, 8]   0.949019345 0.054491393  7.902664e-01  0.967029461  0.996135485 1.00  3165
mean.phi[2, 8]   0.979107658 0.020928453  9.219007e-01  0.985412505  0.998284176 1.00  3637
mean.phi[3, 8]   0.955488939 0.021990032  9.032132e-01  0.959327678  0.986947820 1.00  3825
mean.phi[4, 8]   0.830032220 0.059825447  6.928776e-01  0.836700029  0.927549463 1.00  3993
mean.phi[5, 8]   0.536656734 0.135373824  2.761073e-01  0.537898025  0.791524587 1.00  3321
mean.phi[1, 9]   0.977936316 0.017781355  9.305051e-01  0.982725515  0.997434624 1.00  3982
mean.phi[2, 9]   0.980842921 0.018478523  9.309785e-01  0.986543223  0.998386790 1.01  3510
mean.phi[3, 9]   0.952941474 0.027806640  8.846090e-01  0.958700992  0.989631757 1.00  3334
mean.phi[4, 9]   0.876958656 0.043990417  7.784915e-01  0.881787713  0.948900482 1.00  3716
mean.phi[5, 9]   0.556712671 0.119924283  3.158819e-01  0.560815111  0.784549647 1.00  3265
mean.phi[1, 10]  0.936857484 0.047996080  8.104961e-01  0.950077158  0.991432403 1.01  3430
mean.phi[2, 10]  0.986296432 0.012380353  9.548419e-01  0.989770765  0.998751038 1.01  3485
mean.phi[3, 10]  0.978398293 0.016988882  9.344533e-01  0.982959094  0.997032091 1.00  3619
mean.phi[4, 10]  0.913134601 0.035274999  8.340495e-01  0.918046830  0.968494217 1.01  3603
mean.phi[5, 10]  0.929692223 0.049804553  8.020745e-01  0.940778504  0.989847156 1.00  2934
mean.phi[1, 11]  0.969079648 0.026632538  8.997621e-01  0.976308086  0.996966146 1.00  3787
mean.phi[2, 11]  0.954746251 0.025018684  8.942532e-01  0.959610663  0.988965583 1.00  3845
mean.phi[3, 11]  0.986837148 0.012801297  9.514162e-01  0.990714860  0.998844613 1.01  3349
mean.phi[4, 11]  0.979129264 0.016068119  9.379357e-01  0.983295232  0.997447553 1.00  3150
mean.phi[5, 11]  0.925279808 0.042774393  8.185897e-01  0.934020916  0.983722126 1.00  3291
mean.phi[1, 12]  0.973683537 0.022682671  9.140974e-01  0.980461090  0.996900458 1.00  3731
mean.phi[2, 12]  0.983747745 0.014869529  9.440977e-01  0.988151818  0.998658230 1.00  3464
mean.phi[3, 12]  0.981926470 0.013488241  9.460704e-01  0.985278108  0.997394658 1.00  3650
mean.phi[4, 12]  0.962335388 0.024586164  9.000442e-01  0.967835528  0.993606291 1.00  3406
mean.phi[5, 12]  0.865759629 0.045468125  7.657247e-01  0.871047848  0.941809077 1.00  3746
mean.phi[1, 13]  0.973362436 0.021940325  9.167305e-01  0.979694162  0.996754114 1.00  3847
mean.phi[2, 13]  0.975658715 0.018412639  9.258239e-01  0.980594993  0.996848864 1.00  3290
mean.phi[3, 13]  0.989829880 0.008721585  9.669393e-01  0.992243535  0.998984642 1.01  3177
mean.phi[4, 13]  0.971125990 0.023186942  9.097445e-01  0.977485609  0.996868805 1.00  3433
mean.phi[5, 13]  0.928033822 0.031527794  8.544945e-01  0.932380458  0.976450814 1.00  3488
mean.phi[1, 14]  0.971253966 0.024397797  9.062679e-01  0.978279639  0.996784539 1.01  3573
mean.phi[2, 14]  0.966962692 0.021127870  9.134887e-01  0.971556477  0.993810131 1.00  3669
mean.phi[3, 14]  0.990398678 0.008327715  9.681982e-01  0.992746688  0.999004984 1.00  3413
mean.phi[4, 14]  0.955417188 0.029042035  8.828914e-01  0.962107305  0.991727173 1.00  3452
mean.phi[5, 14]  0.852675083 0.042410791  7.600282e-01  0.855992539  0.924304528 1.00  3659
mean.phi[1, 15]  0.977486469 0.018032328  9.301367e-01  0.982300687  0.997286479 1.00  4027
mean.phi[2, 15]  0.977710696 0.016498821  9.349457e-01  0.981864173  0.996664121 1.00  4000
mean.phi[3, 15]  0.985798839 0.010027120  9.599424e-01  0.988238336  0.997593251 1.00  3729
mean.phi[4, 15]  0.967821075 0.027087015  8.971296e-01  0.975293005  0.996406357 1.00  3501
mean.phi[5, 15]  0.950483791 0.023459208  8.962527e-01  0.954010319  0.985352668 1.00  3679
mean.phi[1, 16]  0.971766735 0.024032378  9.060125e-01  0.978699132  0.996822492 1.00  3703
mean.phi[2, 16]  0.979801012 0.014418045  9.422772e-01  0.983313429  0.996782660 1.00  4271
mean.phi[3, 16]  0.990577780 0.008003074  9.700540e-01  0.992732267  0.999001196 1.00  3088
mean.phi[4, 16]  0.958891171 0.022680877  9.031341e-01  0.962945334  0.990198986 1.00  3614
mean.phi[5, 16]  0.971446697 0.018073908  9.269490e-01  0.975364212  0.994806150 1.00  2757
mean.phi[1, 17]  0.954676807 0.045427268  8.311695e-01  0.968975011  0.996467776 1.00  3401
mean.phi[2, 17]  0.987698244 0.010380246  9.607940e-01  0.990713537  0.998804197 1.00  2897
mean.phi[3, 17]  0.990796616 0.008160691  9.689301e-01  0.993153939  0.999112047 1.00  3155
mean.phi[4, 17]  0.979769268 0.014859676  9.410036e-01  0.983481866  0.997235206 1.00  3125
mean.phi[5, 17]  0.973722002 0.016360627  9.328244e-01  0.976996353  0.994948856 1.01  2553
mean.rO[1]       0.959524434 0.020319203  9.118551e-01  0.962876631  0.989025587 1.00  2981
mean.rO[2]       0.959397869 0.020290104  9.114609e-01  0.962683008  0.988875637 1.00  2657
mean.rO[3]       0.959852233 0.020039225  9.124859e-01  0.963114527  0.988858186 1.00  2687
mean.rO[4]       0.959690810 0.020116206  9.120865e-01  0.962938171  0.988722886 1.00  2714
mean.rO[5]       0.959850352 0.019920268  9.127714e-01  0.963243161  0.989024879 1.00  2702
mean.rO[6]       0.959328796 0.020799890  9.097683e-01  0.963098634  0.988811668 1.00  2193
mean.rO[7]       0.959899588 0.019796412  9.131968e-01  0.963093080  0.988880748 1.00  2751
mean.rO[8]       0.959678176 0.020239590  9.120022e-01  0.962872490  0.989197624 1.00  2642
mean.rO[9]       0.959898745 0.019774502  9.137643e-01  0.962965625  0.988900971 1.00  2795
mean.rO[10]      0.959756738 0.019881565  9.141858e-01  0.962884482  0.988952102 1.00  2749
mean.rO[11]      0.959578514 0.020195166  9.117074e-01  0.962952420  0.988749034 1.00  2631
mean.rO[12]      0.959635611 0.020224260  9.111575e-01  0.963260956  0.988872886 1.00  2626
mean.rO[13]      0.959410447 0.020208969  9.120461e-01  0.962581327  0.988942281 1.00  2661
mean.rO[14]      0.959405920 0.020133483  9.116368e-01  0.962798895  0.988704973 1.00  2755
mean.rO[15]      0.959874664 0.019975504  9.126185e-01  0.963040039  0.988860775 1.00  2668
mean.rO[16]      0.959621526 0.019918301  9.127263e-01  0.962698842  0.988920057 1.00  2689
mean.rO[17]      0.959597677 0.020025208  9.125419e-01  0.962783472  0.988877286 1.00  2717
mean.rO[18]      0.959179244 0.020553536  9.101737e-01  0.962456276  0.988831293 1.00  2613
mean.rR[1]       0.892316674 0.051519445  7.720015e-01  0.899481134  0.969265207 1.00  2754
mean.rR[2]       0.892712895 0.051209002  7.730859e-01  0.899899738  0.969328444 1.00  2652
mean.rR[3]       0.892493443 0.051707362  7.713546e-01  0.899870103  0.968970705 1.00  2616
mean.rR[4]       0.892747822 0.051090460  7.700249e-01  0.899899446  0.969121851 1.00  2697
mean.rR[5]       0.892155728 0.051703930  7.715322e-01  0.899179774  0.969302342 1.01  2627
mean.rR[6]       0.892898987 0.051385220  7.706046e-01  0.900314130  0.969540912 1.00  2648
mean.rR[7]       0.892950833 0.051201590  7.701129e-01  0.899892187  0.969355946 1.00  2602
mean.rR[8]       0.892412605 0.051255361  7.724810e-01  0.899231256  0.969094826 1.00  2696
mean.rR[9]       0.892745093 0.050875571  7.735489e-01  0.899804891  0.968944018 1.00  2707
mean.rR[10]      0.893098352 0.050784575  7.728554e-01  0.900043184  0.968669002 1.00  2698
mean.rR[11]      0.892901197 0.050907374  7.730546e-01  0.900289837  0.969594810 1.00  2680
mean.rR[12]      0.892488824 0.051545303  7.708350e-01  0.899313149  0.969183164 1.00  2693
mean.rR[13]      0.892784315 0.051056134  7.743165e-01  0.899512426  0.969595624 1.00  2682
mean.rR[14]      0.892637738 0.051102272  7.717611e-01  0.899792120  0.969142677 1.00  2682
mean.rR[15]      0.892294894 0.051415225  7.727219e-01  0.899516995  0.968824967 1.00  2641
mean.rR[16]      0.892088835 0.051393034  7.716971e-01  0.899314646  0.969144792 1.00  2697
mean.rR[17]      0.892552317 0.051523249  7.726975e-01  0.899707835  0.969320222 1.00  2648
mean.rR[18]      0.892043427 0.051350097  7.716892e-01  0.899330715  0.969073533 1.00  2706
mu.M[1]          0.006755997 0.000000000  6.755997e-03  0.006755997  0.006755997  NaN     0
mu.M[2]          0.079678881 0.000000000  7.967888e-02  0.079678881  0.079678881  NaN     0
mu.M[3]          0.144959491 0.000000000  1.449595e-01  0.144959491  0.144959491  NaN     0
mu.M[4]          0.029010683 0.000000000  2.901068e-02  0.029010683  0.029010683  NaN     0
mu.M[5]          0.379621579 0.000000000  3.796216e-01  0.379621579  0.379621579  NaN     0
mu.Pi            0.996151038 0.002017329  9.913325e-01  0.996446068  0.999184411 1.00  1635
mu.Po            0.017608245 0.003990973  1.061449e-02  0.017289950  0.026239226 1.00  3182
mu.R[1]          0.110251677 0.000000000  1.102517e-01  0.110251677  0.110251677  NaN     0
mu.R[2]          0.245833965 0.000000000  2.458340e-01  0.245833965  0.245833965  NaN     0
mu.R[3]          0.062913423 0.000000000  6.291342e-02  0.062913423  0.062913423  NaN     0
mu.R[4]          0.120903613 0.000000000  1.209036e-01  0.120903613  0.120903613  NaN     0
mu.R[5]          0.028748680 0.000000000  2.874868e-02  0.028748680  0.028748680  NaN     0
mu.phi[1]        0.953905481 0.019223852  9.093360e-01  0.956947829  0.981919432 1.00  1165
mu.phi[2]        0.980056303 0.008269613  9.590788e-01  0.981455510  0.991939230 1.00   977
mu.phi[3]        0.983370157 0.006584120  9.676035e-01  0.984374110  0.993181223 1.01   733
mu.phi[4]        0.950010029 0.017115014  9.096286e-01  0.952082041  0.977102873 1.02   598
mu.phi[5]        0.839562922 0.038830112  7.541645e-01  0.843195954  0.904054645 1.01   496
mu.rO            0.959791267 0.019386264  9.147098e-01  0.962815731  0.988514505 1.00  2710
mu.rR            0.892802136 0.050339388  7.736590e-01  0.899306389  0.968601056 1.00  2694
sigma.M          2.233137327 0.190026177  1.885960e+00  2.223251041  2.622710795 1.00  1299
sigma.Pi         0.090418609 0.093764842  3.324517e-03  0.060507753  0.327310596 1.55    81
sigma.Po         0.109398641 0.099997819  7.508699e-03  0.082092559  0.380445751 1.04    74
sigma.R          1.232596517 0.309850661  5.782208e-01  1.222256009  1.835618885 1.09   134
sigma.phi        1.085793273 0.152429528  8.137955e-01  1.075680089  1.402464795 1.01   468
sigma.rO         0.099850146 0.087318506  9.160472e-03  0.070450949  0.332240406 1.21    76
sigma.rR         0.074206359 0.068447217  4.083785e-03  0.052800030  0.261118095 1.15    63
veg[1]          -0.015070457 0.991361500 -1.955878e+00 -0.027433826  1.934506377 1.00  3406
veg[2]           1.786000000 0.000000000  1.786000e+00  1.786000000  1.786000000  NaN     0
veg[3]           2.190000000 0.000000000  2.190000e+00  2.190000000  2.190000000  NaN     0
veg[4]           1.651000000 0.000000000  1.651000e+00  1.651000000  1.651000000  NaN     0
veg[5]          -0.549000000 0.000000000 -5.490000e-01 -0.549000000 -0.549000000  NaN     0
veg[6]          -0.447000000 0.000000000 -4.470000e-01 -0.447000000 -0.447000000  NaN     0
veg[7]          -0.953000000 0.000000000 -9.530000e-01 -0.953000000 -0.953000000  NaN     0
veg[8]          -0.518000000 0.000000000 -5.180000e-01 -0.518000000 -0.518000000  NaN     0
veg[9]          -0.537000000 0.000000000 -5.370000e-01 -0.537000000 -0.537000000  NaN     0
veg[10]         -0.664000000 0.000000000 -6.640000e-01 -0.664000000 -0.664000000  NaN     0
veg[11]         -0.509000000 0.000000000 -5.090000e-01 -0.509000000 -0.509000000  NaN     0
veg[12]         -0.377000000 0.000000000 -3.770000e-01 -0.377000000 -0.377000000  NaN     0
veg[13]          0.075000000 0.000000000  7.500000e-02  0.075000000  0.075000000  NaN     0
veg[14]         -0.243000000 0.000000000 -2.430000e-01 -0.243000000 -0.243000000  NaN     0
veg[15]         -0.510000000 0.000000000 -5.100000e-01 -0.510000000 -0.510000000  NaN     0
veg[16]         -0.394000000 0.000000000 -3.940000e-01 -0.394000000 -0.394000000  NaN     0
veg[17]         -0.041977548 0.980254126 -1.953395e+00 -0.038890012  1.843517386 1.00  3399
