Information and diagnostics 
=========================== 
Total iter:                       10000 
Thin:                             1 
Num chains:                       3 
Max Rhat:                         1.18 
Min n.eff:                        122 


Model summary 
============= 
                      mean          sd       2.5%        50%     97.5% Rhat n.eff
mean.R[1, 1]    0.37829044 0.083271917 0.22309812 0.37539640 0.5510903 1.00  6560
mean.R[2, 1]    0.23906368 0.091600120 0.08629164 0.23011670 0.4403664 1.00  6275
mean.R[3, 1]    0.28041680 0.067185371 0.16098519 0.27660731 0.4226658 1.00  6106
mean.R[4, 1]    0.27069271 0.066261636 0.15192287 0.26771855 0.4110947 1.00  6308
mean.R[5, 1]    0.15199833 0.041710171 0.08213393 0.14833956 0.2430364 1.00  5614
mean.R[1, 2]    0.37863802 0.082840307 0.22385247 0.37541797 0.5496478 1.00  6613
mean.R[2, 2]    0.23929285 0.091513702 0.08699034 0.23114678 0.4412211 1.00  6280
mean.R[3, 2]    0.28072428 0.067067128 0.16101238 0.27687783 0.4239187 1.00  6207
mean.R[4, 2]    0.27099896 0.066068911 0.15085676 0.26816572 0.4105639 1.00  6511
mean.R[5, 2]    0.15212386 0.041365728 0.08210659 0.14859425 0.2428566 1.00  5733
mean.R[1, 3]    0.37602652 0.083153512 0.22084137 0.37280321 0.5479065 1.00  6526
mean.R[2, 3]    0.23723198 0.090668202 0.08577055 0.22917238 0.4379044 1.00  6476
mean.R[3, 3]    0.27834051 0.066217078 0.15967086 0.27435361 0.4186625 1.00  6443
mean.R[4, 3]    0.26870550 0.065537485 0.15036246 0.26627616 0.4062290 1.00  6445
mean.R[5, 3]    0.15071894 0.041229507 0.08087675 0.14708014 0.2405398 1.00  5465
mean.R[1, 4]    0.37544534 0.082818457 0.22275279 0.37285613 0.5450751 1.00  6575
mean.R[2, 4]    0.23690212 0.090962649 0.08592083 0.22773539 0.4370683 1.00  6351
mean.R[3, 4]    0.27793365 0.066438958 0.15856833 0.27441754 0.4197471 1.00  6302
mean.R[4, 4]    0.26830325 0.065733497 0.14968962 0.26631443 0.4053648 1.00  6285
mean.R[5, 4]    0.15040339 0.040975022 0.08085888 0.14702789 0.2398065 1.00  5943
mean.R[1, 5]    0.38178121 0.084351554 0.22569590 0.37735107 0.5567020 1.00  5927
mean.R[2, 5]    0.24172417 0.092634736 0.08862424 0.23325961 0.4475383 1.00  6267
mean.R[3, 5]    0.28335292 0.067404138 0.16340796 0.27931269 0.4253104 1.00  6098
mean.R[4, 5]    0.27363884 0.067125855 0.15345254 0.27061466 0.4127590 1.00  6261
mean.R[5, 5]    0.15392308 0.042228121 0.08282269 0.15031917 0.2467547 1.00  5348
mean.R[1, 6]    0.37106417 0.082996820 0.21764123 0.36880654 0.5410592 1.00  6450
mean.R[2, 6]    0.23361328 0.090213121 0.08352131 0.22547640 0.4320455 1.00  6367
mean.R[3, 6]    0.27414612 0.065975699 0.15480677 0.27093442 0.4123588 1.00  6118
mean.R[4, 6]    0.26451375 0.064750873 0.14550626 0.26254980 0.3984788 1.00  6278
mean.R[5, 6]    0.14795680 0.040433609 0.07937713 0.14493714 0.2342893 1.00  5037
mean.R[1, 7]    0.37539432 0.083290796 0.22023988 0.37269090 0.5453049 1.00  6493
mean.R[2, 7]    0.23675644 0.090743791 0.08606006 0.22877007 0.4371187 1.00  6362
mean.R[3, 7]    0.27773380 0.065671749 0.15827380 0.27470321 0.4149522 1.00  6476
mean.R[4, 7]    0.26819240 0.065689348 0.14981883 0.26585232 0.4050538 1.00  6537
mean.R[5, 7]    0.15036369 0.041069858 0.07996220 0.14709218 0.2398029 1.00  5752
mean.R[1, 8]    0.38173939 0.083731882 0.22622851 0.37868355 0.5537703 1.00  6451
mean.R[2, 8]    0.24159739 0.092092421 0.08924721 0.23278334 0.4432749 1.00  6313
mean.R[3, 8]    0.28317087 0.066116730 0.16488440 0.27948401 0.4223719 1.00  6581
mean.R[4, 8]    0.27341389 0.065351050 0.15530117 0.27106905 0.4100038 1.00  6775
mean.R[5, 8]    0.15379446 0.041523897 0.08324795 0.14988610 0.2452033 1.00  6064
mean.R[1, 9]    0.38046316 0.083590515 0.22569652 0.37678113 0.5524681 1.00  6493
mean.R[2, 9]    0.24072864 0.092171541 0.08768305 0.23187139 0.4457567 1.00  6342
mean.R[3, 9]    0.28214379 0.066404979 0.16369795 0.27861102 0.4219764 1.00  6477
mean.R[4, 9]    0.27234359 0.065200199 0.15481594 0.26959330 0.4086880 1.00  6807
mean.R[5, 9]    0.15306856 0.041163390 0.08302152 0.14957175 0.2439200 1.00  6288
mean.R[1, 10]   0.38009292 0.083560614 0.22473528 0.37682788 0.5531012 1.00  6452
mean.R[2, 10]   0.24034747 0.091618430 0.08830891 0.23201755 0.4404766 1.00  6347
mean.R[3, 10]   0.28184683 0.066807658 0.16261947 0.27795138 0.4228335 1.00  6435
mean.R[4, 10]   0.27211472 0.065851352 0.15348864 0.26969957 0.4103433 1.00  6641
mean.R[5, 10]   0.15294166 0.041619037 0.08221298 0.14921166 0.2450949 1.00  5778
mean.R[1, 11]   0.38021248 0.082353755 0.22717504 0.37713012 0.5485182 1.00  6731
mean.R[2, 11]   0.24048518 0.091735725 0.08874655 0.23187823 0.4410746 1.00  6512
mean.R[3, 11]   0.28209540 0.066876234 0.16125212 0.27876031 0.4230690 1.00  6377
mean.R[4, 11]   0.27241309 0.066525501 0.15245103 0.26979468 0.4117015 1.00  6506
mean.R[5, 11]   0.15307985 0.041702703 0.08227669 0.14910853 0.2451385 1.00  5760
mean.R[1, 12]   0.37924492 0.082932258 0.22448337 0.37532971 0.5481710 1.00  6598
mean.R[2, 12]   0.23978060 0.091599917 0.08725640 0.23135976 0.4404293 1.00  6357
mean.R[3, 12]   0.28121821 0.066783682 0.16054083 0.27772443 0.4217610 1.00  6304
mean.R[4, 12]   0.27148647 0.066236267 0.15373004 0.26870903 0.4127173 1.00  6403
mean.R[5, 12]   0.15231432 0.040617596 0.08308485 0.14879320 0.2412795 1.00  5993
mean.R[1, 13]   0.38647326 0.085505141 0.22871209 0.38247735 0.5635738 1.00  5803
mean.R[2, 13]   0.24538059 0.094020130 0.09004700 0.23655407 0.4522678 1.00  6220
mean.R[3, 13]   0.28745195 0.068625629 0.16584544 0.28312588 0.4339581 1.00  5816
mean.R[4, 13]   0.27771012 0.068620256 0.15623559 0.27441681 0.4242439 1.00  5516
mean.R[5, 13]   0.15659260 0.043172834 0.08486985 0.15234902 0.2513149 1.00  5394
mean.R[1, 14]   0.38238697 0.083367674 0.22673122 0.37914431 0.5549531 1.00  6582
mean.R[2, 14]   0.24216150 0.092443234 0.08891455 0.23316776 0.4466496 1.00  6281
mean.R[3, 14]   0.28388250 0.067077909 0.16339052 0.28050358 0.4258148 1.00  6340
mean.R[4, 14]   0.27406864 0.066225812 0.15526163 0.27096707 0.4120636 1.00  6494
mean.R[5, 14]   0.15413188 0.041441610 0.08335656 0.15059657 0.2441439 1.00  6170
mean.R[1, 15]   0.37530090 0.082970157 0.22004610 0.37160668 0.5457720 1.00  6525
mean.R[2, 15]   0.23672560 0.090693969 0.08539294 0.22823937 0.4375130 1.00  6394
mean.R[3, 15]   0.27775844 0.066191867 0.15875966 0.27437070 0.4171835 1.00  6363
mean.R[4, 15]   0.26814817 0.065623100 0.15018297 0.26597071 0.4056935 1.00  6410
mean.R[5, 15]   0.15028573 0.040868225 0.08063265 0.14691289 0.2400165 1.00  5280
mean.R[1, 16]   0.37460719 0.082125226 0.22209727 0.37154151 0.5430996 1.00  6665
mean.R[2, 16]   0.23612975 0.090227220 0.08564951 0.22778616 0.4366660 1.00  6383
mean.R[3, 16]   0.27722451 0.066102283 0.15791393 0.27341116 0.4162623 1.00  6286
mean.R[4, 16]   0.26757716 0.065146344 0.15063122 0.26526462 0.4040886 1.00  6657
mean.R[5, 16]   0.14995016 0.040821107 0.08092642 0.14652461 0.2409000 1.00  5636
mean.R[1, 17]   0.37810342 0.083796606 0.22060784 0.37442432 0.5503846 1.00  6457
mean.R[2, 17]   0.23885360 0.091439296 0.08661354 0.23053953 0.4409198 1.00  6640
mean.R[3, 17]   0.28023116 0.067292750 0.15892898 0.27658787 0.4233973 1.00  6166
mean.R[4, 17]   0.27054127 0.066514889 0.14998600 0.26772500 0.4098323 1.00  6207
mean.R[5, 17]   0.15193253 0.041903836 0.08072207 0.14842357 0.2433902 1.00  5489
mean.p[1]       0.98949816 0.003356400 0.98187392 0.98991884 0.9948284 1.00  8292
mean.p[2]       0.98956004 0.003295950 0.98221635 0.98995150 0.9948345 1.00  5028
mean.p[3]       0.98963937 0.003233063 0.98229758 0.99000772 0.9948872 1.00  5097
mean.p[4]       0.98966368 0.003236587 0.98233940 0.98998826 0.9949634 1.00  5164
mean.p[5]       0.98943025 0.003325166 0.98189563 0.98981971 0.9947358 1.00  4869
mean.p[6]       0.98974314 0.003129778 0.98271973 0.99004802 0.9949186 1.00  5560
mean.p[7]       0.98929341 0.003361760 0.98164828 0.98970036 0.9946220 1.00  5344
mean.p[8]       0.98947982 0.003239621 0.98198592 0.98985679 0.9946715 1.00  5804
mean.p[9]       0.98945193 0.003287847 0.98205527 0.98982258 0.9946948 1.00  5143
mean.p[10]      0.98959803 0.003213803 0.98237659 0.98995091 0.9948272 1.00  5490
mean.p[11]      0.98967635 0.003228970 0.98236689 0.99002365 0.9948847 1.00  5303
mean.p[12]      0.98966420 0.003170557 0.98253918 0.98999710 0.9948725 1.00  5666
mean.p[13]      0.98950316 0.003259505 0.98212561 0.98990736 0.9947861 1.00  5474
mean.p[14]      0.98947465 0.003267330 0.98201440 0.98984876 0.9946787 1.00  5469
mean.p[15]      0.98966272 0.003242897 0.98234385 0.99003167 0.9949079 1.00  4837
mean.p[16]      0.98944345 0.003310797 0.98191277 0.98986192 0.9947473 1.00  5463
mean.p[17]      0.98951780 0.003229995 0.98226823 0.98991586 0.9947430 1.00  5451
mean.p[18]      0.98980959 0.003170602 0.98281713 0.99015003 0.9950764 1.00  5259
mean.phi[1, 1]  0.77683616 0.105179478 0.51776945 0.79655286 0.9259389 1.00  4143
mean.phi[2, 1]  0.92568067 0.044203059 0.81569397 0.93479349 0.9823000 1.00  6844
mean.phi[3, 1]  0.92755216 0.043154131 0.81515120 0.93688807 0.9821189 1.00  6560
mean.phi[4, 1]  0.89270794 0.057587863 0.75133772 0.90341509 0.9717910 1.00  5881
mean.phi[5, 1]  0.78474838 0.079682084 0.61086209 0.79219424 0.9180052 1.00  3311
mean.phi[1, 2]  0.81878343 0.080509085 0.62392410 0.83167079 0.9378076 1.00  5977
mean.phi[2, 2]  0.92147203 0.048172563 0.79768187 0.93160358 0.9823192 1.00  6566
mean.phi[3, 2]  0.93754458 0.034952263 0.85180222 0.94435606 0.9837157 1.00  5744
mean.phi[4, 2]  0.89753564 0.052086795 0.77073242 0.90631455 0.9722038 1.00  5715
mean.phi[5, 2]  0.59512534 0.095197327 0.40077359 0.59907674 0.7678069 1.00  6522
mean.phi[1, 3]  0.89324778 0.046865844 0.78392274 0.89973138 0.9647672 1.00  6078
mean.phi[2, 3]  0.92574499 0.044888408 0.81200957 0.93609052 0.9828706 1.00  6578
mean.phi[3, 3]  0.93328287 0.032873029 0.85296296 0.93912649 0.9794925 1.00  6180
mean.phi[4, 3]  0.84367689 0.070459259 0.67221296 0.85621061 0.9454530 1.00  5642
mean.phi[5, 3]  0.67680545 0.091821955 0.48133670 0.68223042 0.8408650 1.00  7058
mean.phi[1, 4]  0.81049947 0.075196580 0.63699712 0.82066898 0.9275038 1.00  6376
mean.phi[2, 4]  0.93117151 0.035173221 0.84473900 0.93770587 0.9804637 1.00  6711
mean.phi[3, 4]  0.89098403 0.044087714 0.78760706 0.89785849 0.9573034 1.00  6619
mean.phi[4, 4]  0.91103763 0.044338256 0.80708376 0.91832087 0.9757598 1.00  5609
mean.phi[5, 4]  0.66564005 0.093935926 0.46567521 0.67080940 0.8328270 1.00  7020
mean.phi[1, 5]  0.87179089 0.066142242 0.71156767 0.88341116 0.9652635 1.00  6264
mean.phi[2, 5]  0.93065542 0.039298728 0.83253983 0.93826351 0.9831407 1.00  6301
mean.phi[3, 5]  0.91865144 0.030948130 0.84605533 0.92289052 0.9668759 1.00  7312
mean.phi[4, 5]  0.91715413 0.040800264 0.82242542 0.92287430 0.9772417 1.00  3958
mean.phi[5, 5]  0.72650349 0.083150474 0.54983920 0.73196365 0.8715581 1.00  6776
mean.phi[1, 6]  0.88376722 0.059594549 0.74114484 0.89398618 0.9682518 1.00  5920
mean.phi[2, 6]  0.92391147 0.046106107 0.80498202 0.93369247 0.9821667 1.00  6693
mean.phi[3, 6]  0.94367450 0.023400336 0.88970838 0.94670436 0.9799107 1.00  6686
mean.phi[4, 6]  0.75182421 0.080301690 0.57138136 0.76130754 0.8820813 1.00  3319
mean.phi[5, 6]  0.44836582 0.104889149 0.24745763 0.44851377 0.6509836 1.00  2220
mean.phi[1, 7]  0.85437671 0.079125647 0.65982626 0.86965675 0.9621395 1.00  6023
mean.phi[2, 7]  0.90681417 0.051929139 0.77337096 0.91802378 0.9752497 1.00  7035
mean.phi[3, 7]  0.92542211 0.027595450 0.86235201 0.92885091 0.9693855 1.00  7668
mean.phi[4, 7]  0.89807596 0.045270308 0.79258264 0.90450843 0.9669622 1.00  6137
mean.phi[5, 7]  0.69622108 0.107629840 0.46325790 0.70423361 0.8836238 1.00  5725
mean.phi[1, 8]  0.87654026 0.064025771 0.72057712 0.88731620 0.9673802 1.00  6029
mean.phi[2, 8]  0.88475332 0.073548353 0.69114995 0.90304634 0.9716692 1.00  4935
mean.phi[3, 8]  0.88048522 0.039763391 0.79067908 0.88533720 0.9437145 1.00  5790
mean.phi[4, 8]  0.76424453 0.070484979 0.61206595 0.77114653 0.8835079 1.00  3012
mean.phi[5, 8]  0.52650323 0.113772345 0.29431753 0.53082756 0.7363116 1.00  4847
mean.phi[1, 9]  0.86052809 0.074053342 0.67682361 0.87471767 0.9627948 1.00  6187
mean.phi[2, 9]  0.92546875 0.044691023 0.80975658 0.93524587 0.9822980 1.00  6335
mean.phi[3, 9]  0.89963518 0.044279226 0.79379811 0.90759542 0.9631878 1.00  6498
mean.phi[4, 9]  0.81839931 0.053486425 0.70025216 0.82415803 0.9069455 1.00  7023
mean.phi[5, 9]  0.47627042 0.117300232 0.23920325 0.48051165 0.6937217 1.00  2712
mean.phi[1, 10] 0.89135376 0.042690084 0.79308046 0.89610826 0.9597110 1.00  6371
mean.phi[2, 10] 0.91904600 0.051664162 0.78523370 0.93101035 0.9821205 1.00  6539
mean.phi[3, 10] 0.92608086 0.037565945 0.83276510 0.93297423 0.9783783 1.00  6691
mean.phi[4, 10] 0.86514515 0.044830895 0.76361536 0.87036670 0.9378129 1.00  7656
mean.phi[5, 10] 0.75084747 0.098508642 0.53936427 0.75919590 0.9166400 1.00  4633
mean.phi[1, 11] 0.72750837 0.099303546 0.50179138 0.74045873 0.8824619 1.00  2721
mean.phi[2, 11] 0.92090084 0.036005163 0.83548121 0.92674166 0.9742536 1.00  7797
mean.phi[3, 11] 0.92170510 0.040027684 0.82187667 0.92927136 0.9770228 1.00  6674
mean.phi[4, 11] 0.91730004 0.036229592 0.83331828 0.92226064 0.9735143 1.00  5042
mean.phi[5, 11] 0.77582094 0.082912110 0.59815623 0.78214092 0.9172698 1.00  4604
mean.phi[1, 12] 0.79842686 0.074100708 0.62702146 0.80819144 0.9152346 1.00  6749
mean.phi[2, 12] 0.92579347 0.045259314 0.81016686 0.93581702 0.9827688 1.00  6464
mean.phi[3, 12] 0.91571414 0.034731726 0.83300376 0.92059428 0.9678297 1.00  7367
mean.phi[4, 12] 0.87513967 0.052490119 0.75307252 0.88253471 0.9560136 1.00  6603
mean.phi[5, 12] 0.63401211 0.077315868 0.47725629 0.63599099 0.7761791 1.00  7300
mean.phi[1, 13] 0.87783896 0.055699018 0.74516640 0.88600415 0.9618265 1.00  6263
mean.phi[2, 13] 0.93325334 0.038178377 0.83674790 0.94086969 0.9840656 1.00  5901
mean.phi[3, 13] 0.93081720 0.030037191 0.85909140 0.93521439 0.9761107 1.00  7409
mean.phi[4, 13] 0.90041257 0.050963141 0.77728270 0.90920886 0.9736552 1.00  6047
mean.phi[5, 13] 0.76268577 0.069040026 0.61771823 0.76711475 0.8830126 1.00  6088
mean.phi[1, 14] 0.88064580 0.053905043 0.75297865 0.88906686 0.9614090 1.00  6740
mean.phi[2, 14] 0.91742063 0.043211131 0.81138226 0.92591112 0.9764330 1.00  6624
mean.phi[3, 14] 0.93474636 0.028420492 0.86894089 0.93887507 0.9770035 1.00  7049
mean.phi[4, 14] 0.84246768 0.072164733 0.66817610 0.85454788 0.9460082 1.00  6411
mean.phi[5, 14] 0.56152035 0.086745434 0.38238464 0.56465818 0.7225303 1.00  5517
mean.phi[1, 15] 0.88235329 0.051866521 0.76018224 0.88959901 0.9614940 1.00  6686
mean.phi[2, 15] 0.91222969 0.041410336 0.81003657 0.91963886 0.9715045 1.00  7495
mean.phi[3, 15] 0.93990105 0.024997005 0.88070244 0.94337694 0.9786322 1.00  6688
mean.phi[4, 15] 0.89252106 0.056783649 0.75194937 0.90246030 0.9712893 1.00  5971
mean.phi[5, 15] 0.68912621 0.088941694 0.50274648 0.69365169 0.8494302 1.00  6903
mean.phi[1, 16] 0.81913003 0.060484736 0.68394406 0.82529185 0.9183952 1.00  6884
mean.phi[2, 16] 0.88093861 0.055204029 0.74652327 0.89070137 0.9604055 1.00  5568
mean.phi[3, 16] 0.91344297 0.032848298 0.83715823 0.91820642 0.9644945 1.00  7634
mean.phi[4, 16] 0.89557540 0.043168840 0.79567882 0.90122515 0.9620208 1.00  6900
mean.phi[5, 16] 0.72011723 0.090581953 0.52779539 0.72519781 0.8780775 1.00  6534
mean.phi[1, 17] 0.91353361 0.041199384 0.81684590 0.91958446 0.9753092 1.00  4075
mean.phi[2, 17] 0.94319118 0.030552122 0.86766063 0.94875831 0.9856295 1.00  5990
mean.phi[3, 17] 0.95812685 0.020580802 0.91000511 0.96142640 0.9882061 1.00  2630
mean.phi[4, 17] 0.92873388 0.034999414 0.84613773 0.93472790 0.9800516 1.00  2751
mean.phi[5, 17] 0.79580726 0.081852025 0.61672630 0.80300788 0.9322489 1.00  2392
mu.R[1]         0.37783875 0.079980280 0.22756276 0.37492966 0.5407052 1.00  6724
mu.R[2]         0.23841889 0.089472647 0.08931301 0.23083168 0.4336628 1.00  6505
mu.R[3]         0.27975916 0.063601444 0.16427182 0.27624919 0.4130359 1.00  6591
mu.R[4]         0.27003627 0.062797208 0.15485928 0.26813090 0.4005054 1.00  6835
mu.R[5]         0.15139111 0.039077167 0.08396073 0.14815889 0.2365275 1.00  6068
mu.p            0.98961743 0.002860106 0.98325683 0.98991100 0.9944382 1.00  6144
mu.phi[1]       0.86216518 0.029318939 0.79767394 0.86425420 0.9136868 1.00  3100
mu.phi[2]       0.92488163 0.021875351 0.87515698 0.92738597 0.9606499 1.00  4012
mu.phi[3]       0.93001512 0.014826254 0.89710334 0.93122336 0.9560793 1.00  2514
mu.phi[4]       0.88355330 0.023780071 0.83325740 0.88454751 0.9257887 1.00  2365
mu.phi[5]       0.67051928 0.040699458 0.58942384 0.67055165 0.7486535 1.00  2478
sigma.R         0.08406997 0.073021311 0.00178680 0.06510248 0.2707545 1.18   122
sigma.p         0.11968818 0.093974909 0.02107540 0.09044073 0.3706145 1.01   141
sigma.phi       0.60533054 0.131615350 0.35327544 0.60430243 0.8695226 1.00   396
