Information and diagnostics 
=========================== 
Total iter:                       10000 
Thin:                             1 
Num chains:                       3 
Max Rhat:                         1.02 
Min n.eff:                        84 


Model summary 
============= 
                     mean          sd        2.5%        50%     97.5% Rhat n.eff
mean.R[1, 1]    0.3831752 0.126128950 0.163382826 0.37582492 0.6470218 1.00  5472
mean.R[2, 1]    0.2561001 0.113853234 0.074625695 0.24191862 0.5162995 1.00  4189
mean.R[3, 1]    0.3267866 0.097527559 0.155879308 0.32145346 0.5353445 1.00  3818
mean.R[4, 1]    0.2902077 0.080234164 0.153658871 0.28314815 0.4618662 1.01  3652
mean.R[5, 1]    0.1399370 0.049174834 0.065399356 0.13392645 0.2487458 1.02  2647
mean.R[1, 2]    0.3725057 0.123285331 0.153939980 0.36601150 0.6267117 1.00  6083
mean.R[2, 2]    0.2469085 0.107729224 0.072940441 0.23458544 0.4869755 1.00  5973
mean.R[3, 2]    0.3165343 0.092929127 0.148279753 0.31207674 0.5118071 1.00  5527
mean.R[4, 2]    0.2805908 0.076132758 0.144796469 0.27611791 0.4406743 1.00  5500
mean.R[5, 2]    0.1335147 0.041971805 0.062684742 0.13004699 0.2256901 1.00  6092
mean.R[1, 3]    0.3750278 0.122721988 0.156793663 0.36805886 0.6300299 1.00  6187
mean.R[2, 3]    0.2489301 0.108629631 0.074658237 0.23577418 0.4890275 1.00  5962
mean.R[3, 3]    0.3188628 0.092854846 0.151551585 0.31419837 0.5161074 1.00  5377
mean.R[4, 3]    0.2825982 0.074895731 0.149224522 0.27815552 0.4413694 1.00  5975
mean.R[5, 3]    0.1348723 0.042490522 0.064275558 0.13107556 0.2295069 1.00  6022
mean.R[1, 4]    0.3716835 0.122318338 0.153890200 0.36640619 0.6223512 1.00  6174
mean.R[2, 4]    0.2461339 0.107096192 0.073567320 0.23358054 0.4815099 1.00  6147
mean.R[3, 4]    0.3156601 0.091906251 0.148160960 0.31154524 0.5062100 1.00  5899
mean.R[4, 4]    0.2798239 0.075410078 0.144207716 0.27591173 0.4373995 1.00  4944
mean.R[5, 4]    0.1333165 0.042619071 0.061183632 0.12947491 0.2271067 1.00  5168
mean.R[1, 5]    0.3853462 0.124876777 0.165334714 0.37784031 0.6437798 1.00  5940
mean.R[2, 5]    0.2574300 0.111885610 0.077849997 0.24427812 0.5110828 1.00  4839
mean.R[3, 5]    0.3285742 0.093857689 0.162041993 0.32290308 0.5308810 1.00  5621
mean.R[4, 5]    0.2921734 0.079186576 0.157011985 0.28574968 0.4639289 1.00  4268
mean.R[5, 5]    0.1407308 0.046673503 0.067615413 0.13512487 0.2485930 1.00  2863
mean.R[1, 6]    0.3659186 0.122721703 0.146266410 0.36095048 0.6146942 1.00  5706
mean.R[2, 6]    0.2416654 0.106592481 0.069791602 0.22947580 0.4772894 1.00  5822
mean.R[3, 6]    0.3103628 0.093006681 0.139671904 0.30657677 0.5045286 1.00  3669
mean.R[4, 6]    0.2743685 0.073911893 0.138545087 0.27025829 0.4278501 1.00  3577
mean.R[5, 6]    0.1301525 0.041231253 0.058884118 0.12707816 0.2186805 1.00  3557
mean.R[1, 7]    0.3771567 0.123547061 0.158440752 0.37074243 0.6318875 1.00  5998
mean.R[2, 7]    0.2504256 0.108129199 0.076313797 0.23820033 0.4919583 1.00  6122
mean.R[3, 7]    0.3208106 0.092985755 0.153782258 0.31604766 0.5175382 1.00  5727
mean.R[4, 7]    0.2847636 0.076843228 0.147356886 0.28005766 0.4466489 1.00  5294
mean.R[5, 7]    0.1362116 0.043851889 0.063268808 0.13199677 0.2339061 1.00  5362
mean.R[1, 8]    0.3858007 0.123907440 0.166351918 0.37900200 0.6430889 1.00  6148
mean.R[2, 8]    0.2576680 0.111607543 0.078145449 0.24336972 0.5066229 1.00  5226
mean.R[3, 8]    0.3289736 0.093095420 0.162294732 0.32416208 0.5239512 1.00  6064
mean.R[4, 8]    0.2921611 0.075414013 0.158618218 0.28654582 0.4539329 1.00  6100
mean.R[5, 8]    0.1406585 0.044653989 0.068149579 0.13585894 0.2431643 1.00  4312
mean.R[1, 9]    0.3820420 0.122951258 0.163894084 0.37626194 0.6366501 1.00  6279
mean.R[2, 9]    0.2545217 0.109905057 0.076052839 0.24184736 0.5012845 1.00  5920
mean.R[3, 9]    0.3252508 0.091797555 0.160070137 0.32093696 0.5193847 1.00  6220
mean.R[4, 9]    0.2887249 0.074460013 0.157183395 0.28366081 0.4479040 1.00  6148
mean.R[5, 9]    0.1385109 0.043363710 0.067204726 0.13393069 0.2349927 1.00  6086
mean.R[1, 10]   0.3839542 0.124632611 0.163652015 0.37699263 0.6414566 1.00  6133
mean.R[2, 10]   0.2559754 0.110505085 0.077796712 0.24301538 0.4996957 1.00  5431
mean.R[3, 10]   0.3272706 0.094273507 0.160616467 0.32188785 0.5280478 1.00  5819
mean.R[4, 10]   0.2905459 0.076290684 0.156857024 0.28483235 0.4525117 1.00  5197
mean.R[5, 10]   0.1399344 0.046307607 0.066732338 0.13451113 0.2445191 1.00  3882
mean.R[1, 11]   0.3764931 0.122126056 0.162645412 0.36948867 0.6273565 1.00  6424
mean.R[2, 11]   0.2501780 0.108264238 0.074310918 0.23852354 0.4903377 1.00  6091
mean.R[3, 11]   0.3204020 0.092872216 0.152619988 0.31643825 0.5174089 1.00  5981
mean.R[4, 11]   0.2841356 0.075511924 0.149038615 0.27948828 0.4437537 1.00  5892
mean.R[5, 11]   0.1358493 0.043329902 0.063213999 0.13227714 0.2311320 1.00  5842
mean.R[1, 12]   0.3694579 0.122748694 0.151361847 0.36400831 0.6220314 1.00  6018
mean.R[2, 12]   0.2445017 0.107292937 0.070855838 0.23158605 0.4822543 1.00  5829
mean.R[3, 12]   0.3137265 0.092931807 0.143421917 0.30994259 0.5074380 1.00  3917
mean.R[4, 12]   0.2777885 0.075067027 0.140646000 0.27368496 0.4337152 1.00  5307
mean.R[5, 12]   0.1320154 0.041785243 0.060276202 0.12866199 0.2227710 1.00  5122
mean.R[1, 13]   0.3943836 0.127481004 0.171212703 0.38663361 0.6625567 1.00  4789
mean.R[2, 13]   0.2652436 0.117110241 0.079466022 0.25088092 0.5299233 1.00  3439
mean.R[3, 13]   0.3375883 0.099913523 0.165223560 0.33023489 0.5545966 1.00  2823
mean.R[4, 13]   0.3007050 0.084428814 0.160061690 0.29194637 0.4901235 1.00  1937
mean.R[5, 13]   0.1461267 0.051514312 0.069888667 0.13881956 0.2642979 1.01  1208
mean.R[1, 14]   0.3759460 0.122258298 0.160319005 0.36916636 0.6283169 1.00  6316
mean.R[2, 14]   0.2496965 0.108246650 0.074393842 0.23721721 0.4881506 1.00  6098
mean.R[3, 14]   0.3198884 0.093201339 0.151932469 0.31527269 0.5163919 1.00  5690
mean.R[4, 14]   0.2835496 0.075223516 0.147953958 0.27824650 0.4414117 1.00  5893
mean.R[5, 14]   0.1353330 0.042132981 0.063603618 0.13193719 0.2270041 1.00  5489
mean.R[1, 15]   0.3778321 0.124176959 0.158310820 0.37107541 0.6322130 1.00  6028
mean.R[2, 15]   0.2509445 0.108670389 0.075684778 0.23817408 0.4917119 1.00  6107
mean.R[3, 15]   0.3214239 0.093246448 0.153069763 0.31648067 0.5171484 1.00  5333
mean.R[4, 15]   0.2851704 0.076621606 0.149565602 0.28000525 0.4482952 1.00  5526
mean.R[5, 15]   0.1364482 0.043869191 0.064211190 0.13195551 0.2345446 1.00  4829
mean.R[1, 16]   0.3792297 0.124058710 0.161218563 0.37210998 0.6359321 1.00  5833
mean.R[2, 16]   0.2521540 0.109251960 0.075713658 0.23950729 0.4950605 1.00  5784
mean.R[3, 16]   0.3229343 0.095011613 0.154703470 0.31675417 0.5241255 1.00  5018
mean.R[4, 16]   0.2864594 0.077433997 0.151369746 0.28011620 0.4502580 1.00  4843
mean.R[5, 16]   0.1374613 0.045893693 0.064556506 0.13248731 0.2383911 1.01  3775
mean.R[1, 17]   0.3769356 0.123509187 0.159252592 0.36976662 0.6292486 1.00  6212
mean.R[2, 17]   0.2505995 0.109607923 0.075299986 0.23774654 0.4965400 1.00  5838
mean.R[3, 17]   0.3206616 0.093518400 0.153711386 0.31561259 0.5174593 1.00  5111
mean.R[4, 17]   0.2844436 0.076493223 0.148932293 0.27996716 0.4458178 1.00  5744
mean.R[5, 17]   0.1360782 0.044015042 0.063327142 0.13181846 0.2329806 1.00  4737
mean.p[1]       0.7036136 0.010690659 0.682209180 0.70373743 0.7245430 1.00  7056
mean.p[2]       0.7036136 0.010690659 0.682209180 0.70373743 0.7245430 1.00  7056
mean.p[3]       0.7036136 0.010690659 0.682209180 0.70373743 0.7245430 1.00  7056
mean.p[4]       0.7036136 0.010690659 0.682209180 0.70373743 0.7245430 1.00  7056
mean.p[5]       0.7036136 0.010690659 0.682209180 0.70373743 0.7245430 1.00  7056
mean.p[6]       0.7036136 0.010690659 0.682209180 0.70373743 0.7245430 1.00  7056
mean.p[7]       0.7036136 0.010690659 0.682209180 0.70373743 0.7245430 1.00  7056
mean.p[8]       0.7036136 0.010690659 0.682209180 0.70373743 0.7245430 1.00  7056
mean.p[9]       0.7036136 0.010690659 0.682209180 0.70373743 0.7245430 1.00  7056
mean.p[10]      0.7036136 0.010690659 0.682209180 0.70373743 0.7245430 1.00  7056
mean.p[11]      0.7036136 0.010690659 0.682209180 0.70373743 0.7245430 1.00  7056
mean.p[12]      0.7036136 0.010690659 0.682209180 0.70373743 0.7245430 1.00  7056
mean.p[13]      0.7036136 0.010690659 0.682209180 0.70373743 0.7245430 1.00  7056
mean.p[14]      0.7036136 0.010690659 0.682209180 0.70373743 0.7245430 1.00  7056
mean.p[15]      0.7036136 0.010690659 0.682209180 0.70373743 0.7245430 1.00  7056
mean.p[16]      0.7036136 0.010690659 0.682209180 0.70373743 0.7245430 1.00  7056
mean.p[17]      0.7036136 0.010690659 0.682209180 0.70373743 0.7245430 1.00  7056
mean.p[18]      0.7036136 0.010690659 0.682209180 0.70373743 0.7245430 1.00  7056
mean.phi[1, 1]  0.9597823 0.042805017 0.841823049 0.97320886 0.9966391 1.00  6615
mean.phi[2, 1]  0.9633002 0.036167770 0.864026524 0.97479118 0.9967481 1.00  6602
mean.phi[3, 1]  0.9682993 0.033514351 0.878099832 0.97855867 0.9970492 1.00  6029
mean.phi[4, 1]  0.9375906 0.052779718 0.796844677 0.95327258 0.9928363 1.00  5951
mean.phi[5, 1]  0.8765175 0.068322244 0.712928905 0.88841560 0.9726527 1.00  6717
mean.phi[1, 2]  0.9657656 0.034023298 0.871819621 0.97633853 0.9966863 1.00  7260
mean.phi[2, 2]  0.9632763 0.036791721 0.862383874 0.97478858 0.9966113 1.01  6307
mean.phi[3, 2]  0.9747053 0.023163510 0.915164809 0.98145469 0.9972642 1.00  6675
mean.phi[4, 2]  0.9420799 0.047057315 0.818987719 0.95534104 0.9929713 1.00  6276
mean.phi[5, 2]  0.6667832 0.104101176 0.444423806 0.67350654 0.8457409 1.00  6760
mean.phi[1, 3]  0.9563081 0.032958356 0.869775573 0.96468736 0.9936250 1.00  7422
mean.phi[2, 3]  0.9654101 0.033536739 0.872658868 0.97600768 0.9968911 1.00  6712
mean.phi[3, 3]  0.9798787 0.016999544 0.934185773 0.98453584 0.9976734 1.00  6405
mean.phi[4, 3]  0.8571957 0.085319196 0.646462929 0.87491642 0.9701266 1.00  6508
mean.phi[5, 3]  0.7505848 0.094825692 0.538112591 0.76125848 0.9059087 1.00  6991
mean.phi[1, 4]  0.9457308 0.043264368 0.832398416 0.95752675 0.9929062 1.00  6862
mean.phi[2, 4]  0.9578574 0.030908314 0.876747139 0.96574861 0.9938770 1.00  7910
mean.phi[3, 4]  0.9384560 0.034824785 0.853343013 0.94538534 0.9848496 1.00  6328
mean.phi[4, 4]  0.9529232 0.036085783 0.858263631 0.96237194 0.9939547 1.00  6105
mean.phi[5, 4]  0.7369232 0.097986480 0.523253595 0.74503836 0.9023985 1.00  7128
mean.phi[1, 5]  0.9621610 0.038590375 0.856608677 0.97405941 0.9968390 1.00  6634
mean.phi[2, 5]  0.9685454 0.028979032 0.893090290 0.97694223 0.9968183 1.00  6762
mean.phi[3, 5]  0.9549612 0.024071786 0.895503859 0.95937184 0.9880172 1.00  7482
mean.phi[4, 5]  0.9562179 0.032881297 0.871702306 0.96473297 0.9938277 1.00  6108
mean.phi[5, 5]  0.8054518 0.082728202 0.615920146 0.81595993 0.9356230 1.00  7342
mean.phi[1, 6]  0.9664385 0.031950164 0.878234642 0.97641385 0.9968505 1.00  6735
mean.phi[2, 6]  0.9613040 0.040724049 0.847164976 0.97410979 0.9966789 1.00  6718
mean.phi[3, 6]  0.9859310 0.010593697 0.958101876 0.98864594 0.9981040 1.00  6416
mean.phi[4, 6]  0.7320541 0.090268681 0.536492744 0.74085224 0.8834939 1.00  6302
mean.phi[5, 6]  0.4418416 0.110530140 0.232231527 0.43947296 0.6626845 1.00  5654
mean.phi[1, 7]  0.9552750 0.049364896 0.815948385 0.97138161 0.9966238 1.00  6482
mean.phi[2, 7]  0.9381447 0.050590411 0.802335188 0.95247410 0.9920630 1.00  7282
mean.phi[3, 7]  0.9694097 0.017792000 0.925204292 0.97322757 0.9926494 1.00  7464
mean.phi[4, 7]  0.9611548 0.029160987 0.884940526 0.96862573 0.9947404 1.00  5747
mean.phi[5, 7]  0.8215464 0.101403807 0.577718118 0.84157036 0.9624283 1.00  6724
mean.phi[1, 8]  0.9652888 0.033625473 0.873837377 0.97549237 0.9969197 1.01  6567
mean.phi[2, 8]  0.9553763 0.050314598 0.819486872 0.97113566 0.9965192 1.00  6502
mean.phi[3, 8]  0.9412901 0.027978338 0.875485526 0.94590632 0.9821512 1.00  7430
mean.phi[4, 8]  0.8307562 0.058353011 0.699721953 0.83720399 0.9266412 1.00  7465
mean.phi[5, 8]  0.5528397 0.130024351 0.291580018 0.55752173 0.7875750 1.00  5037
mean.phi[1, 9]  0.9578296 0.044876351 0.833201652 0.97203665 0.9966855 1.00  6492
mean.phi[2, 9]  0.9640868 0.035277780 0.866848970 0.97472950 0.9967035 1.00  6397
mean.phi[3, 9]  0.9304101 0.039873587 0.831739652 0.93893183 0.9833712 1.00  6803
mean.phi[4, 9]  0.8752561 0.042635248 0.781105308 0.87952360 0.9458130 1.00  7922
mean.phi[5, 9]  0.5731173 0.116815560 0.341581194 0.57603150 0.7894439 1.00  6457
mean.phi[1, 10] 0.9778175 0.018581222 0.928189881 0.98298375 0.9974748 1.00  6338
mean.phi[2, 10] 0.9576354 0.044994205 0.833141471 0.97205701 0.9965657 1.00  6424
mean.phi[3, 10] 0.9630056 0.027823057 0.891763016 0.97023582 0.9943265 1.00  6884
mean.phi[4, 10] 0.9028741 0.038337054 0.815210341 0.90824426 0.9631292 1.00  7934
mean.phi[5, 10] 0.9193671 0.051713206 0.789745405 0.93078959 0.9861313 1.00  5817
mean.phi[1, 11] 0.9093480 0.063141608 0.746219992 0.92518382 0.9852867 1.00  7334
mean.phi[2, 11] 0.9646921 0.024812507 0.901662445 0.97075927 0.9944477 1.00  7468
mean.phi[3, 11] 0.9772972 0.019610341 0.925340272 0.98283295 0.9974711 1.00  7339
mean.phi[4, 11] 0.9699000 0.021135904 0.916008515 0.97490934 0.9957356 1.00  5256
mean.phi[5, 11] 0.9183458 0.044279314 0.811002206 0.92698720 0.9795380 1.00  6169
mean.phi[1, 12] 0.9725839 0.024383033 0.906383976 0.97972156 0.9970959 1.00  7074
mean.phi[2, 12] 0.9658555 0.032255600 0.876300348 0.97571442 0.9968200 1.00  6932
mean.phi[3, 12] 0.9730249 0.018852884 0.924571674 0.97773898 0.9953869 1.00  7041
mean.phi[4, 12] 0.9397512 0.037750571 0.845646236 0.94835344 0.9881608 1.00  7157
mean.phi[5, 12] 0.8599946 0.046660455 0.756985991 0.86427826 0.9372553 1.00  7276
mean.phi[1, 13] 0.9542069 0.034839896 0.862625735 0.96322081 0.9932453 1.00  7602
mean.phi[2, 13] 0.9717512 0.024881761 0.903772972 0.97897638 0.9969641 1.00  7264
mean.phi[3, 13] 0.9838380 0.012726769 0.950101745 0.98721556 0.9979575 1.00  6268
mean.phi[4, 13] 0.9512859 0.037963749 0.852217307 0.96126238 0.9935817 1.00  6250
mean.phi[5, 13] 0.9181640 0.034947422 0.835970515 0.92301534 0.9722611 1.00  6688
mean.phi[1, 14] 0.9500240 0.039469176 0.847141878 0.96082623 0.9932485 1.00  6945
mean.phi[2, 14] 0.9524508 0.036686789 0.856427419 0.96202319 0.9934093 1.00  7099
mean.phi[3, 14] 0.9853194 0.011281818 0.956314106 0.98819586 0.9980224 1.00  6895
mean.phi[4, 14] 0.9293679 0.046197476 0.811013271 0.94019548 0.9867991 1.00  6723
mean.phi[5, 14] 0.8221889 0.049939474 0.714073315 0.82674844 0.9080701 1.00  8001
mean.phi[1, 15] 0.9735494 0.022998134 0.912768387 0.98028626 0.9972271 1.00  6796
mean.phi[2, 15] 0.9564598 0.031969063 0.872332854 0.96454874 0.9934065 1.00  7548
mean.phi[3, 15] 0.9796573 0.013312863 0.945832239 0.98266625 0.9961756 1.00  7238
mean.phi[4, 15] 0.9477073 0.041197072 0.837191299 0.95902826 0.9934006 1.00  5880
mean.phi[5, 15] 0.9310156 0.031965134 0.856036216 0.93593125 0.9793164 1.00  6652
mean.phi[1, 16] 0.9778907 0.017807161 0.930698934 0.98281171 0.9973230 1.00  7254
mean.phi[2, 16] 0.9555689 0.033318131 0.869585204 0.96405689 0.9933448 1.00  7202
mean.phi[3, 16] 0.9857127 0.010906777 0.957224825 0.98852012 0.9980182 1.00  6239
mean.phi[4, 16] 0.9410956 0.031888523 0.863874624 0.94706068 0.9849400 1.00  7374
mean.phi[5, 16] 0.9584373 0.024265902 0.899347799 0.96304996 0.9915978 1.00  5088
mean.phi[1, 17] 0.9753333 0.020898290 0.919756164 0.98106135 0.9972778 1.00  7339
mean.phi[2, 17] 0.9771679 0.019056953 0.926657066 0.98236507 0.9973871 1.01  6441
mean.phi[3, 17] 0.9861040 0.010583108 0.958527056 0.98878074 0.9980831 1.00  5828
mean.phi[4, 17] 0.9689465 0.021839176 0.913563379 0.97407284 0.9953309 1.00  5074
mean.phi[5, 17] 0.9570772 0.025761458 0.892977092 0.96231001 0.9914087 1.00  4745
mean.rO[1]      0.9582189 0.020405744 0.910258428 0.96140668 0.9885412 1.00  5793
mean.rO[2]      0.9582189 0.020405744 0.910258428 0.96140668 0.9885412 1.00  5793
mean.rO[3]      0.9582189 0.020405744 0.910258428 0.96140668 0.9885412 1.00  5793
mean.rO[4]      0.9582189 0.020405744 0.910258428 0.96140668 0.9885412 1.00  5793
mean.rO[5]      0.9582189 0.020405744 0.910258428 0.96140668 0.9885412 1.00  5793
mean.rO[6]      0.9582189 0.020405744 0.910258428 0.96140668 0.9885412 1.00  5793
mean.rO[7]      0.9582189 0.020405744 0.910258428 0.96140668 0.9885412 1.00  5793
mean.rO[8]      0.9582189 0.020405744 0.910258428 0.96140668 0.9885412 1.00  5793
mean.rO[9]      0.9582189 0.020405744 0.910258428 0.96140668 0.9885412 1.00  5793
mean.rO[10]     0.9582189 0.020405744 0.910258428 0.96140668 0.9885412 1.00  5793
mean.rO[11]     0.9582189 0.020405744 0.910258428 0.96140668 0.9885412 1.00  5793
mean.rO[12]     0.9582189 0.020405744 0.910258428 0.96140668 0.9885412 1.00  5793
mean.rO[13]     0.9582189 0.020405744 0.910258428 0.96140668 0.9885412 1.00  5793
mean.rO[14]     0.9582189 0.020405744 0.910258428 0.96140668 0.9885412 1.00  5793
mean.rO[15]     0.9582189 0.020405744 0.910258428 0.96140668 0.9885412 1.00  5793
mean.rO[16]     0.9582189 0.020405744 0.910258428 0.96140668 0.9885412 1.00  5793
mean.rO[17]     0.9582189 0.020405744 0.910258428 0.96140668 0.9885412 1.00  5793
mean.rO[18]     0.9582189 0.020405744 0.910258428 0.96140668 0.9885412 1.00  5793
mean.rR[1]      0.8913281 0.051012215 0.772881758 0.89920171 0.9692875 1.00  5381
mean.rR[2]      0.8913281 0.051012215 0.772881758 0.89920171 0.9692875 1.00  5381
mean.rR[3]      0.8913281 0.051012215 0.772881758 0.89920171 0.9692875 1.00  5381
mean.rR[4]      0.8913281 0.051012215 0.772881758 0.89920171 0.9692875 1.00  5381
mean.rR[5]      0.8913281 0.051012215 0.772881758 0.89920171 0.9692875 1.00  5381
mean.rR[6]      0.8913281 0.051012215 0.772881758 0.89920171 0.9692875 1.00  5381
mean.rR[7]      0.8913281 0.051012215 0.772881758 0.89920171 0.9692875 1.00  5381
mean.rR[8]      0.8913281 0.051012215 0.772881758 0.89920171 0.9692875 1.00  5381
mean.rR[9]      0.8913281 0.051012215 0.772881758 0.89920171 0.9692875 1.00  5381
mean.rR[10]     0.8913281 0.051012215 0.772881758 0.89920171 0.9692875 1.00  5381
mean.rR[11]     0.8913281 0.051012215 0.772881758 0.89920171 0.9692875 1.00  5381
mean.rR[12]     0.8913281 0.051012215 0.772881758 0.89920171 0.9692875 1.00  5381
mean.rR[13]     0.8913281 0.051012215 0.772881758 0.89920171 0.9692875 1.00  5381
mean.rR[14]     0.8913281 0.051012215 0.772881758 0.89920171 0.9692875 1.00  5381
mean.rR[15]     0.8913281 0.051012215 0.772881758 0.89920171 0.9692875 1.00  5381
mean.rR[16]     0.8913281 0.051012215 0.772881758 0.89920171 0.9692875 1.00  5381
mean.rR[17]     0.8913281 0.051012215 0.772881758 0.89920171 0.9692875 1.00  5381
mean.rR[18]     0.8913281 0.051012215 0.772881758 0.89920171 0.9692875 1.00  5381
mu.R[1]         0.3762169 0.118846908 0.165827794 0.36999768 0.6201353 1.00  6974
mu.R[2]         0.2494511 0.105299215 0.076706793 0.23786058 0.4792890 1.00  6320
mu.R[3]         0.3197336 0.088011002 0.160783085 0.31545693 0.5055192 1.00  6349
mu.R[4]         0.2833538 0.069961888 0.157950900 0.27923187 0.4300465 1.00  6778
mu.R[5]         0.1350207 0.039399851 0.068027229 0.13167732 0.2202129 1.00  6543
mu.p            0.7036136 0.010690659 0.682209180 0.70373743 0.7245430 1.00  7056
mu.phi[1]       0.9682897 0.014179493 0.934130169 0.97079568 0.9886697 1.00  3261
mu.phi[2]       0.9675624 0.014283740 0.932966454 0.96985450 0.9884167 1.00  3014
mu.phi[3]       0.9758201 0.008383392 0.956226826 0.97683984 0.9887985 1.01  1848
mu.phi[4]       0.9367152 0.019185727 0.892875808 0.93875944 0.9675685 1.01  1411
mu.phi[5]       0.8294448 0.038151283 0.747136850 0.83241754 0.8954048 1.01  1129
mu.rO           0.9582189 0.020405744 0.910258428 0.96140668 0.9885412 1.00  5793
mu.rR           0.8913281 0.051012215 0.772881758 0.89920171 0.9692875 1.00  5381
sigma.R         0.1166230 0.115867254 0.008664741 0.07703943 0.4395778 1.02    84
sigma.phi       0.9599221 0.141866725 0.704087155 0.95137658 1.2644800 1.00   876
