Information and diagnostics 
=========================== 
Total iter:                       10000 
Thin:                             1 
Num chains:                       3 
Max Rhat:                         1.49 
Min n.eff:                        136 


Model summary 
============= 
                      mean          sd        2.5%        50%      97.5% Rhat n.eff
mean.M[1, 1]    0.09406999 0.025604216 0.046816276 0.09295804 0.14749460 1.01  4382
mean.M[2, 1]    0.11782816 0.030309634 0.061467533 0.11660645 0.18263934 1.01  4149
mean.M[3, 1]    0.03557794 0.010114245 0.017216803 0.03510166 0.05700414 1.01  3663
mean.M[4, 1]    0.01893165 0.007948811 0.006593954 0.01782669 0.03709735 1.00  4841
mean.M[5, 1]    0.04362258 0.013302842 0.019967462 0.04272658 0.07220930 1.01  4116
mean.M[1, 2]    0.10724310 0.029841251 0.061156378 0.10277748 0.18089858 1.02  2840
mean.M[2, 2]    0.13394120 0.035451848 0.079413077 0.12891628 0.21955722 1.03  2338
mean.M[3, 2]    0.04091805 0.011970881 0.022773733 0.03918909 0.06994152 1.03  2710
mean.M[4, 2]    0.02186919 0.009483774 0.008285677 0.02025787 0.04486782 1.01  4272
mean.M[5, 2]    0.05008717 0.015600820 0.026318431 0.04796919 0.08692219 1.02  3672
mean.M[1, 3]    0.09607319 0.024414093 0.052749488 0.09436696 0.14834883 1.01  5448
mean.M[2, 3]    0.12045829 0.029392879 0.067968119 0.11888160 0.18450156 1.00  5086
mean.M[3, 3]    0.03636551 0.009581402 0.019234743 0.03571581 0.05686258 1.01  4615
mean.M[4, 3]    0.01942094 0.008066425 0.007014242 0.01825799 0.03811636 1.00  5119
mean.M[5, 3]    0.04463502 0.013049969 0.022090260 0.04353719 0.07314840 1.01  5742
mean.M[1, 4]    0.08931012 0.024950818 0.042580209 0.08882757 0.14006964 1.02  1387
mean.M[2, 4]    0.11185610 0.028898860 0.056362934 0.11132428 0.17053280 1.02  1537
mean.M[3, 4]    0.03368877 0.009753944 0.015267047 0.03364241 0.05303080 1.02  1180
mean.M[4, 4]    0.01790831 0.007620051 0.006037721 0.01689976 0.03553593 1.01  3389
mean.M[5, 4]    0.04134987 0.013053915 0.017726255 0.04064267 0.06954464 1.02  1563
mean.M[1, 5]    0.09580237 0.024967992 0.051515884 0.09433902 0.14896666 1.00  4796
mean.M[2, 5]    0.11990576 0.028996947 0.067424653 0.11832219 0.18305154 1.00  4646
mean.M[3, 5]    0.03620359 0.009579510 0.018966734 0.03566153 0.05657847 1.01  4491
mean.M[4, 5]    0.01929764 0.007910977 0.007052949 0.01818942 0.03749417 1.00  5130
mean.M[5, 5]    0.04443975 0.013056510 0.021885960 0.04337443 0.07329234 1.00  5079
mean.M[1, 6]    0.09590398 0.024535562 0.052718221 0.09451024 0.14919523 1.00  5098
mean.M[2, 6]    0.12014956 0.029010134 0.067962993 0.11869611 0.18234787 1.01  5280
mean.M[3, 6]    0.03622908 0.009370835 0.019345396 0.03573034 0.05614682 1.01  4304
mean.M[4, 6]    0.01932817 0.007928573 0.007083851 0.01822820 0.03750010 1.00  5295
mean.M[5, 6]    0.04453351 0.013075938 0.022265582 0.04352138 0.07338274 1.00  4845
mean.M[1, 7]    0.09397858 0.025038286 0.048409154 0.09277315 0.14697674 1.01  4615
mean.M[2, 7]    0.11764484 0.029025257 0.063638908 0.11625333 0.17838260 1.01  3416
mean.M[3, 7]    0.03541861 0.009364338 0.018232209 0.03503221 0.05490096 1.01  3888
mean.M[4, 7]    0.01886597 0.007704341 0.006750115 0.01785037 0.03653063 1.01  5361
mean.M[5, 7]    0.04354340 0.012993228 0.021177966 0.04248477 0.07148647 1.01  4322
mean.M[1, 8]    0.10385695 0.027596850 0.059318672 0.10070629 0.16909733 1.00  4630
mean.M[2, 8]    0.12988448 0.033089222 0.077515759 0.12619510 0.20726303 1.00  3891
mean.M[3, 8]    0.03942065 0.010472455 0.022413497 0.03816292 0.06403666 1.00  4766
mean.M[4, 8]    0.02105594 0.008669710 0.008006951 0.01975045 0.04159011 1.00  5202
mean.M[5, 8]    0.04839794 0.014515043 0.025464774 0.04669969 0.08116516 1.00  5311
mean.M[1, 9]    0.10810772 0.031495695 0.061108712 0.10334456 0.18553318 1.02  2053
mean.M[2, 9]    0.13477990 0.035960079 0.079926754 0.12988317 0.22298340 1.03  1725
mean.M[3, 9]    0.04117758 0.012143664 0.023236782 0.03944006 0.07109126 1.03  2007
mean.M[4, 9]    0.02194135 0.009224383 0.008343756 0.02050076 0.04410932 1.01  4516
mean.M[5, 9]    0.05044712 0.016056489 0.026706292 0.04806517 0.08918810 1.02  3098
mean.M[1, 10]   0.09339002 0.023737026 0.050489473 0.09243984 0.14388401 1.01  3675
mean.M[2, 10]   0.11723221 0.028724348 0.064089918 0.11607346 0.17751695 1.01  4284
mean.M[3, 10]   0.03533960 0.009511653 0.017859106 0.03486643 0.05544631 1.01  3589
mean.M[4, 10]   0.01877203 0.007595486 0.006801917 0.01780615 0.03615529 1.00  4915
mean.M[5, 10]   0.04336866 0.012834072 0.020562358 0.04233510 0.07154295 1.01  4187
mean.M[1, 11]   0.09047829 0.024444423 0.045184821 0.08977056 0.14131173 1.01  2041
mean.M[2, 11]   0.11323718 0.027854943 0.059499387 0.11278398 0.17048692 1.01  2322
mean.M[3, 11]   0.03410178 0.009456548 0.016247436 0.03385329 0.05357080 1.02  1854
mean.M[4, 11]   0.01812000 0.007522269 0.006412507 0.01713307 0.03542291 1.01  4001
mean.M[5, 11]   0.04183440 0.012604109 0.019269904 0.04103854 0.06859698 1.02  2095
mean.M[1, 12]   0.10348418 0.026580368 0.060187644 0.10048411 0.16381321 1.01  4993
mean.M[2, 12]   0.12938686 0.031300387 0.078592736 0.12629502 0.20014189 1.02  4237
mean.M[3, 12]   0.03930465 0.010230440 0.022490197 0.03825500 0.06255781 1.01  4486
mean.M[4, 12]   0.02100310 0.008722963 0.008056300 0.01976703 0.04126123 1.01  4960
mean.M[5, 12]   0.04812267 0.013553489 0.025841544 0.04675433 0.07923336 1.01  5291
mean.M[1, 13]   0.11660668 0.034083863 0.066539433 0.11054823 0.20263507 1.04   798
mean.M[2, 13]   0.14525157 0.040431397 0.085583254 0.13782552 0.24582492 1.04   818
mean.M[3, 13]   0.04472722 0.013430812 0.025242837 0.04236677 0.07836311 1.04   844
mean.M[4, 13]   0.02401536 0.010768865 0.008965890 0.02210461 0.05085042 1.02  1949
mean.M[5, 13]   0.05465539 0.017333516 0.029209924 0.05175732 0.09668960 1.03  1022
mean.M[1, 14]   0.08959685 0.023902381 0.045619167 0.08904206 0.13869659 1.01  1774
mean.M[2, 14]   0.11234075 0.028060994 0.059319852 0.11137486 0.17020290 1.01  2031
mean.M[3, 14]   0.03375236 0.009271919 0.016437480 0.03341271 0.05276579 1.02  1222
mean.M[4, 14]   0.01797152 0.007482405 0.006274905 0.01701753 0.03521823 1.01  4510
mean.M[5, 14]   0.04143259 0.012466809 0.019247756 0.04068248 0.06800634 1.01  1629
mean.M[1, 15]   0.09582139 0.023309062 0.053882080 0.09457053 0.14543006 1.00  6100
mean.M[2, 15]   0.12005939 0.027495049 0.069786609 0.11874679 0.17869985 1.00  4843
mean.M[3, 15]   0.03623437 0.009128525 0.019857424 0.03563600 0.05573092 1.01  4827
mean.M[4, 15]   0.01933399 0.007807728 0.007239455 0.01825445 0.03725782 1.00  5308
mean.M[5, 15]   0.04442404 0.012309581 0.023106676 0.04351377 0.07100804 1.00  5461
mean.M[1, 16]   0.10198776 0.024409290 0.060723637 0.09975677 0.15612090 1.01  6196
mean.M[2, 16]   0.12763556 0.028964543 0.078387458 0.12505588 0.19281522 1.01  5740
mean.M[3, 16]   0.03872586 0.009588520 0.022568866 0.03788524 0.06003270 1.01  5563
mean.M[4, 16]   0.02069339 0.008346239 0.008038587 0.01951038 0.04000995 1.00  5357
mean.M[5, 16]   0.04741189 0.012754185 0.026025255 0.04613938 0.07591879 1.00  6464
mean.M[1, 17]   0.10486938 0.026360631 0.061364512 0.10199750 0.16408371 1.01  4342
mean.M[2, 17]   0.13094265 0.030263184 0.080716312 0.12796679 0.19942802 1.01  3633
mean.M[3, 17]   0.03984066 0.010032422 0.023183909 0.03882593 0.06265244 1.01  4412
mean.M[4, 17]   0.02128793 0.008642619 0.008281008 0.02001139 0.04119755 1.00  5158
mean.M[5, 17]   0.04882132 0.013628402 0.026505593 0.04741824 0.07973149 1.01  5493
mean.Pi[1]      0.99605980 0.002080070 0.991162075 0.99638506 0.99916330 1.00  3513
mean.Pi[2]      0.99605980 0.002080070 0.991162075 0.99638506 0.99916330 1.00  3513
mean.Pi[3]      0.99605980 0.002080070 0.991162075 0.99638506 0.99916330 1.00  3513
mean.Pi[4]      0.99605980 0.002080070 0.991162075 0.99638506 0.99916330 1.00  3513
mean.Pi[5]      0.99605980 0.002080070 0.991162075 0.99638506 0.99916330 1.00  3513
mean.Pi[6]      0.99605980 0.002080070 0.991162075 0.99638506 0.99916330 1.00  3513
mean.Pi[7]      0.99605980 0.002080070 0.991162075 0.99638506 0.99916330 1.00  3513
mean.Pi[8]      0.99605980 0.002080070 0.991162075 0.99638506 0.99916330 1.00  3513
mean.Pi[9]      0.99605980 0.002080070 0.991162075 0.99638506 0.99916330 1.00  3513
mean.Pi[10]     0.99605980 0.002080070 0.991162075 0.99638506 0.99916330 1.00  3513
mean.Pi[11]     0.99605980 0.002080070 0.991162075 0.99638506 0.99916330 1.00  3513
mean.Pi[12]     0.99605980 0.002080070 0.991162075 0.99638506 0.99916330 1.00  3513
mean.Pi[13]     0.99605980 0.002080070 0.991162075 0.99638506 0.99916330 1.00  3513
mean.Pi[14]     0.99605980 0.002080070 0.991162075 0.99638506 0.99916330 1.00  3513
mean.Pi[15]     0.99605980 0.002080070 0.991162075 0.99638506 0.99916330 1.00  3513
mean.Pi[16]     0.99605980 0.002080070 0.991162075 0.99638506 0.99916330 1.00  3513
mean.Pi[17]     0.99605980 0.002080070 0.991162075 0.99638506 0.99916330 1.00  3513
mean.Pi[18]     0.99605980 0.002080070 0.991162075 0.99638506 0.99916330 1.00  3513
mean.Po[1]      0.03535409 0.007687727 0.021943403 0.03471051 0.05222105 1.00  6730
mean.Po[2]      0.03535409 0.007687727 0.021943403 0.03471051 0.05222105 1.00  6730
mean.Po[3]      0.03535409 0.007687727 0.021943403 0.03471051 0.05222105 1.00  6730
mean.Po[4]      0.03535409 0.007687727 0.021943403 0.03471051 0.05222105 1.00  6730
mean.Po[5]      0.03535409 0.007687727 0.021943403 0.03471051 0.05222105 1.00  6730
mean.Po[6]      0.03535409 0.007687727 0.021943403 0.03471051 0.05222105 1.00  6730
mean.Po[7]      0.03535409 0.007687727 0.021943403 0.03471051 0.05222105 1.00  6730
mean.Po[8]      0.03535409 0.007687727 0.021943403 0.03471051 0.05222105 1.00  6730
mean.Po[9]      0.03535409 0.007687727 0.021943403 0.03471051 0.05222105 1.00  6730
mean.Po[10]     0.03535409 0.007687727 0.021943403 0.03471051 0.05222105 1.00  6730
mean.Po[11]     0.03535409 0.007687727 0.021943403 0.03471051 0.05222105 1.00  6730
mean.Po[12]     0.03535409 0.007687727 0.021943403 0.03471051 0.05222105 1.00  6730
mean.Po[13]     0.03535409 0.007687727 0.021943403 0.03471051 0.05222105 1.00  6730
mean.Po[14]     0.03535409 0.007687727 0.021943403 0.03471051 0.05222105 1.00  6730
mean.Po[15]     0.03535409 0.007687727 0.021943403 0.03471051 0.05222105 1.00  6730
mean.Po[16]     0.03535409 0.007687727 0.021943403 0.03471051 0.05222105 1.00  6730
mean.Po[17]     0.03535409 0.007687727 0.021943403 0.03471051 0.05222105 1.00  6730
mean.Po[18]     0.03535409 0.007687727 0.021943403 0.03471051 0.05222105 1.00  6730
mean.R[1, 1]    0.38127327 0.126624784 0.156853441 0.37488087 0.64998391 1.00  5613
mean.R[2, 1]    0.25633983 0.112526569 0.077542483 0.24316573 0.50933876 1.01  5502
mean.R[3, 1]    0.32635384 0.096294308 0.158934665 0.31988863 0.53235277 1.01  5808
mean.R[4, 1]    0.29244439 0.079407986 0.156951498 0.28617672 0.46436876 1.01  4339
mean.R[5, 1]    0.13889607 0.047429348 0.064194515 0.13358377 0.24347589 1.03  3853
mean.R[1, 2]    0.36897607 0.123790275 0.147426353 0.36288539 0.62829800 1.00  6052
mean.R[2, 2]    0.24617509 0.108205309 0.072617823 0.23500488 0.48590060 1.00  5892
mean.R[3, 2]    0.31465605 0.093624210 0.147535816 0.30815851 0.51005140 1.01  6142
mean.R[4, 2]    0.28123373 0.075734038 0.144299299 0.27651834 0.43973788 1.01  5834
mean.R[5, 2]    0.13201726 0.042482311 0.059934832 0.12841788 0.22509613 1.01  6222
mean.R[1, 3]    0.37233694 0.123111637 0.151571052 0.36705468 0.63166237 1.00  6362
mean.R[2, 3]    0.24881963 0.108286592 0.073452604 0.23703827 0.48920204 1.00  6237
mean.R[3, 3]    0.31785181 0.093139794 0.151359476 0.31132996 0.51226755 1.01  6440
mean.R[4, 3]    0.28423169 0.075196867 0.150790762 0.27955430 0.44130278 1.00  6820
mean.R[5, 3]    0.13377752 0.042725713 0.061073858 0.13021827 0.22796400 1.01  5523
mean.R[1, 4]    0.36855441 0.123256605 0.148648614 0.36278475 0.62433670 1.00  6121
mean.R[2, 4]    0.24568094 0.107110069 0.072044405 0.23481969 0.48265543 1.00  6154
mean.R[3, 4]    0.31405225 0.092131506 0.147594923 0.30824591 0.50563251 1.01  6251
mean.R[4, 4]    0.28083784 0.075435195 0.144648777 0.27625056 0.43643637 1.00  6327
mean.R[5, 4]    0.13182219 0.042286623 0.058607226 0.12845820 0.22524733 1.01  5726
mean.R[1, 5]    0.38424147 0.127302097 0.155774705 0.37736901 0.65184868 1.01  5732
mean.R[2, 5]    0.25873728 0.113697180 0.077123273 0.24495066 0.51251253 1.01  5571
mean.R[3, 5]    0.32888064 0.095159798 0.161652547 0.32253038 0.53020708 1.01  5907
mean.R[4, 5]    0.29497551 0.079577266 0.156961528 0.28871546 0.46550474 1.02  5198
mean.R[5, 5]    0.14024506 0.047234784 0.065702514 0.13477104 0.24628915 1.04  4590
mean.R[1, 6]    0.36177861 0.123149489 0.141206743 0.35592202 0.61638098 1.01  5509
mean.R[2, 6]    0.24022608 0.106208280 0.069449310 0.22877916 0.47805946 1.00  6049
mean.R[3, 6]    0.30784881 0.093219242 0.140381870 0.30253460 0.50212704 1.01  5541
mean.R[4, 6]    0.27443528 0.073196202 0.140170413 0.27145851 0.42426162 1.01  5417
mean.R[5, 6]    0.12825985 0.041117710 0.056347149 0.12531707 0.21717534 1.02  4508
mean.R[1, 7]    0.37416551 0.124944441 0.150392940 0.36923016 0.63352570 1.00  6062
mean.R[2, 7]    0.25019563 0.109276833 0.074836169 0.23773770 0.49402372 1.00  6278
mean.R[3, 7]    0.31922557 0.093120215 0.153559233 0.31340287 0.51415337 1.01  6433
mean.R[4, 7]    0.28576915 0.076614434 0.148741812 0.28072332 0.44776259 1.01  6120
mean.R[5, 7]    0.13481193 0.043907184 0.061099392 0.13076716 0.23126438 1.01  5593
mean.R[1, 8]    0.38431456 0.125425883 0.159508564 0.37875477 0.64804295 1.01  5780
mean.R[2, 8]    0.25870491 0.112425687 0.078055088 0.24592596 0.51118858 1.01  5734
mean.R[3, 8]    0.32885259 0.092782268 0.164345932 0.32304084 0.52382367 1.01  6658
mean.R[4, 8]    0.29487184 0.075945499 0.161193464 0.28988674 0.45469608 1.01  5898
mean.R[5, 8]    0.14006059 0.045137457 0.066073814 0.13537783 0.24131530 1.03  5574
mean.R[1, 9]    0.37967114 0.124375287 0.156317781 0.37401987 0.64046962 1.00  6148
mean.R[2, 9]    0.25468997 0.109652091 0.076883654 0.24344565 0.49808868 1.00  6146
mean.R[3, 9]    0.32447383 0.092751408 0.161084689 0.31827344 0.51950355 1.00  6369
mean.R[4, 9]    0.29037682 0.073688379 0.161081287 0.28486958 0.44463097 1.00  7018
mean.R[5, 9]    0.13747605 0.043674070 0.065677423 0.13329919 0.23369456 1.01  5834
mean.R[1, 10]   0.38154891 0.125263010 0.156770092 0.37541752 0.64410738 1.00  6352
mean.R[2, 10]   0.25630133 0.111190025 0.076962386 0.24460401 0.50406312 1.00  6053
mean.R[3, 10]   0.32628492 0.094107457 0.162410518 0.32006711 0.52679858 1.01  6467
mean.R[4, 10]   0.29235444 0.076348210 0.158779475 0.28735323 0.45339727 1.01  6021
mean.R[5, 10]   0.13895594 0.046568974 0.063400553 0.13384720 0.24363780 1.03  5217
mean.R[1, 11]   0.37250477 0.123885705 0.150731073 0.36664102 0.63274192 1.00  6020
mean.R[2, 11]   0.24898612 0.108811416 0.073885685 0.23699043 0.48975066 1.00  6286
mean.R[3, 11]   0.31802103 0.094121465 0.150603902 0.31275153 0.51560054 1.01  5998
mean.R[4, 11]   0.28460174 0.077168033 0.147550719 0.27950646 0.44370899 1.00  5959
mean.R[5, 11]   0.13407978 0.043940481 0.060306459 0.13028145 0.23021060 1.01  5446
mean.R[1, 12]   0.36585726 0.123535182 0.142967976 0.36116495 0.62278580 1.00  6090
mean.R[2, 12]   0.24343337 0.106897667 0.071591979 0.23276168 0.48222680 1.00  6022
mean.R[3, 12]   0.31159316 0.092836648 0.144765745 0.30707601 0.50323809 1.01  5965
mean.R[4, 12]   0.27833756 0.075098845 0.141273839 0.27442527 0.43478480 1.01  5599
mean.R[5, 12]   0.13041597 0.041856460 0.057611444 0.12747049 0.22071956 1.01  5307
mean.R[1, 13]   0.39510638 0.130874194 0.165570345 0.38758090 0.67282588 1.03  4854
mean.R[2, 13]   0.26816600 0.119181278 0.080502156 0.25386492 0.54024942 1.04  4421
mean.R[3, 13]   0.33976774 0.102143409 0.167483532 0.33110794 0.56539308 1.05  4347
mean.R[4, 13]   0.30546789 0.086450625 0.164474314 0.29636850 0.49867147 1.07  2469
mean.R[5, 13]   0.14699411 0.053694016 0.068042424 0.13914609 0.27290192 1.11  2550
mean.R[1, 14]   0.37374021 0.123687831 0.151665540 0.36841648 0.63201029 1.00  6455
mean.R[2, 14]   0.24968381 0.108172653 0.075064489 0.23822938 0.49075018 1.00  6321
mean.R[3, 14]   0.31918686 0.093689180 0.152413431 0.31333481 0.51438418 1.00  6332
mean.R[4, 14]   0.28534349 0.074938964 0.150788883 0.28006819 0.44232378 1.00  6384
mean.R[5, 14]   0.13432987 0.042356277 0.062082547 0.13066806 0.22748386 1.01  6296
mean.R[1, 15]   0.37611437 0.124651925 0.152809761 0.37037875 0.63923115 1.00  6348
mean.R[2, 15]   0.25155260 0.108421126 0.075707744 0.23954815 0.49512550 1.00  6138
mean.R[3, 15]   0.32123732 0.093536642 0.155867123 0.31517718 0.51820209 1.00  6400
mean.R[4, 15]   0.28749180 0.075938514 0.152706087 0.28258526 0.44654955 1.00  6177
mean.R[5, 15]   0.13582990 0.044291961 0.062379645 0.13125291 0.23336059 1.01  5613
mean.R[1, 16]   0.37628269 0.124888113 0.154431245 0.36955762 0.63944005 1.00  6033
mean.R[2, 16]   0.25194063 0.109446917 0.075716994 0.24016772 0.49726061 1.00  6003
mean.R[3, 16]   0.32149745 0.094466688 0.155944451 0.31503960 0.52176551 1.01  5990
mean.R[4, 16]   0.28772219 0.076442233 0.153690439 0.28210992 0.44795034 1.01  5809
mean.R[5, 16]   0.13605569 0.045328945 0.062819951 0.13137248 0.23573964 1.02  3880
mean.R[1, 17]   0.37469058 0.124957080 0.152195001 0.36907825 0.63606915 1.00  6031
mean.R[2, 17]   0.25073944 0.109125075 0.074069565 0.23904426 0.49177878 1.00  6274
mean.R[3, 17]   0.32010731 0.094476008 0.151866699 0.31462350 0.51794363 1.01  5924
mean.R[4, 17]   0.28641284 0.077011715 0.149042785 0.28143348 0.44774437 1.01  6268
mean.R[5, 17]   0.13525884 0.044868035 0.061682162 0.13096878 0.23455542 1.02  5452
mean.phi[1, 1]  0.97519636 0.016575573 0.932433773 0.97913586 0.99515462 1.00  5863
mean.phi[2, 1]  0.97197534 0.018258443 0.924893260 0.97628513 0.99440874 1.00  6748
mean.phi[3, 1]  0.98450645 0.009577127 0.960268967 0.98666472 0.99648121 1.00  5904
mean.phi[4, 1]  0.95291394 0.026601803 0.887042651 0.95817824 0.98862644 1.00  5842
mean.phi[5, 1]  0.87677594 0.058466671 0.740017738 0.88544828 0.96512050 1.00  6511
mean.phi[1, 2]  0.94388022 0.028933082 0.872636373 0.94936258 0.98367836 1.00  6718
mean.phi[2, 2]  0.93675743 0.032315889 0.857578635 0.94289955 0.98109419 1.00  7196
mean.phi[3, 2]  0.96457045 0.016093100 0.925210336 0.96726255 0.98751377 1.00  6809
mean.phi[4, 2]  0.89654420 0.041164439 0.801451387 0.90228870 0.96000735 1.00  6578
mean.phi[5, 2]  0.75171696 0.076125859 0.588672456 0.75777164 0.88171995 1.00  7059
mean.phi[1, 3]  0.94479914 0.026335168 0.879526137 0.94959479 0.98174742 1.00  6834
mean.phi[2, 3]  0.93736729 0.030391539 0.863876626 0.94299310 0.97993408 1.00  6858
mean.phi[3, 3]  0.96484125 0.015291848 0.927718929 0.96759027 0.98673763 1.00  6555
mean.phi[4, 3]  0.89711542 0.039100793 0.805023327 0.90271728 0.95738593 1.00  6373
mean.phi[5, 3]  0.75215885 0.072770464 0.596173852 0.75844856 0.87821428 1.00  6501
mean.phi[1, 4]  0.93772747 0.028859250 0.867595994 0.94270927 0.97889215 1.00  6745
mean.phi[2, 4]  0.93039748 0.030339353 0.858196042 0.93545469 0.97559802 1.00  7824
mean.phi[3, 4]  0.96055327 0.015657528 0.922667796 0.96291500 0.98395025 1.00  6819
mean.phi[4, 4]  0.88541653 0.039544131 0.794620456 0.89032702 0.94845960 1.00  6652
mean.phi[5, 4]  0.72818020 0.072031670 0.572648339 0.73326732 0.85446880 1.00  6412
mean.phi[1, 5]  0.95898239 0.021097558 0.906981188 0.96304273 0.98765415 1.00  6419
mean.phi[2, 5]  0.95385757 0.022987180 0.896884507 0.95822310 0.98560728 1.00  7066
mean.phi[3, 5]  0.97445421 0.010916934 0.948472732 0.97628282 0.99046877 1.00  7228
mean.phi[4, 5]  0.92355016 0.029351947 0.854598470 0.92741661 0.96967934 1.00  6763
mean.phi[5, 5]  0.80700633 0.060658496 0.673048786 0.81183156 0.90893360 1.00  6917
mean.phi[1, 6]  0.88676156 0.045544180 0.782443149 0.89327023 0.95672987 1.00  5861
mean.phi[2, 6]  0.87323546 0.050395288 0.757925003 0.88003459 0.95149786 1.00  6036
mean.phi[3, 6]  0.92723619 0.022202418 0.876632505 0.92984001 0.96276056 1.00  7144
mean.phi[4, 6]  0.80122600 0.050812204 0.691409943 0.80521466 0.88878508 1.00  6409
mean.phi[5, 6]  0.58187103 0.074510357 0.434054216 0.58323748 0.72301855 1.00  5419
mean.phi[1, 7]  0.96194403 0.021372077 0.907445956 0.96639054 0.98992588 1.00  6210
mean.phi[2, 7]  0.95729032 0.022972770 0.899806096 0.96187222 0.98802951 1.00  7270
mean.phi[3, 7]  0.97649271 0.010900420 0.950217804 0.97840861 0.99194650 1.00  6473
mean.phi[4, 7]  0.92934727 0.029781030 0.857823434 0.93375226 0.97433014 1.00  6778
mean.phi[5, 7]  0.81960747 0.065749990 0.668306642 0.82685906 0.92530036 1.00  5770
mean.phi[1, 8]  0.88925437 0.045465105 0.783473090 0.89619575 0.95796191 1.00  5755
mean.phi[2, 8]  0.87570944 0.051116087 0.757631636 0.88272145 0.95390667 1.00  5699
mean.phi[3, 8]  0.92888388 0.022297603 0.877553434 0.93154809 0.96481552 1.00  7128
mean.phi[4, 8]  0.80592960 0.047722850 0.702064644 0.80964159 0.88926971 1.00  6948
mean.phi[5, 8]  0.58823110 0.077497327 0.430938623 0.58965945 0.73324219 1.00  4822
mean.phi[1, 9]  0.90474815 0.040400020 0.808832592 0.91089328 0.96457100 1.00  5697
mean.phi[2, 9]  0.89340961 0.043550516 0.791429374 0.89975201 0.96020681 1.00  5910
mean.phi[3, 9]  0.93905728 0.020685133 0.890937051 0.94183566 0.97088199 1.00  6286
mean.phi[4, 9]  0.83153622 0.040981870 0.743551405 0.83425142 0.90348569 1.00  7962
mean.phi[5, 9]  0.62852401 0.073185205 0.477499642 0.63104744 0.76364036 1.00  4925
mean.phi[1, 10] 0.96728926 0.015897634 0.927880407 0.97021487 0.98936776 1.00  7198
mean.phi[2, 10] 0.96248728 0.019216142 0.915614671 0.96597448 0.98861056 1.00  6526
mean.phi[3, 10] 0.97936279 0.009079330 0.957163590 0.98093130 0.99243501 1.00  6124
mean.phi[4, 10] 0.93823551 0.022622650 0.885972596 0.94143370 0.97341062 1.00  7175
mean.phi[5, 10] 0.83877114 0.052313999 0.720850397 0.84423020 0.92472551 1.00  6288
mean.phi[1, 11] 0.97875597 0.011466254 0.949827838 0.98103625 0.99406837 1.00  6251
mean.phi[2, 11] 0.97609657 0.012440051 0.945272093 0.97845989 0.99296969 1.00  6904
mean.phi[3, 11] 0.98678075 0.006315546 0.971517463 0.98794031 0.99555922 1.00  6002
mean.phi[4, 11] 0.95949936 0.017326373 0.918650911 0.96198561 0.98531438 1.00  5533
mean.phi[5, 11] 0.89101706 0.040086657 0.799867131 0.89576115 0.95490512 1.00  6587
mean.phi[1, 12] 0.97212449 0.013281212 0.939667346 0.97452085 0.99094234 1.00  6590
mean.phi[2, 12] 0.96827257 0.015344093 0.931148574 0.97104030 0.98961632 1.00  6641
mean.phi[3, 12] 0.98260584 0.007063245 0.965904201 0.98377966 0.99301199 1.00  6444
mean.phi[4, 12] 0.94699259 0.019377857 0.901045682 0.94982120 0.97674742 1.00  6105
mean.phi[5, 12] 0.86071943 0.039602549 0.773386404 0.86402864 0.92856528 1.00  7947
mean.phi[1, 13] 0.98325605 0.009038855 0.960858696 0.98504644 0.99535320 1.00  6038
mean.phi[2, 13] 0.98103219 0.010088866 0.956050002 0.98300243 0.99468801 1.00  6374
mean.phi[3, 13] 0.98960856 0.004885314 0.977946325 0.99041768 0.99656698 1.00  5617
mean.phi[4, 13] 0.96780715 0.014109542 0.934567207 0.97004455 0.98855308 1.00  5573
mean.phi[5, 13] 0.91258797 0.031403609 0.842154159 0.91613703 0.96421081 1.00  6681
mean.phi[1, 14] 0.96316904 0.016639151 0.923078722 0.96601660 0.98715381 1.00  6204
mean.phi[2, 14] 0.95843799 0.018250799 0.915854500 0.96137838 0.98540128 1.00  6851
mean.phi[3, 14] 0.97702101 0.008400666 0.957305736 0.97827132 0.98981882 1.00  6047
mean.phi[4, 14] 0.93061715 0.022846581 0.878356684 0.93357336 0.96721308 1.00  5835
mean.phi[5, 14] 0.82273216 0.042749139 0.732049787 0.82567972 0.89836440 1.00  7797
mean.phi[1, 15] 0.98357978 0.008954654 0.961558379 0.98540744 0.99537138 1.00  5844
mean.phi[2, 15] 0.98140472 0.009990615 0.956413622 0.98342912 0.99471983 1.00  6610
mean.phi[3, 15] 0.98986770 0.004678532 0.978524464 0.99065108 0.99655440 1.00  5971
mean.phi[4, 15] 0.96843410 0.014022989 0.935585037 0.97065265 0.98881663 1.00  5431
mean.phi[5, 15] 0.91417051 0.031468030 0.843438362 0.91750698 0.96440501 1.00  6914
mean.phi[1, 16] 0.98726455 0.006840401 0.970419493 0.98859683 0.99654428 1.00  5724
mean.phi[2, 16] 0.98551586 0.007821689 0.966198274 0.98700918 0.99601142 1.00  6181
mean.phi[3, 16] 0.99207559 0.003819159 0.982890424 0.99275443 0.99748413 1.00  5217
mean.phi[4, 16] 0.97536223 0.010994180 0.949535619 0.97711023 0.99158727 1.00  5101
mean.phi[5, 16] 0.93186859 0.026043122 0.872483313 0.93498326 0.97338534 1.00  6005
mean.phi[1, 17] 0.99280257 0.004651623 0.981006947 0.99385531 0.99859726 1.00  4153
mean.phi[2, 17] 0.99183448 0.005279140 0.978416468 0.99299958 0.99836044 1.00  4516
mean.phi[3, 17] 0.99554627 0.002610797 0.989074707 0.99607801 0.99900504 1.00  3792
mean.phi[4, 17] 0.98602413 0.007769065 0.967280194 0.98747767 0.99673077 1.00  3357
mean.phi[5, 17] 0.96068813 0.019612880 0.913394176 0.96370245 0.98975255 1.00  4060
mean.r[1]       0.96903549 0.015271039 0.932780630 0.97135563 0.99176834 1.00  5234
mean.r[2]       0.96903549 0.015271039 0.932780630 0.97135563 0.99176834 1.00  5234
mean.r[3]       0.96903549 0.015271039 0.932780630 0.97135563 0.99176834 1.00  5234
mean.r[4]       0.96903549 0.015271039 0.932780630 0.97135563 0.99176834 1.00  5234
mean.r[5]       0.96903549 0.015271039 0.932780630 0.97135563 0.99176834 1.00  5234
mean.r[6]       0.96903549 0.015271039 0.932780630 0.97135563 0.99176834 1.00  5234
mean.r[7]       0.96903549 0.015271039 0.932780630 0.97135563 0.99176834 1.00  5234
mean.r[8]       0.96903549 0.015271039 0.932780630 0.97135563 0.99176834 1.00  5234
mean.r[9]       0.96903549 0.015271039 0.932780630 0.97135563 0.99176834 1.00  5234
mean.r[10]      0.96903549 0.015271039 0.932780630 0.97135563 0.99176834 1.00  5234
mean.r[11]      0.96903549 0.015271039 0.932780630 0.97135563 0.99176834 1.00  5234
mean.r[12]      0.96903549 0.015271039 0.932780630 0.97135563 0.99176834 1.00  5234
mean.r[13]      0.96903549 0.015271039 0.932780630 0.97135563 0.99176834 1.00  5234
mean.r[14]      0.96903549 0.015271039 0.932780630 0.97135563 0.99176834 1.00  5234
mean.r[15]      0.96903549 0.015271039 0.932780630 0.97135563 0.99176834 1.00  5234
mean.r[16]      0.96903549 0.015271039 0.932780630 0.97135563 0.99176834 1.00  5234
mean.r[17]      0.96903549 0.015271039 0.932780630 0.97135563 0.99176834 1.00  5234
mean.r[18]      0.96903549 0.015271039 0.932780630 0.97135563 0.99176834 1.00  5234
mu.M[1]         0.09788386 0.020562259 0.061641510 0.09644677 0.14162284 1.00  5869
mu.M[2]         0.12258076 0.023573885 0.080330739 0.12135294 0.17321132 1.00  5062
mu.M[3]         0.03699035 0.007747703 0.023195150 0.03653631 0.05341567 1.00  5051
mu.M[4]         0.01971389 0.007340417 0.007887364 0.01878260 0.03646613 1.00  5351
mu.M[5]         0.04538673 0.011049802 0.026042747 0.04449260 0.06924286 1.00  5225
mu.Pi           0.99605980 0.002080070 0.991162075 0.99638506 0.99916330 1.00  3513
mu.Po           0.03535409 0.007687727 0.021943403 0.03471051 0.05222105 1.00  6730
mu.R[1]         0.37400957 0.119415427 0.158702700 0.36862639 0.62212577 1.00  6599
mu.R[2]         0.24963086 0.104928993 0.077978274 0.23934160 0.48080012 1.00  6492
mu.R[3]         0.31897301 0.087600498 0.163497424 0.31357852 0.50114921 1.00  6716
mu.R[4]         0.28518720 0.068782137 0.161460443 0.28080692 0.42756602 1.00  7147
mu.R[5]         0.13398954 0.039092664 0.066099936 0.13116286 0.21807548 1.00  6458
mu.phi[1]       0.95514399 0.018115149 0.911718611 0.95763840 0.98245248 1.00  2269
mu.phi[2]       0.94925535 0.020470859 0.900230682 0.95229400 0.97961991 1.00  1941
mu.phi[3]       0.97186758 0.008875439 0.951363399 0.97309246 0.98541546 1.00  1164
mu.phi[4]       0.91618173 0.021852842 0.865133865 0.91876323 0.95098560 1.00  1093
mu.phi[5]       0.78899945 0.042991204 0.686713774 0.79400359 0.85927980 1.00   759
mu.r            0.96903549 0.015271039 0.932780630 0.97135563 0.99176834 1.00  5234
sigma.M         0.16545207 0.129887552 0.010310610 0.13034373 0.46491398 1.11   152
sigma.R         0.13115285 0.120149389 0.009101709 0.09543470 0.47607389 1.49   136
sigma.phi       0.81916437 0.163203682 0.542511799 0.80402913 1.18220145 1.00  1435
