Information and diagnostics 
=========================== 
Total iter:                       10000 
Thin:                             1 
Num chains:                       3 
Max Rhat:                         1.23 
Min n.eff:                        269 


Model summary 
============= 
                      mean         sd        2.5%        50%     97.5% Rhat n.eff
mean.R[1, 1]    0.12275197 0.08229645 0.024048221 0.10226014 0.3464116 1.01  5626
mean.R[2, 1]    0.22973392 0.12874075 0.052809882 0.20348227 0.5545449 1.01  5456
mean.R[3, 1]    0.21479070 0.12949252 0.041004650 0.18747554 0.5448909 1.01  6241
mean.R[4, 1]    0.18000051 0.11183777 0.036788754 0.15418988 0.4754545 1.01  5731
mean.R[5, 1]    0.28883586 0.14714598 0.069192687 0.26419218 0.6392617 1.01  6223
mean.R[6, 1]    0.11246340 0.09010061 0.014279649 0.08852420 0.3577512 1.01  5659
mean.R[1, 2]    0.20697684 0.09309321 0.072336631 0.19224242 0.4214365 1.07  1778
mean.R[2, 2]    0.36096398 0.14311093 0.133307541 0.34670130 0.6679958 1.08  1674
mean.R[3, 2]    0.33794784 0.14151519 0.110666102 0.32118272 0.6441796 1.05  2632
mean.R[4, 2]    0.29258090 0.12927564 0.099422087 0.27621214 0.5865675 1.06  2189
mean.R[5, 2]    0.43450623 0.15172539 0.171411939 0.42678542 0.7369720 1.08  1880
mean.R[6, 2]    0.18697788 0.10537016 0.041895545 0.16718950 0.4401242 1.04  3569
mean.R[1, 3]    0.07681769 0.03976684 0.019146839 0.07080703 0.1717298 1.02  5425
mean.R[2, 3]    0.15564107 0.07548764 0.041804937 0.14578679 0.3316621 1.01  6090
mean.R[3, 3]    0.14491326 0.07879911 0.032880663 0.13106887 0.3316361 1.01  5329
mean.R[4, 3]    0.11823152 0.06248080 0.028177436 0.10827721 0.2641569 1.01  5137
mean.R[5, 3]    0.20479937 0.09902359 0.052613218 0.19212638 0.4325016 1.01  5485
mean.R[6, 3]    0.07004871 0.04741202 0.011062113 0.05908061 0.1924012 1.02  5915
mean.R[1, 4]    0.09890007 0.04491537 0.031392508 0.09204689 0.2071427 1.01  6622
mean.R[2, 4]    0.19512943 0.08074370 0.067553340 0.18451933 0.3830023 1.01  7168
mean.R[3, 4]    0.18210986 0.08699362 0.051508002 0.16953799 0.3874313 1.01  6643
mean.R[4, 4]    0.15068189 0.07195252 0.044928610 0.13924466 0.3246564 1.01  6136
mean.R[5, 4]    0.25341118 0.10632762 0.083324406 0.24130416 0.4941293 1.01  6401
mean.R[6, 4]    0.08991262 0.05461905 0.017250817 0.07901347 0.2266872 1.00  6252
mean.R[1, 5]    0.14803440 0.06124143 0.058707737 0.13708691 0.2941410 1.03  4108
mean.R[2, 5]    0.27865391 0.11079687 0.108120524 0.26377888 0.5359772 1.04  2776
mean.R[3, 5]    0.26005271 0.11436998 0.084109760 0.24439179 0.5210294 1.02  5157
mean.R[4, 5]    0.21703801 0.08750293 0.084204493 0.20434955 0.4199338 1.03  3979
mean.R[5, 5]    0.34690459 0.12616632 0.139211975 0.33446058 0.6199815 1.03  4076
mean.R[6, 5]    0.13602254 0.08067646 0.029625522 0.11848168 0.3394089 1.02  4610
mean.R[1, 6]    0.14726527 0.06446994 0.054786539 0.13531960 0.3011214 1.03  3380
mean.R[2, 6]    0.27524783 0.10727404 0.108565639 0.26033157 0.5149946 1.04  3233
mean.R[3, 6]    0.25751140 0.11451675 0.082453661 0.24080494 0.5233392 1.02  4745
mean.R[4, 6]    0.21428824 0.08601954 0.083027605 0.20142396 0.4118571 1.03  3626
mean.R[5, 6]    0.34317281 0.12173454 0.137834249 0.33268048 0.6048182 1.04  4277
mean.R[6, 6]    0.13444773 0.07998289 0.028415775 0.11671726 0.3335008 1.02  4497
mean.R[1, 7]    0.04416218 0.03002976 0.005198308 0.03728316 0.1159643 1.18  1138
mean.R[2, 7]    0.09386577 0.06340717 0.010968470 0.08092610 0.2459006 1.11  1698
mean.R[3, 7]    0.08826999 0.06562080 0.008469528 0.07167743 0.2522163 1.11  1720
mean.R[4, 7]    0.06939252 0.04805940 0.007914654 0.05845361 0.1862530 1.13  1356
mean.R[5, 7]    0.12633207 0.08492559 0.014795807 0.10825692 0.3341240 1.10  1696
mean.R[6, 7]    0.04171086 0.03712575 0.003196782 0.03028323 0.1409243 1.11  1707
mean.R[1, 8]    0.11962992 0.06793762 0.030375671 0.10451102 0.2945909 1.02  5591
mean.R[2, 8]    0.22785015 0.11260722 0.064789480 0.20719761 0.5019797 1.02  4980
mean.R[3, 8]    0.21313664 0.11566241 0.050565600 0.19095903 0.4964906 1.01  6415
mean.R[4, 8]    0.17587184 0.09093050 0.047270266 0.15953866 0.3988947 1.02  6078
mean.R[5, 8]    0.28817681 0.13027597 0.082216746 0.27141151 0.5915208 1.02  6237
mean.R[6, 8]    0.10870977 0.07553904 0.017514331 0.09049541 0.3040511 1.01  6377
mean.R[1, 9]    0.09793095 0.04262906 0.032969085 0.09194576 0.1990199 1.00  7160
mean.R[2, 9]    0.19685542 0.08819216 0.063056586 0.18417737 0.4067881 1.01  5735
mean.R[3, 9]    0.18329694 0.09179028 0.049416851 0.16955167 0.4023934 1.01  6201
mean.R[4, 9]    0.14865919 0.06571259 0.048019198 0.13921237 0.3036700 1.00  6899
mean.R[5, 9]    0.25207222 0.10237901 0.085806930 0.24080629 0.4783920 1.01  6855
mean.R[6, 9]    0.09110116 0.05842152 0.016744046 0.07803993 0.2397888 1.00  5759
mean.R[1, 10]   0.07064038 0.04071889 0.013091398 0.06394554 0.1667039 1.02  4099
mean.R[2, 10]   0.14283305 0.07483839 0.029678020 0.13377083 0.3152968 1.02  4772
mean.R[3, 10]   0.13503801 0.08222687 0.021802781 0.12012969 0.3316199 1.02  3924
mean.R[4, 10]   0.10923872 0.06413857 0.020359818 0.09882212 0.2644064 1.02  3676
mean.R[5, 10]   0.18870108 0.09856279 0.038443409 0.17518019 0.4170818 1.01  4184
mean.R[6, 10]   0.06539630 0.04854354 0.007568254 0.05353506 0.1895695 1.02  4124
mean.R[1, 11]   0.13823694 0.06714494 0.046363907 0.12419202 0.3058009 1.02  4326
mean.R[2, 11]   0.25877900 0.10546296 0.097523459 0.24244581 0.5010155 1.03  3490
mean.R[3, 11]   0.23980992 0.10349689 0.079032739 0.22630991 0.4780812 1.01  6238
mean.R[4, 11]   0.20290126 0.09304669 0.069041982 0.18604637 0.4273139 1.02  4409
mean.R[5, 11]   0.32401757 0.11863507 0.128151534 0.31181664 0.5830858 1.02  5156
mean.R[6, 11]   0.12445552 0.07454834 0.026799204 0.10875716 0.3097193 1.01  5760
mean.R[1, 12]   0.06579077 0.03866833 0.012105926 0.05944989 0.1567761 1.03  3683
mean.R[2, 12]   0.13379556 0.07229682 0.027160388 0.12326854 0.3002931 1.02  4095
mean.R[3, 12]   0.12605350 0.07817895 0.020031617 0.11133177 0.3161274 1.02  3584
mean.R[4, 12]   0.10126685 0.05953165 0.018710202 0.09123218 0.2431307 1.02  3431
mean.R[5, 12]   0.17691160 0.09346111 0.035078696 0.16491798 0.3892880 1.02  3787
mean.R[6, 12]   0.06039055 0.04495580 0.006969189 0.04913458 0.1740631 1.02  3496
mean.R[1, 13]   0.14390208 0.06876400 0.050296214 0.12936911 0.3119126 1.02  3798
mean.R[2, 13]   0.26709494 0.10260538 0.106981098 0.25366125 0.5030825 1.03  3743
mean.R[3, 13]   0.24928631 0.10847295 0.081671860 0.23413286 0.4980660 1.02  5477
mean.R[4, 13]   0.20941177 0.09061723 0.074196185 0.19415831 0.4263093 1.03  4070
mean.R[5, 13]   0.33561042 0.12603033 0.127630274 0.32225247 0.6108461 1.03  5256
mean.R[6, 13]   0.13042542 0.07862737 0.026391298 0.11395849 0.3285974 1.01  5657
mean.R[1, 14]   0.06795313 0.04076505 0.012219652 0.06098951 0.1648488 1.03  3380
mean.R[2, 14]   0.13787518 0.07572823 0.026834454 0.12705089 0.3162627 1.02  3746
mean.R[3, 14]   0.12743675 0.07511044 0.022052251 0.11387492 0.3070739 1.03  3146
mean.R[4, 14]   0.10362723 0.05952217 0.019124334 0.09365902 0.2436860 1.03  3156
mean.R[5, 14]   0.18181296 0.09757282 0.035834536 0.16736749 0.4072892 1.02  3414
mean.R[6, 14]   0.06154761 0.04493469 0.007585987 0.05075967 0.1775391 1.03  3577
mean.R[1, 15]   0.07536178 0.04338344 0.014201375 0.06858690 0.1782164 1.02  4684
mean.R[2, 15]   0.15231882 0.08274207 0.030954289 0.14035080 0.3517906 1.02  5465
mean.R[3, 15]   0.14206407 0.08435214 0.024320647 0.12731756 0.3418999 1.02  5395
mean.R[4, 15]   0.11454287 0.06395691 0.022553130 0.10486963 0.2658834 1.02  4831
mean.R[5, 15]   0.19974962 0.10515903 0.040343114 0.18520215 0.4430545 1.01  4807
mean.R[6, 15]   0.06851394 0.04906542 0.008668814 0.05672580 0.1948785 1.02  5137
mean.R[1, 16]   0.07051386 0.03886513 0.016396843 0.06350248 0.1627939 1.04  4368
mean.R[2, 16]   0.14120367 0.06621163 0.037853638 0.13407231 0.2954368 1.03  5124
mean.R[3, 16]   0.13357377 0.07574600 0.027714728 0.12048017 0.3135834 1.03  4249
mean.R[4, 16]   0.10784323 0.05761314 0.024960675 0.09891783 0.2446395 1.03  3860
mean.R[5, 16]   0.18722939 0.08910181 0.049768910 0.17610975 0.3905614 1.03  4516
mean.R[6, 16]   0.06457284 0.04584619 0.009198739 0.05383033 0.1838226 1.03  4560
mean.R[1, 17]   0.05032897 0.03681826 0.004930153 0.04170217 0.1377110 1.13  1331
mean.R[2, 17]   0.10289314 0.06908993 0.011466071 0.08905706 0.2670632 1.10  1832
mean.R[3, 17]   0.09695834 0.07154684 0.008767852 0.07982568 0.2765047 1.12  1474
mean.R[4, 17]   0.07765647 0.05548486 0.007733265 0.06510148 0.2123481 1.11  1446
mean.R[5, 17]   0.13768911 0.09111349 0.015527774 0.11936170 0.3541085 1.10  1588
mean.R[6, 17]   0.04637269 0.04080872 0.003108695 0.03450920 0.1535591 1.11  1747
mean.p[1]       0.85234114 0.20982981 0.162512114 0.93980980 0.9984780 1.00  2520
mean.p[2]       0.97150907 0.03110039 0.886819936 0.98143203 0.9995059 1.00  5626
mean.p[3]       0.98076041 0.01943600 0.927602160 0.98682008 0.9996554 1.00  4389
mean.p[4]       0.98651652 0.01305539 0.952257061 0.99021194 0.9997155 1.00  3622
mean.p[5]       0.97377078 0.01919124 0.925287963 0.97852533 0.9971384 1.00  6591
mean.p[6]       0.98695015 0.01267518 0.952657676 0.99073284 0.9997004 1.00  4320
mean.p[7]       0.98492620 0.01513959 0.944338226 0.98948640 0.9996227 1.00  4259
mean.p[8]       0.96885046 0.02308975 0.909793590 0.97453450 0.9965147 1.00  6225
mean.p[9]       0.98208988 0.01789914 0.934069312 0.98756910 0.9996172 1.00  4215
mean.p[10]      0.97221045 0.02008912 0.921894196 0.97666790 0.9971559 1.00  6525
mean.p[11]      0.96201037 0.02231281 0.907682403 0.96641894 0.9928242 1.00  6995
mean.p[12]      0.92818266 0.03287957 0.852085773 0.93351371 0.9776444 1.00  7100
mean.p[13]      0.89911133 0.03602412 0.817602537 0.90320276 0.9579994 1.00  7044
mean.p[14]      0.72281320 0.05593536 0.607838711 0.72483091 0.8249691 1.00  7248
mean.p[15]      0.91555456 0.03539007 0.833870847 0.92052762 0.9702324 1.00  7212
mean.p[16]      0.95587421 0.02270053 0.901558446 0.95967284 0.9885040 1.00  6494
mean.p[17]      0.95288505 0.02451772 0.892422357 0.95731597 0.9877881 1.00  7086
mean.p[18]      0.81732943 0.09200633 0.646697577 0.81325635 0.9888531 1.02   764
mean.phi[1, 1]  0.67512915 0.11498444 0.433338793 0.68219730 0.8736615 1.00  6641
mean.phi[2, 1]  0.76031513 0.11270320 0.499814520 0.77608657 0.9338789 1.00  6806
mean.phi[3, 1]  0.80897910 0.11624702 0.517615993 0.83409699 0.9633890 1.00  6756
mean.phi[4, 1]  0.83546968 0.10562566 0.565101518 0.85964181 0.9699570 1.00  6438
mean.phi[5, 1]  0.63652094 0.16453919 0.278974513 0.65631063 0.8991007 1.00  5993
mean.phi[6, 1]  0.72201905 0.12802289 0.435920673 0.73510300 0.9290096 1.00  5663
mean.phi[1, 2]  0.64420281 0.07841739 0.484444971 0.64656470 0.7896209 1.00  7143
mean.phi[2, 2]  0.82153930 0.08455439 0.625287830 0.83318801 0.9495788 1.00  6434
mean.phi[3, 2]  0.73118182 0.12314707 0.446901943 0.74900496 0.9210271 1.00  6560
mean.phi[4, 2]  0.83285700 0.10931794 0.552679444 0.85829138 0.9705589 1.00  6327
mean.phi[5, 2]  0.63962932 0.16559631 0.277454938 0.65845274 0.9007409 1.00  6092
mean.phi[6, 2]  0.36472036 0.14556574 0.111770732 0.35495324 0.6625120 1.00  5423
mean.phi[1, 3]  0.58342436 0.08445796 0.413683457 0.58601429 0.7431350 1.00  7407
mean.phi[2, 3]  0.81235716 0.06495862 0.667689465 0.81897793 0.9195210 1.00  7190
mean.phi[3, 3]  0.75172673 0.09967005 0.528806419 0.76326579 0.9110505 1.00  7146
mean.phi[4, 3]  0.82467861 0.08122793 0.635208150 0.83797254 0.9457084 1.00  6717
mean.phi[5, 3]  0.70568978 0.13564828 0.397363190 0.72358664 0.9163642 1.00  6783
mean.phi[6, 3]  0.46223769 0.13623757 0.201646490 0.46252357 0.7233451 1.00  6504
mean.phi[1, 4]  0.31276121 0.09863830 0.139008286 0.30628334 0.5216736 1.00  4805
mean.phi[2, 4]  0.65322937 0.09558317 0.455050685 0.65842551 0.8239161 1.00  6850
mean.phi[3, 4]  0.81490098 0.06806958 0.663739909 0.82140153 0.9252823 1.00  7522
mean.phi[4, 4]  0.89881303 0.05030140 0.779910232 0.90665246 0.9727974 1.00  5759
mean.phi[5, 4]  0.75157902 0.11367930 0.491025538 0.76671267 0.9284805 1.00  6899
mean.phi[6, 4]  0.36171544 0.14490322 0.112272522 0.35262958 0.6534064 1.00  5022
mean.phi[1, 5]  0.46427310 0.08394783 0.303412824 0.46371957 0.6282949 1.00  7287
mean.phi[2, 5]  0.71461046 0.13359204 0.406633026 0.73313541 0.9210713 1.00  6150
mean.phi[3, 5]  0.86354471 0.06731959 0.706736928 0.87443038 0.9637709 1.00  6348
mean.phi[4, 5]  0.80372628 0.05647862 0.681378212 0.80815350 0.9000474 1.00  7218
mean.phi[5, 5]  0.73247835 0.12379056 0.452136474 0.75108981 0.9228307 1.00  7012
mean.phi[6, 5]  0.55496175 0.16465291 0.221822134 0.56248911 0.8497286 1.00  6465
mean.phi[1, 6]  0.24775625 0.10952102 0.072539955 0.23446594 0.4940787 1.00  2781
mean.phi[2, 6]  0.74609243 0.09489663 0.540466273 0.75549068 0.9032383 1.00  6890
mean.phi[3, 6]  0.82639098 0.10704218 0.557414937 0.84960485 0.9666859 1.00  6162
mean.phi[4, 6]  0.82236363 0.05099141 0.713219666 0.82653837 0.9097703 1.00  7604
mean.phi[5, 6]  0.51529819 0.16222009 0.191089155 0.52141509 0.8070815 1.00  4075
mean.phi[6, 6]  0.55236122 0.16007769 0.229512684 0.55982109 0.8367073 1.00  6568
mean.phi[1, 7]  0.15651954 0.05924440 0.058744610 0.15038474 0.2885255 1.00  2220
mean.phi[2, 7]  0.72987053 0.14985342 0.367534427 0.75555814 0.9459966 1.00  5695
mean.phi[3, 7]  0.88204641 0.06770060 0.716460805 0.89571270 0.9749972 1.00  5715
mean.phi[4, 7]  0.78265124 0.06253606 0.649260644 0.78747212 0.8900464 1.00  7312
mean.phi[5, 7]  0.82942335 0.09203737 0.608527979 0.84543481 0.9603932 1.00  6433
mean.phi[6, 7]  0.62159086 0.16169272 0.279780342 0.63222401 0.8963878 1.00  6222
mean.phi[1, 8]  0.37724604 0.15124718 0.113651053 0.36903008 0.6826937 1.00  4598
mean.phi[2, 8]  0.68564792 0.14643630 0.359743419 0.70449952 0.9148053 1.00  6394
mean.phi[3, 8]  0.78867099 0.13660045 0.443803146 0.82109201 0.9625432 1.00  4865
mean.phi[4, 8]  0.86608482 0.05086645 0.751092574 0.87273556 0.9470356 1.00  7242
mean.phi[5, 8]  0.80522759 0.09100034 0.590856059 0.81886192 0.9421326 1.00  7108
mean.phi[6, 8]  0.49795595 0.17679727 0.166618297 0.50059840 0.8293098 1.00  6013
mean.phi[1, 9]  0.51550994 0.07038891 0.378520177 0.51601421 0.6519885 1.00  7388
mean.phi[2, 9]  0.72646555 0.15033719 0.370375550 0.75147812 0.9414352 1.00  6333
mean.phi[3, 9]  0.80922537 0.11894961 0.513324746 0.83547787 0.9643185 1.00  6064
mean.phi[4, 9]  0.68663650 0.08789791 0.498498729 0.69265012 0.8431025 1.00  6789
mean.phi[5, 9]  0.79697384 0.07620642 0.624369059 0.80531432 0.9211976 1.00  7269
mean.phi[6, 9]  0.62226545 0.16547309 0.274017841 0.63455444 0.9001177 1.00  6403
mean.phi[1, 10] 0.52857163 0.09416718 0.342741637 0.52960380 0.7107507 1.00  7412
mean.phi[2, 10] 0.77836139 0.07101347 0.623955058 0.78490232 0.8988377 1.00  7256
mean.phi[3, 10] 0.78824709 0.13252381 0.451841167 0.81688348 0.9609209 1.00  6268
mean.phi[4, 10] 0.88812838 0.06673816 0.722825226 0.90148699 0.9782190 1.00  5774
mean.phi[5, 10] 0.83798374 0.06688938 0.686429904 0.84608812 0.9456604 1.00  6817
mean.phi[6, 10] 0.72007469 0.13070875 0.431877415 0.73462470 0.9286355 1.00  6154
mean.phi[1, 11] 0.74744535 0.10084331 0.525736597 0.75900980 0.9130219 1.00  5039
mean.phi[2, 11] 0.71508209 0.09727156 0.498354839 0.72449288 0.8788796 1.00  7361
mean.phi[3, 11] 0.77709430 0.07498228 0.613547744 0.78389745 0.9026743 1.00  7689
mean.phi[4, 11] 0.82938375 0.09014023 0.614042939 0.84616432 0.9574489 1.00  6786
mean.phi[5, 11] 0.74362368 0.08817137 0.550266855 0.75090390 0.8923253 1.00  7402
mean.phi[6, 11] 0.57028969 0.13119524 0.305388495 0.57448363 0.8093892 1.00  7103
mean.phi[1, 12] 0.73008897 0.07150277 0.577674608 0.73446231 0.8581565 1.00  6221
mean.phi[2, 12] 0.64320454 0.11737958 0.395320810 0.64974555 0.8521539 1.00  6553
mean.phi[3, 12] 0.88806587 0.06329652 0.733773157 0.89991185 0.9748447 1.00  5938
mean.phi[4, 12] 0.85955477 0.06341957 0.710685002 0.86947194 0.9554568 1.00  6701
mean.phi[5, 12] 0.69632904 0.11024011 0.454683283 0.70703794 0.8785757 1.00  6757
mean.phi[6, 12] 0.61217413 0.11384264 0.378953728 0.61648182 0.8170749 1.00  7440
mean.phi[1, 13] 0.72271467 0.10007964 0.507163170 0.73151036 0.8923695 1.00  6321
mean.phi[2, 13] 0.74880773 0.07507505 0.586449441 0.75517525 0.8785693 1.00  7439
mean.phi[3, 13] 0.65538291 0.13754995 0.352764288 0.66993419 0.8785545 1.00  5521
mean.phi[4, 13] 0.81186449 0.06496954 0.669992310 0.81804004 0.9208327 1.00  7559
mean.phi[5, 13] 0.75061046 0.11538137 0.486544513 0.76801190 0.9294061 1.00  6822
mean.phi[6, 13] 0.74244148 0.10407137 0.515091224 0.75277404 0.9155295 1.00  5372
mean.phi[1, 14] 0.72198306 0.10177480 0.503608462 0.73113631 0.8928210 1.00  6144
mean.phi[2, 14] 0.77086870 0.09566264 0.553965773 0.78225577 0.9235330 1.00  6353
mean.phi[3, 14] 0.75295739 0.08285632 0.572764288 0.76149977 0.8919277 1.00  7655
mean.phi[4, 14] 0.82373896 0.06574485 0.676093007 0.83188145 0.9300686 1.00  7095
mean.phi[5, 14] 0.75096312 0.11591313 0.479826200 0.76647424 0.9284778 1.00  6797
mean.phi[6, 14] 0.53202715 0.12773782 0.285336186 0.53417418 0.7721269 1.00  7011
mean.phi[1, 15] 0.76717530 0.06577474 0.627112888 0.77137597 0.8824672 1.00  6134
mean.phi[2, 15] 0.81269133 0.08852928 0.605882039 0.82512263 0.9474688 1.00  6382
mean.phi[3, 15] 0.84043087 0.08116089 0.649657215 0.85386689 0.9591855 1.00  7101
mean.phi[4, 15] 0.81413818 0.06090262 0.679115731 0.81996720 0.9166015 1.00  7019
mean.phi[5, 15] 0.74711440 0.13752981 0.423645302 0.76943256 0.9454843 1.00  6619
mean.phi[6, 15] 0.50184634 0.13409728 0.242698376 0.50272256 0.7556422 1.00  7163
mean.phi[1, 16] 0.76627807 0.08571448 0.582111656 0.77487698 0.9101396 1.00  5844
mean.phi[2, 16] 0.65616685 0.08131113 0.487343986 0.66042871 0.8040336 1.00  7806
mean.phi[3, 16] 0.83180789 0.08552953 0.629048517 0.84560894 0.9559044 1.00  6905
mean.phi[4, 16] 0.86580609 0.05493440 0.740833315 0.87244993 0.9524871 1.00  7188
mean.phi[5, 16] 0.63630898 0.11843742 0.390205800 0.64431108 0.8429905 1.00  7056
mean.phi[6, 16] 0.59962448 0.15109601 0.294612328 0.60676241 0.8654618 1.00  6922
mean.phi[1, 17] 0.73380965 0.10511365 0.513599248 0.74079320 0.9143952 1.01  3372
mean.phi[2, 17] 0.69601144 0.12886012 0.433287738 0.70182439 0.9225222 1.01  2368
mean.phi[3, 17] 0.79751490 0.10472582 0.562066411 0.81050060 0.9578145 1.01  2088
mean.phi[4, 17] 0.83032460 0.09020981 0.629238251 0.84212563 0.9655151 1.02  1561
mean.phi[5, 17] 0.71873263 0.12632105 0.450596451 0.72910217 0.9298544 1.00  3163
mean.phi[6, 17] 0.58383796 0.16459202 0.247631118 0.59191088 0.8726692 1.00  6336
mu.R[1]         0.09592637 0.02960298 0.048273750 0.09250153 0.1628750 1.01  2601
mu.R[2]         0.19231201 0.05762138 0.095408738 0.18740797 0.3201968 1.01  3653
mu.R[3]         0.17864543 0.06576514 0.071006749 0.17176904 0.3255356 1.00  5138
mu.R[4]         0.14603556 0.04725758 0.067363656 0.14164566 0.2515764 1.00  3138
mu.R[5]         0.24980080 0.07482165 0.120042742 0.24407120 0.4124481 1.00  4402
mu.R[6]         0.08722790 0.04390099 0.022344670 0.07987581 0.1909066 1.00  4562
mu.p            0.92887929 0.03385684 0.840311706 0.93708894 0.9715887 1.02   269
mu.phi[1]       0.54498284 0.05174341 0.439180581 0.54661594 0.6434940 1.01  1206
mu.phi[2]       0.75330276 0.04431497 0.659831189 0.75540409 0.8351071 1.00  1542
mu.phi[3]       0.81565226 0.04157225 0.725872862 0.81857473 0.8879261 1.01  2315
mu.phi[4]       0.84210331 0.03188570 0.774037516 0.84374683 0.8991378 1.00  1074
mu.phi[5]       0.73771714 0.04933915 0.633041486 0.74076701 0.8282481 1.00  2828
mu.phi[6]       0.57823481 0.05793269 0.462426488 0.57881285 0.6890241 1.00  3846
sigma.R         0.80198645 0.38351739 0.042207667 0.78309187 1.6352680 1.23   540
sigma.p         1.79611823 0.71463904 0.853195658 1.65041915 3.6444903 1.00   509
sigma.phi       0.80518591 0.13641303 0.549669890 0.79737019 1.0900154 1.01   626
