Information and diagnostics 
=========================== 
Total iter:                       10000 
Thin:                             1 
Num chains:                       3 
Max Rhat:                         1.03 
Min n.eff:                        54 


Model summary 
============= 
                      mean          sd        2.5%        50%      97.5% Rhat n.eff
mean.M[1, 1]    0.25324523 0.043717847 0.169224181 0.25245742 0.34254986 1.00  4446
mean.M[2, 1]    0.22800654 0.041989865 0.144849130 0.22788355 0.31287051 1.00  3602
mean.M[3, 1]    0.15300303 0.025994404 0.102446128 0.15222322 0.20726307 1.01  4254
mean.M[4, 1]    0.06075062 0.016748572 0.030973627 0.05964286 0.09610029 1.00  4604
mean.M[5, 1]    0.02957810 0.009622756 0.013528618 0.02855127 0.05081274 1.00  4780
mean.M[1, 2]    0.26068873 0.043713292 0.180853762 0.25887463 0.35458773 1.00  4761
mean.M[2, 2]    0.23486975 0.041675994 0.157286739 0.23374668 0.32194253 1.00  4868
mean.M[3, 2]    0.15822164 0.027158583 0.111330971 0.15568380 0.21960436 1.01  3804
mean.M[4, 2]    0.06293155 0.017057253 0.033676778 0.06137298 0.09960160 1.00  5106
mean.M[5, 2]    0.03072559 0.010024895 0.014390533 0.02955132 0.05338452 1.00  5465
mean.M[1, 3]    0.24688135 0.039895188 0.167542448 0.24688142 0.32636887 1.00  3366
mean.M[2, 3]    0.22227286 0.040011444 0.142464578 0.22259822 0.30081143 1.00  2520
mean.M[3, 3]    0.14863429 0.023284289 0.100352353 0.14910321 0.19464357 1.00  3629
mean.M[4, 3]    0.05887095 0.016085685 0.030519943 0.05799855 0.09232393 1.00  2794
mean.M[5, 3]    0.02865881 0.009278187 0.013297324 0.02775195 0.04932112 1.00  2757
mean.M[1, 4]    0.24249364 0.041631640 0.157328172 0.24358848 0.32204322 1.00  1675
mean.M[2, 4]    0.21795944 0.039706102 0.136255967 0.21882673 0.29378281 1.00  1366
mean.M[3, 4]    0.14550176 0.023109536 0.096529796 0.14670015 0.18865360 1.01  1892
mean.M[4, 4]    0.05755511 0.015946203 0.028851260 0.05679662 0.09097905 1.00  1699
mean.M[5, 4]    0.02802783 0.009257047 0.012346773 0.02723124 0.04840440 1.00  2016
mean.M[1, 5]    0.24148224 0.042242150 0.154734371 0.24255282 0.32318778 1.00  1499
mean.M[2, 5]    0.21705696 0.040343130 0.134298440 0.21796447 0.29331402 1.00  1308
mean.M[3, 5]    0.14468756 0.022656654 0.096283400 0.14585898 0.18701816 1.00  1320
mean.M[4, 5]    0.05729366 0.016094548 0.028543247 0.05642639 0.09096461 1.00  1594
mean.M[5, 5]    0.02788358 0.009274147 0.012193912 0.02699381 0.04825686 1.00  1624
mean.M[1, 6]    0.23579393 0.044178760 0.141885377 0.23841016 0.31771508 1.01   783
mean.M[2, 6]    0.21201888 0.043154792 0.121995511 0.21375236 0.29210286 1.01   700
mean.M[3, 6]    0.14094602 0.024443873 0.087131550 0.14290910 0.18407346 1.01   696
mean.M[4, 6]    0.05575070 0.016437728 0.026088944 0.05499779 0.08963903 1.00   946
mean.M[5, 6]    0.02713156 0.009412113 0.011286173 0.02630485 0.04798199 1.00  1092
mean.M[1, 7]    0.25829719 0.041091689 0.182404484 0.25715462 0.34413990 1.00  5389
mean.M[2, 7]    0.23251096 0.038454187 0.160509403 0.23147276 0.31171430 1.00  5748
mean.M[3, 7]    0.15627331 0.022708583 0.114691374 0.15483164 0.20620148 1.00  5284
mean.M[4, 7]    0.06209639 0.016113835 0.034226241 0.06067366 0.09642939 1.00  5562
mean.M[5, 7]    0.03029175 0.009482831 0.014586875 0.02928035 0.05165592 1.00  5294
mean.M[1, 8]    0.24951085 0.040951377 0.167570302 0.24989009 0.32955185 1.00  3918
mean.M[2, 8]    0.22457602 0.040023136 0.144171414 0.22471668 0.30365524 1.00  3458
mean.M[3, 8]    0.15018599 0.022167658 0.104609737 0.15022361 0.19444888 1.00  4672
mean.M[4, 8]    0.05952269 0.015841310 0.031287610 0.05857075 0.09325684 1.00  3472
mean.M[5, 8]    0.02902852 0.009365596 0.013238699 0.02810293 0.04980363 1.00  3093
mean.M[1, 9]    0.25522621 0.042442862 0.175468958 0.25406537 0.34265518 1.00  4787
mean.M[2, 9]    0.22979229 0.040591545 0.152554178 0.22873165 0.31419665 1.00  4781
mean.M[3, 9]    0.15423971 0.024382557 0.109162436 0.15293541 0.20710508 1.01  4532
mean.M[4, 9]    0.06109103 0.015717000 0.033395051 0.05990380 0.09471179 1.00  5169
mean.M[5, 9]    0.02985968 0.009577548 0.014101892 0.02878382 0.05149396 1.00  4792
mean.M[1, 10]   0.25867467 0.039538360 0.186510133 0.25701615 0.34076234 1.00  6233
mean.M[2, 10]   0.23320524 0.040062908 0.157992140 0.23237707 0.31620294 1.00  4846
mean.M[3, 10]   0.15679148 0.024237563 0.114266004 0.15470711 0.21156001 1.00  4402
mean.M[4, 10]   0.06215215 0.015635452 0.035021770 0.06087318 0.09584175 1.00  6147
mean.M[5, 10]   0.03036808 0.009529298 0.014769072 0.02936606 0.05208860 1.00  5705
mean.M[1, 11]   0.28760466 0.052283789 0.204258064 0.28043367 0.41135857 1.00   580
mean.M[2, 11]   0.25983712 0.047648943 0.182480460 0.25391214 0.37305078 1.00   811
mean.M[3, 11]   0.17759370 0.036053035 0.129012697 0.16915901 0.27071637 1.01   400
mean.M[4, 11]   0.07125353 0.019393241 0.040508145 0.06873787 0.11706627 1.00  1535
mean.M[5, 11]   0.03495947 0.011531862 0.017425630 0.03333205 0.06186369 1.00  3193
mean.M[1, 12]   0.27098097 0.043948223 0.195426770 0.26719107 0.37109726 1.00  2182
mean.M[2, 12]   0.24433327 0.040999318 0.173145147 0.24110016 0.33628742 1.00  4005
mean.M[3, 12]   0.16537541 0.027244512 0.123376582 0.16121339 0.23319680 1.00  1394
mean.M[4, 12]   0.06592818 0.016971563 0.037859171 0.06407728 0.10362072 1.00  5554
mean.M[5, 12]   0.03216613 0.009812698 0.016274015 0.03104890 0.05419499 1.00  6080
mean.M[1, 13]   0.27568534 0.043817938 0.201233829 0.27142426 0.37409268 1.00  1565
mean.M[2, 13]   0.24890919 0.042821992 0.176152085 0.24509795 0.34582307 1.00  2476
mean.M[3, 13]   0.16878902 0.028275668 0.126118490 0.16370070 0.23926713 1.00   835
mean.M[4, 13]   0.06747723 0.017641820 0.038554135 0.06548934 0.10814539 1.00  5547
mean.M[5, 13]   0.03294143 0.010121713 0.016790959 0.03174281 0.05575146 1.00  5832
mean.M[1, 14]   0.26125585 0.039674143 0.187792436 0.25955004 0.34326745 1.00  6172
mean.M[2, 14]   0.23526378 0.037460033 0.166240180 0.23364631 0.31359492 1.00  6278
mean.M[3, 14]   0.15838424 0.022626371 0.118846696 0.15641073 0.20989051 1.00  4219
mean.M[4, 14]   0.06295981 0.015944132 0.035413604 0.06160669 0.09763818 1.00  5979
mean.M[5, 14]   0.03068177 0.009305397 0.015361609 0.02966105 0.05163456 1.00  6023
mean.M[1, 15]   0.25315784 0.039600913 0.177234730 0.25226589 0.33406559 1.00  5445
mean.M[2, 15]   0.22783363 0.038055918 0.154552127 0.22746266 0.30501071 1.00  5330
mean.M[3, 15]   0.15268998 0.021400384 0.111908022 0.15203763 0.19701596 1.00  5614
mean.M[4, 15]   0.06058232 0.015761406 0.032938471 0.05942503 0.09422247 1.00  5167
mean.M[5, 15]   0.02945842 0.009038090 0.014467513 0.02852898 0.04963411 1.00  5765
mean.M[1, 16]   0.25366184 0.038182898 0.180721803 0.25303707 0.33178861 1.00  5377
mean.M[2, 16]   0.22835761 0.037368025 0.157084326 0.22771001 0.30376159 1.00  4401
mean.M[3, 16]   0.15310597 0.021052773 0.113132350 0.15246651 0.19639049 1.00  5872
mean.M[4, 16]   0.06069830 0.015466497 0.033841108 0.05962103 0.09348326 1.00  5106
mean.M[5, 16]   0.02953561 0.008971162 0.014429034 0.02863194 0.04960623 1.00  4623
mean.M[1, 17]   0.27441575 0.043504727 0.199395581 0.27061720 0.37203544 1.00  2104
mean.M[2, 17]   0.24744474 0.039768097 0.178044981 0.24469164 0.33473871 1.00  2664
mean.M[3, 17]   0.16775566 0.026886842 0.127048632 0.16342210 0.23295992 1.01   940
mean.M[4, 17]   0.06695820 0.016861564 0.038831854 0.06528950 0.10463198 1.00  5811
mean.M[5, 17]   0.03269536 0.009852300 0.016572717 0.03154231 0.05503694 1.00  5955
mean.Pi[1]      0.99251299 0.005015508 0.980135321 0.99353100 0.99898632 1.00  2208
mean.Pi[2]      0.99251299 0.005015508 0.980135321 0.99353100 0.99898632 1.00  2208
mean.Pi[3]      0.99251299 0.005015508 0.980135321 0.99353100 0.99898632 1.00  2208
mean.Pi[4]      0.99251299 0.005015508 0.980135321 0.99353100 0.99898632 1.00  2208
mean.Pi[5]      0.99251299 0.005015508 0.980135321 0.99353100 0.99898632 1.00  2208
mean.Pi[6]      0.99251299 0.005015508 0.980135321 0.99353100 0.99898632 1.00  2208
mean.Pi[7]      0.99251299 0.005015508 0.980135321 0.99353100 0.99898632 1.00  2208
mean.Pi[8]      0.99251299 0.005015508 0.980135321 0.99353100 0.99898632 1.00  2208
mean.Pi[9]      0.99251299 0.005015508 0.980135321 0.99353100 0.99898632 1.00  2208
mean.Pi[10]     0.99251299 0.005015508 0.980135321 0.99353100 0.99898632 1.00  2208
mean.Pi[11]     0.99251299 0.005015508 0.980135321 0.99353100 0.99898632 1.00  2208
mean.Pi[12]     0.99251299 0.005015508 0.980135321 0.99353100 0.99898632 1.00  2208
mean.Pi[13]     0.99251299 0.005015508 0.980135321 0.99353100 0.99898632 1.00  2208
mean.Pi[14]     0.99251299 0.005015508 0.980135321 0.99353100 0.99898632 1.00  2208
mean.Pi[15]     0.99251299 0.005015508 0.980135321 0.99353100 0.99898632 1.00  2208
mean.Pi[16]     0.99251299 0.005015508 0.980135321 0.99353100 0.99898632 1.00  2208
mean.Pi[17]     0.99251299 0.005015508 0.980135321 0.99353100 0.99898632 1.00  2208
mean.Pi[18]     0.99251299 0.005015508 0.980135321 0.99353100 0.99898632 1.00  2208
mean.Po[1]      0.11556210 0.009563207 0.097629026 0.11536348 0.13513720 1.00  7024
mean.Po[2]      0.11556210 0.009563207 0.097629026 0.11536348 0.13513720 1.00  7024
mean.Po[3]      0.11556210 0.009563207 0.097629026 0.11536348 0.13513720 1.00  7024
mean.Po[4]      0.11556210 0.009563207 0.097629026 0.11536348 0.13513720 1.00  7024
mean.Po[5]      0.11556210 0.009563207 0.097629026 0.11536348 0.13513720 1.00  7024
mean.Po[6]      0.11556210 0.009563207 0.097629026 0.11536348 0.13513720 1.00  7024
mean.Po[7]      0.11556210 0.009563207 0.097629026 0.11536348 0.13513720 1.00  7024
mean.Po[8]      0.11556210 0.009563207 0.097629026 0.11536348 0.13513720 1.00  7024
mean.Po[9]      0.11556210 0.009563207 0.097629026 0.11536348 0.13513720 1.00  7024
mean.Po[10]     0.11556210 0.009563207 0.097629026 0.11536348 0.13513720 1.00  7024
mean.Po[11]     0.11556210 0.009563207 0.097629026 0.11536348 0.13513720 1.00  7024
mean.Po[12]     0.11556210 0.009563207 0.097629026 0.11536348 0.13513720 1.00  7024
mean.Po[13]     0.11556210 0.009563207 0.097629026 0.11536348 0.13513720 1.00  7024
mean.Po[14]     0.11556210 0.009563207 0.097629026 0.11536348 0.13513720 1.00  7024
mean.Po[15]     0.11556210 0.009563207 0.097629026 0.11536348 0.13513720 1.00  7024
mean.Po[16]     0.11556210 0.009563207 0.097629026 0.11536348 0.13513720 1.00  7024
mean.Po[17]     0.11556210 0.009563207 0.097629026 0.11536348 0.13513720 1.00  7024
mean.Po[18]     0.11556210 0.009563207 0.097629026 0.11536348 0.13513720 1.00  7024
mean.R[1, 1]    0.54523209 0.113569165 0.318304706 0.54792444 0.75850341 1.00  5454
mean.R[2, 1]    0.46342655 0.131430621 0.217010122 0.45977566 0.72467115 1.00  6136
mean.R[3, 1]    0.41887668 0.104246517 0.220396762 0.41689869 0.62938178 1.00  4909
mean.R[4, 1]    0.38519908 0.101388316 0.194407724 0.38249070 0.58930167 1.00  4514
mean.R[5, 1]    0.13905376 0.067857125 0.037079110 0.12851740 0.29785776 1.00  4824
mean.R[1, 2]    0.53408748 0.115399069 0.300222474 0.53924240 0.74655147 1.00  4616
mean.R[2, 2]    0.45261736 0.132203313 0.198941112 0.45072897 0.71129948 1.00  5530
mean.R[3, 2]    0.40830759 0.106019051 0.199176871 0.40838147 0.61479535 1.00  4060
mean.R[4, 2]    0.37467152 0.101152367 0.178831215 0.37321357 0.57493123 1.00  3958
mean.R[5, 2]    0.13333485 0.064016831 0.035266568 0.12391647 0.28026015 1.00  5312
mean.R[1, 3]    0.53720152 0.113923868 0.307921555 0.54188904 0.74868652 1.00  5119
mean.R[2, 3]    0.45559451 0.131333867 0.208451276 0.45400688 0.71455224 1.00  5935
mean.R[3, 3]    0.41128556 0.105574871 0.203256728 0.41130585 0.61845297 1.00  4005
mean.R[4, 3]    0.37762414 0.100963651 0.182205813 0.37649694 0.57800569 1.00  4458
mean.R[5, 3]    0.13489838 0.064870942 0.035168762 0.12572132 0.28271573 1.00  5297
mean.R[1, 4]    0.54523388 0.110128422 0.327210967 0.54842160 0.75192244 1.00  6264
mean.R[2, 4]    0.46326663 0.129249547 0.223178916 0.45985359 0.71909622 1.00  6423
mean.R[3, 4]    0.41875230 0.104293250 0.219361647 0.41671944 0.62764170 1.00  5163
mean.R[4, 4]    0.38503858 0.100438512 0.194295826 0.38309871 0.58761664 1.00  5076
mean.R[5, 4]    0.13854103 0.065984634 0.037971709 0.12928993 0.28880063 1.00  5343
mean.R[1, 5]    0.56229863 0.114702243 0.337999865 0.56337970 0.78569691 1.00  3270
mean.R[2, 5]    0.48055062 0.133532214 0.236242080 0.47550840 0.74836160 1.00  4693
mean.R[3, 5]    0.43614286 0.104421743 0.243136322 0.43205859 0.64992757 1.00  4044
mean.R[4, 5]    0.40215670 0.105723074 0.212475550 0.39666298 0.62683984 1.00  3055
mean.R[5, 5]    0.14865816 0.076356311 0.040611262 0.13634057 0.32990659 1.00  3611
mean.R[1, 6]    0.55814147 0.112634236 0.339146926 0.55903633 0.77512487 1.00  4056
mean.R[2, 6]    0.47620613 0.131658823 0.233061646 0.47079738 0.73989343 1.00  5744
mean.R[3, 6]    0.43155362 0.102089647 0.240492941 0.42851526 0.63864655 1.00  5139
mean.R[4, 6]    0.39766575 0.101729184 0.212673930 0.39347123 0.61103608 1.00  4141
mean.R[5, 6]    0.14576819 0.072173364 0.040249856 0.13483717 0.31113019 1.00  3882
mean.R[1, 7]    0.54472515 0.114109757 0.317768368 0.54738260 0.75694609 1.00  5155
mean.R[2, 7]    0.46283100 0.131166572 0.221230543 0.46022546 0.72411623 1.00  5922
mean.R[3, 7]    0.41850189 0.105315457 0.217761016 0.41709015 0.62724210 1.00  4560
mean.R[4, 7]    0.38495599 0.103444701 0.189811698 0.38143897 0.59246052 1.00  4132
mean.R[5, 7]    0.13933094 0.071149094 0.036614075 0.12893621 0.29725222 1.00  3902
mean.R[1, 8]    0.54743759 0.113000481 0.323945601 0.55017120 0.76331692 1.00  5290
mean.R[2, 8]    0.46564347 0.131740532 0.219606940 0.46149330 0.72990969 1.00  6153
mean.R[3, 8]    0.42097623 0.104099663 0.223616205 0.41878914 0.63030182 1.00  5127
mean.R[4, 8]    0.38740478 0.102261324 0.194740326 0.38457102 0.59402796 1.00  3949
mean.R[5, 8]    0.14026362 0.069328124 0.037453935 0.12990147 0.29885585 1.00  4712
mean.R[1, 9]    0.53450792 0.113871266 0.303660850 0.53781864 0.74445062 1.00  5437
mean.R[2, 9]    0.45296946 0.131494622 0.206691449 0.44976083 0.71051089 1.00  5896
mean.R[3, 9]    0.40838759 0.104180440 0.205044919 0.40776657 0.61085718 1.00  4643
mean.R[4, 9]    0.37482789 0.099034741 0.185916987 0.37348387 0.57157497 1.00  4634
mean.R[5, 9]    0.13378578 0.065035869 0.034741569 0.12384430 0.28348256 1.00  4891
mean.R[1, 10]   0.53778475 0.113278891 0.307161439 0.54148366 0.74641097 1.00  4619
mean.R[2, 10]   0.45599073 0.131157517 0.207843570 0.45307874 0.71636358 1.00  5791
mean.R[3, 10]   0.41169853 0.105312415 0.203243960 0.41107732 0.61681395 1.00  4035
mean.R[4, 10]   0.37794627 0.099760571 0.187004569 0.37677822 0.57679459 1.00  4044
mean.R[5, 10]   0.13542738 0.065776325 0.035239700 0.12551973 0.28845066 1.00  4879
mean.R[1, 11]   0.55920182 0.113273918 0.339222769 0.56089834 0.77779607 1.00  4199
mean.R[2, 11]   0.47740153 0.132252888 0.233444277 0.47276926 0.74276805 1.00  5722
mean.R[3, 11]   0.43293724 0.106025444 0.237172717 0.42841149 0.65072559 1.00  4355
mean.R[4, 11]   0.39897160 0.104267438 0.212143291 0.39411321 0.61970927 1.00  3428
mean.R[5, 11]   0.14674776 0.073871304 0.039882587 0.13557303 0.31985552 1.00  3526
mean.R[1, 12]   0.53973301 0.112753368 0.313067781 0.54351219 0.74883297 1.00  5355
mean.R[2, 12]   0.45804132 0.131353782 0.210538797 0.45570134 0.71454157 1.00  6115
mean.R[3, 12]   0.41359181 0.104977332 0.208869029 0.41246407 0.62219426 1.00  4513
mean.R[4, 12]   0.37994483 0.100889027 0.186446474 0.37836158 0.58104037 1.00  4046
mean.R[5, 12]   0.13648488 0.066267405 0.034946097 0.12694789 0.28730977 1.00  5222
mean.R[1, 13]   0.56320704 0.114663215 0.342098968 0.56341360 0.78998705 1.00  3958
mean.R[2, 13]   0.48161155 0.133715978 0.234116640 0.47765473 0.75281923 1.00  4750
mean.R[3, 13]   0.43710730 0.108360927 0.240427330 0.43213475 0.66386162 1.00  4165
mean.R[4, 13]   0.40319195 0.108035256 0.213575991 0.39721295 0.63538173 1.00  3437
mean.R[5, 13]   0.14973623 0.080008986 0.040230240 0.13594394 0.33496718 1.01  3764
mean.R[1, 14]   0.54416583 0.113306915 0.314254081 0.54826489 0.75657294 1.00  5108
mean.R[2, 14]   0.46239999 0.131879042 0.214886150 0.46036198 0.72127945 1.00  5613
mean.R[3, 14]   0.41784306 0.104035884 0.215669495 0.41587943 0.62284029 1.00  4959
mean.R[4, 14]   0.38413411 0.101003131 0.191357924 0.38106178 0.58859177 1.00  4735
mean.R[5, 14]   0.13807390 0.065880405 0.037093044 0.12856772 0.29066991 1.00  5396
mean.R[1, 15]   0.53723947 0.116012274 0.304570035 0.54159908 0.75110316 1.00  4092
mean.R[2, 15]   0.45601218 0.133127252 0.199813685 0.45432932 0.71483940 1.00  5679
mean.R[3, 15]   0.41148852 0.106061580 0.205538260 0.41062821 0.61825687 1.00  4306
mean.R[4, 15]   0.37814483 0.103192278 0.177057297 0.37648443 0.58292354 1.00  3810
mean.R[5, 15]   0.13560837 0.067457978 0.034344369 0.12535239 0.28841457 1.00  4316
mean.R[1, 16]   0.55351242 0.112768071 0.332759400 0.55609842 0.76920462 1.00  4715
mean.R[2, 16]   0.47173710 0.132577681 0.225942828 0.46760006 0.73580592 1.00  5412
mean.R[3, 16]   0.42715643 0.105252838 0.229137603 0.42359512 0.64040409 1.00  4574
mean.R[4, 16]   0.39333544 0.103115233 0.204637683 0.38918623 0.61026366 1.00  3655
mean.R[5, 16]   0.14352943 0.071563889 0.038568531 0.13234224 0.30900632 1.00  3139
mean.R[1, 17]   0.54261117 0.113985049 0.315212973 0.54536966 0.76054635 1.00  4497
mean.R[2, 17]   0.46116145 0.132573805 0.207389875 0.46040645 0.72174824 1.00  5673
mean.R[3, 17]   0.41651771 0.106208826 0.211456750 0.41486659 0.62729606 1.00  4184
mean.R[4, 17]   0.38303180 0.103393084 0.187377402 0.38129536 0.59193347 1.00  3836
mean.R[5, 17]   0.13793467 0.067957114 0.036273761 0.12824786 0.29225694 1.00  4573
mean.phi[1, 1]  0.94454269 0.061209143 0.772739297 0.96555201 0.99722791 1.00  6777
mean.phi[2, 1]  0.94972347 0.073276766 0.740062837 0.97609464 0.99865520 1.01  6485
mean.phi[3, 1]  0.96270439 0.059391944 0.799946822 0.98227386 0.99901651 1.00  4914
mean.phi[4, 1]  0.71609210 0.213298901 0.201890254 0.77178730 0.97522293 1.00  3828
mean.phi[5, 1]  0.90780777 0.088499590 0.661958154 0.93560717 0.99416410 1.00  6857
mean.phi[1, 2]  0.95913954 0.041761214 0.842479117 0.97278368 0.99791268 1.00  6715
mean.phi[2, 2]  0.96617137 0.041645592 0.847579811 0.98073780 0.99872276 1.00  7366
mean.phi[3, 2]  0.96140060 0.058860600 0.789287157 0.98205275 0.99901613 1.00  5492
mean.phi[4, 2]  0.71701058 0.212212168 0.200141857 0.77301642 0.97491664 1.00  4507
mean.phi[5, 2]  0.37834760 0.189186977 0.064972243 0.36416865 0.76570533 1.00  2832
mean.phi[1, 3]  0.95163333 0.035307113 0.861015888 0.96045220 0.99360166 1.00  7171
mean.phi[2, 3]  0.97265602 0.032081959 0.882319344 0.98336991 0.99889182 1.00  7178
mean.phi[3, 3]  0.97959913 0.024445052 0.911041927 0.98795432 0.99910025 1.00  6840
mean.phi[4, 3]  0.80718579 0.147851604 0.419532592 0.84785497 0.98043770 1.00  6524
mean.phi[5, 3]  0.52039782 0.169079398 0.187552994 0.52631866 0.82423539 1.00  5431
mean.phi[1, 4]  0.85391866 0.075944875 0.676265089 0.86646975 0.96301832 1.00  7505
mean.phi[2, 4]  0.93635728 0.042421521 0.828346326 0.94592515 0.98937197 1.00  8147
mean.phi[3, 4]  0.98538234 0.015817827 0.941755256 0.99033881 0.99922972 1.00  6578
mean.phi[4, 4]  0.85452132 0.109674360 0.572097370 0.88215445 0.98445626 1.00  7315
mean.phi[5, 4]  0.36987819 0.186007191 0.062941805 0.35643495 0.75048660 1.00  2577
mean.phi[1, 5]  0.92652338 0.085101347 0.684792777 0.95675906 0.99697466 1.00  6223
mean.phi[2, 5]  0.95011260 0.042435635 0.834221521 0.96234640 0.99543601 1.00  7916
mean.phi[3, 5]  0.92183613 0.034382650 0.841461559 0.92676403 0.97411057 1.00  7855
mean.phi[4, 5]  0.83293438 0.127461829 0.506664328 0.86703640 0.98245881 1.00  5954
mean.phi[5, 5]  0.72981215 0.185519372 0.283968176 0.77213861 0.97078497 1.00  5848
mean.phi[1, 6]  0.92155955 0.059312745 0.767732045 0.93715473 0.99097182 1.00  7494
mean.phi[2, 6]  0.95527235 0.062525427 0.776119913 0.97716865 0.99871324 1.00  6557
mean.phi[3, 6]  0.93410676 0.028637164 0.867194761 0.93835720 0.97808560 1.00  7850
mean.phi[4, 6]  0.48305080 0.210197708 0.101720909 0.48193553 0.86447919 1.00  3312
mean.phi[5, 6]  0.72715205 0.187566092 0.280888991 0.77003163 0.96877505 1.00  5764
mean.phi[1, 7]  0.90068164 0.125892897 0.518981371 0.94753917 0.99663881 1.00  6189
mean.phi[2, 7]  0.97283016 0.031860956 0.884387171 0.98322472 0.99889120 1.01  7097
mean.phi[3, 7]  0.98916227 0.010871826 0.959190323 0.99261418 0.99937707 1.00  7090
mean.phi[4, 7]  0.95229581 0.045587395 0.828655972 0.96626274 0.99686867 1.00  6263
mean.phi[5, 7]  0.85878468 0.142503751 0.455892112 0.90709603 0.99340019 1.00  6718
mean.phi[1, 8]  0.92882627 0.082199435 0.691964056 0.95825759 0.99717517 1.00  6974
mean.phi[2, 8]  0.94034183 0.093908156 0.660810520 0.97324330 0.99868646 1.00  5815
mean.phi[3, 8]  0.97906633 0.016369785 0.936135893 0.98340128 0.99754862 1.00  7236
mean.phi[4, 8]  0.96755712 0.028454672 0.892080716 0.97566388 0.99755723 1.00  6842
mean.phi[5, 8]  0.66149907 0.226761301 0.157341550 0.70687797 0.96522614 1.00  4307
mean.phi[1, 9]  0.90179962 0.124277471 0.530830631 0.94785862 0.99681678 1.00  5970
mean.phi[2, 9]  0.95365048 0.064658007 0.760108298 0.97634150 0.99861539 1.00  6120
mean.phi[3, 9]  0.94834129 0.034607489 0.860538990 0.95638472 0.99116944 1.00  7016
mean.phi[4, 9]  0.94972776 0.028677471 0.880071331 0.95503050 0.98884167 1.00  7614
mean.phi[5, 9]  0.85813344 0.143175396 0.450452562 0.90768719 0.99322439 1.00  6493
mean.phi[1, 10] 0.95003102 0.036580765 0.854979401 0.95891383 0.99384131 1.00  7168
mean.phi[2, 10] 0.94107535 0.089744349 0.672392041 0.97328366 0.99862963 1.00  6093
mean.phi[3, 10] 0.98019951 0.023181016 0.914222759 0.98824094 0.99914741 1.00  7132
mean.phi[4, 10] 0.95405288 0.026585236 0.888118893 0.95922451 0.98996924 1.00  7291
mean.phi[5, 10] 0.93932896 0.055072337 0.790448437 0.95591931 0.99544376 1.00  6626
mean.phi[1, 11] 0.92599803 0.056571481 0.777909202 0.94008574 0.99152318 1.00  7113
mean.phi[2, 11] 0.96055130 0.032443107 0.875905122 0.96977164 0.99569973 1.00  7531
mean.phi[3, 11] 0.97915787 0.024812006 0.909704993 0.98766279 0.99914823 1.00  6870
mean.phi[4, 11] 0.94364785 0.032262589 0.865218623 0.95014441 0.98802635 1.00  7722
mean.phi[5, 11] 0.93340257 0.044629061 0.821655785 0.94381691 0.98965613 1.00  7391
mean.phi[1, 12] 0.83989781 0.098931628 0.596988739 0.85995708 0.97296033 1.00  7393
mean.phi[2, 12] 0.97476647 0.028862621 0.893627643 0.98415973 0.99891802 1.00  7157
mean.phi[3, 12] 0.98458236 0.016789100 0.937965414 0.99001866 0.99919503 1.00  6010
mean.phi[4, 12] 0.97036711 0.026533945 0.898818994 0.97800404 0.99765835 1.00  6551
mean.phi[5, 12] 0.97551047 0.019590764 0.923925950 0.98064273 0.99752522 1.00  6709
mean.phi[1, 13] 0.92483652 0.046556087 0.808173767 0.93526731 0.98542732 1.00  7011
mean.phi[2, 13] 0.91915434 0.073729058 0.715835825 0.94159541 0.99388932 1.00  6785
mean.phi[3, 13] 0.97429399 0.020775206 0.918533659 0.97994406 0.99726394 1.00  7494
mean.phi[4, 13] 0.91680326 0.060378807 0.762371289 0.93193271 0.98898945 1.00  7400
mean.phi[5, 13] 0.97938570 0.016038538 0.938645861 0.98344518 0.99791176 1.00  4943
mean.phi[1, 14] 0.95708851 0.043703384 0.837428546 0.97105675 0.99779484 1.00  7127
mean.phi[2, 14] 0.98068348 0.020459533 0.925168815 0.98725829 0.99900594 1.00  6872
mean.phi[3, 14] 0.97600165 0.019504087 0.924447306 0.98125217 0.99747587 1.00  6814
mean.phi[4, 14] 0.95647021 0.040506416 0.847808413 0.96890849 0.99698671 1.00  7145
mean.phi[5, 14] 0.94110034 0.028797872 0.872242675 0.94581436 0.98279608 1.00  7383
mean.phi[1, 15] 0.94912689 0.055896982 0.790654095 0.96794333 0.99758729 1.00  6776
mean.phi[2, 15] 0.97269519 0.031964033 0.881132654 0.98347074 0.99888696 1.00  7382
mean.phi[3, 15] 0.98176141 0.014067715 0.945052611 0.98549886 0.99791341 1.00  7328
mean.phi[4, 15] 0.90753593 0.098577905 0.623580230 0.94117769 0.99585949 1.01  6509
mean.phi[5, 15] 0.98114149 0.014415547 0.943888934 0.98479736 0.99789638 1.00  6408
mean.phi[1, 16] 0.95384608 0.034120280 0.866146257 0.96252860 0.99402253 1.00  7545
mean.phi[2, 16] 0.97063841 0.035211203 0.871743484 0.98255646 0.99889326 1.00  6802
mean.phi[3, 16] 0.98917237 0.010701983 0.959958594 0.99251212 0.99937294 1.00  7028
mean.phi[4, 16] 0.94740295 0.036030816 0.855579304 0.95568931 0.99206144 1.00  7769
mean.phi[5, 16] 0.98158810 0.014126292 0.945068291 0.98512970 0.99792924 1.00  6653
mean.phi[1, 17] 0.95973359 0.041247837 0.846303615 0.97315514 0.99783732 1.00  6255
mean.phi[2, 17] 0.98035455 0.021637706 0.921177684 0.98727173 0.99909716 1.00  6715
mean.phi[3, 17] 0.98814017 0.012013266 0.955831939 0.99185307 0.99938195 1.00  6361
mean.phi[4, 17] 0.97413497 0.022189478 0.915838259 0.98052145 0.99786829 1.00  6430
mean.phi[5, 17] 0.98072319 0.014899284 0.941742716 0.98467536 0.99790887 1.00  6145
mean.r[1]       0.94335930 0.026936032 0.881038881 0.94734336 0.98419981 1.00  5491
mean.r[2]       0.94335930 0.026936032 0.881038881 0.94734336 0.98419981 1.00  5491
mean.r[3]       0.94335930 0.026936032 0.881038881 0.94734336 0.98419981 1.00  5491
mean.r[4]       0.94335930 0.026936032 0.881038881 0.94734336 0.98419981 1.00  5491
mean.r[5]       0.94335930 0.026936032 0.881038881 0.94734336 0.98419981 1.00  5491
mean.r[6]       0.94335930 0.026936032 0.881038881 0.94734336 0.98419981 1.00  5491
mean.r[7]       0.94335930 0.026936032 0.881038881 0.94734336 0.98419981 1.00  5491
mean.r[8]       0.94335930 0.026936032 0.881038881 0.94734336 0.98419981 1.00  5491
mean.r[9]       0.94335930 0.026936032 0.881038881 0.94734336 0.98419981 1.00  5491
mean.r[10]      0.94335930 0.026936032 0.881038881 0.94734336 0.98419981 1.00  5491
mean.r[11]      0.94335930 0.026936032 0.881038881 0.94734336 0.98419981 1.00  5491
mean.r[12]      0.94335930 0.026936032 0.881038881 0.94734336 0.98419981 1.00  5491
mean.r[13]      0.94335930 0.026936032 0.881038881 0.94734336 0.98419981 1.00  5491
mean.r[14]      0.94335930 0.026936032 0.881038881 0.94734336 0.98419981 1.00  5491
mean.r[15]      0.94335930 0.026936032 0.881038881 0.94734336 0.98419981 1.00  5491
mean.r[16]      0.94335930 0.026936032 0.881038881 0.94734336 0.98419981 1.00  5491
mean.r[17]      0.94335930 0.026936032 0.881038881 0.94734336 0.98419981 1.00  5491
mean.r[18]      0.94335930 0.026936032 0.881038881 0.94734336 0.98419981 1.00  5491
mu.M[1]         0.25599010 0.033126510 0.192840932 0.25496107 0.32327181 1.00  5394
mu.M[2]         0.23039908 0.032413753 0.170374199 0.22944358 0.29666524 1.00  4330
mu.M[3]         0.15456054 0.016381546 0.124138341 0.15386340 0.18899913 1.00  4602
mu.M[4]         0.06125739 0.014358050 0.036453474 0.06018524 0.09164184 1.00  4870
mu.M[5]         0.02984827 0.008677718 0.015347895 0.02900275 0.04912187 1.00  4874
mu.Pi           0.99251299 0.005015508 0.980135321 0.99353100 0.99898632 1.00  2208
mu.Po           0.11556210 0.009563207 0.097629026 0.11536348 0.13513720 1.00  7024
mu.R[1]         0.54157291 0.105157766 0.334417343 0.54422295 0.74032304 1.00  6765
mu.R[2]         0.45921395 0.124861018 0.226851294 0.45577732 0.70565875 1.00  6964
mu.R[3]         0.41429619 0.096385635 0.229633016 0.41168968 0.60809724 1.00  5887
mu.R[4]         0.38057749 0.092680963 0.204246635 0.37905774 0.56268832 1.00  5909
mu.R[5]         0.13578861 0.062534719 0.038138740 0.12720371 0.27879030 1.00  5791
mu.phi[1]       0.94259735 0.025659174 0.878757429 0.94703136 0.97951295 1.00  1550
mu.phi[2]       0.96976107 0.017131646 0.926547382 0.97341748 0.99192790 1.00  1878
mu.phi[3]       0.97924285 0.009481260 0.956198540 0.98079072 0.99252674 1.01  1106
mu.phi[4]       0.91821854 0.033358976 0.834376151 0.92424338 0.96546463 1.01  1347
mu.phi[5]       0.87855561 0.044751323 0.772217200 0.88524145 0.94567935 1.00  1360
mu.r            0.94335930 0.026936032 0.881038881 0.94734336 0.98419981 1.00  5491
sigma.M         0.13448025 0.105291420 0.007355678 0.10972680 0.38085414 1.01   115
sigma.R         0.14007266 0.159856794 0.003468337 0.08015831 0.58765812 1.03    54
sigma.phi       1.35288311 0.211382377 0.972148101 1.34333894 1.79597381 1.00   714
