Information and diagnostics 
=========================== 
Total iter:                       5000 
Thin:                             1 
Num chains:                       3 
Max Rhat:                         1.24 
Min n.eff:                        0 


Model summary 
============= 
                       mean          sd         2.5%         50%       97.5% Rhat n.eff
mean.M[1, 1]    0.057822744 0.059579462 3.700646e-03 0.037746987 0.221700216 1.01  3465
mean.M[2, 1]    0.070198833 0.063453148 4.921568e-03 0.051114751 0.245453961 1.00  3489
mean.M[3, 1]    0.146433366 0.121748847 1.174476e-02 0.113277061 0.471346153 1.00  3433
mean.M[4, 1]    0.036429923 0.044398199 1.633945e-03 0.021829557 0.162728561 1.01  3537
mean.M[5, 1]    0.048197815 0.044192889 3.571634e-03 0.034950705 0.167225711 1.00  3567
mean.M[1, 2]    0.073997818 0.054988628 9.011593e-03 0.060970570 0.215759290 1.00  3045
mean.M[2, 2]    0.272504528 0.107917530 9.778438e-02 0.263073171 0.511808721 1.00  3527
mean.M[3, 2]    0.123308353 0.077995406 2.065023e-02 0.107238427 0.319192676 1.00  3347
mean.M[4, 2]    0.032898301 0.039048458 1.516015e-03 0.020303883 0.139634743 1.00  3722
mean.M[5, 2]    0.055691304 0.051142473 4.404059e-03 0.040797308 0.197553119 1.00  3957
mean.M[1, 3]    0.223051417 0.094896659 6.807565e-02 0.212985025 0.437325525 1.00  3442
mean.M[2, 3]    0.089287987 0.049549956 1.909545e-02 0.079640056 0.207757758 1.00  3390
mean.M[3, 3]    0.044470642 0.035255022 4.910732e-03 0.035043620 0.136639720 1.00  3385
mean.M[4, 3]    0.035432911 0.042751899 1.741669e-03 0.020950672 0.154376532 1.00  3434
mean.M[5, 3]    0.106562101 0.076670752 1.245832e-02 0.087855351 0.304202410 1.00  3406
mean.M[1, 4]    0.436607510 0.130768982 1.953545e-01 0.431988849 0.696398087 1.00  3390
mean.M[2, 4]    0.047729733 0.031273443 7.605955e-03 0.040492271 0.124923864 1.00  3681
mean.M[3, 4]    0.047114454 0.034022459 5.717140e-03 0.039329827 0.134710783 1.00  3009
mean.M[4, 4]    0.025875157 0.027942618 1.527089e-03 0.016485513 0.104470895 1.01  3484
mean.M[5, 4]    0.056649230 0.054736235 3.456116e-03 0.039298287 0.209075089 1.00  3571
mean.M[1, 5]    0.358532730 0.117806604 1.503490e-01 0.353682660 0.601073593 1.00  3371
mean.M[2, 5]    0.122505431 0.058477174 3.323289e-02 0.114135580 0.258148703 1.00  3351
mean.M[3, 5]    0.046358856 0.027358120 9.218543e-03 0.041198005 0.112780782 1.00  3353
mean.M[4, 5]    0.023664300 0.024883877 1.277633e-03 0.015423964 0.093597472 1.00  3390
mean.M[5, 5]    0.049287946 0.045348421 3.735338e-03 0.035498347 0.172992091 1.00  3717
mean.M[1, 6]    0.103773720 0.117188945 4.632825e-03 0.060617169 0.444800453 1.00  3547
mean.M[2, 6]    0.061913382 0.040953841 9.678911e-03 0.052464302 0.164556022 1.00  3615
mean.M[3, 6]    0.033262073 0.020401932 6.127888e-03 0.029407369 0.083866536 1.00  3266
mean.M[4, 6]    0.063493929 0.052490610 6.260802e-03 0.048688903 0.206295540 1.00  3668
mean.M[5, 6]    0.074832565 0.073666688 4.331830e-03 0.050378886 0.271530248 1.00  3895
mean.M[1, 7]    0.513091380 0.131580809 2.585669e-01 0.511540829 0.767819408 1.00  3500
mean.M[2, 7]    0.050924241 0.046088926 4.251898e-03 0.037478306 0.177031580 1.01  3442
mean.M[3, 7]    0.042949900 0.022960837 1.051967e-02 0.038923849 0.098515528 1.00  3194
mean.M[4, 7]    0.020489391 0.021280257 1.201142e-03 0.013770823 0.081773179 1.00  3645
mean.M[5, 7]    0.075091053 0.073118672 4.822681e-03 0.051269878 0.276632409 1.00  3408
mean.M[1, 8]    0.297784959 0.164778474 5.281623e-02 0.272719758 0.677386578 1.00  3419
mean.M[2, 8]    0.135759226 0.075696746 3.015980e-02 0.122534115 0.321857439 1.00  3482
mean.M[3, 8]    0.033215567 0.019682727 6.773195e-03 0.029274215 0.080986292 1.00  3549
mean.M[4, 8]    0.062026745 0.040570571 1.058096e-02 0.051994533 0.162669640 1.01  3673
mean.M[5, 8]    0.081590574 0.079938676 4.900556e-03 0.055373366 0.307668155 1.00  3661
mean.M[1, 9]    0.264592647 0.071663827 1.380051e-01 0.260550340 0.412230432 1.00  3248
mean.M[2, 9]    0.078428335 0.052058017 1.203308e-02 0.067530141 0.208976715 1.00  3462
mean.M[3, 9]    0.089837825 0.041513086 2.785610e-02 0.083402412 0.187511652 1.00  3460
mean.M[4, 9]    0.027736285 0.021120377 3.643247e-03 0.022424890 0.085452981 1.00  3488
mean.M[5, 9]    0.147002884 0.108499241 1.686822e-02 0.117554688 0.428948267 1.00  3415
mean.M[1, 10]   0.140877642 0.085052192 2.761184e-02 0.124572363 0.348394610 1.01  3322
mean.M[2, 10]   0.059421719 0.033335770 1.307708e-02 0.053121308 0.141019198 1.01  3415
mean.M[3, 10]   0.032067244 0.023450158 4.111284e-03 0.026270510 0.091279361 1.00  3222
mean.M[4, 10]   0.013315605 0.012313094 9.974064e-04 0.009609216 0.046373825 1.00  3606
mean.M[5, 10]   0.084414597 0.059733665 1.119725e-02 0.070131799 0.234953346 1.00  3654
mean.M[1, 11]   0.067759993 0.049821451 8.699287e-03 0.055429438 0.197063910 1.00  3547
mean.M[2, 11]   0.053069061 0.029037758 1.172918e-02 0.047678445 0.122616454 1.00  3468
mean.M[3, 11]   0.037530964 0.029360703 4.579238e-03 0.029651384 0.113569841 1.00  3263
mean.M[4, 11]   0.025124002 0.018773681 3.394507e-03 0.020226559 0.073874828 1.00  3653
mean.M[5, 11]   0.033091237 0.028217268 3.036373e-03 0.025249300 0.110414720 1.00  3675
mean.M[1, 12]   0.333066652 0.093316145 1.665691e-01 0.327420541 0.533534642 1.00  3251
mean.M[2, 12]   0.178795977 0.068614918 6.678034e-02 0.170205275 0.333981585 1.00  3408
mean.M[3, 12]   0.037383074 0.022985633 6.679559e-03 0.032280393 0.094991643 1.00  3230
mean.M[4, 12]   0.015256045 0.015245618 1.071807e-03 0.010482217 0.056832268 1.01  3619
mean.M[5, 12]   0.059445892 0.033483616 1.394803e-02 0.052731431 0.140005718 1.00  3338
mean.M[1, 13]   0.199631773 0.071353529 8.285562e-02 0.193997052 0.358421383 1.00  3481
mean.M[2, 13]   0.148378610 0.052439597 6.187918e-02 0.143308636 0.266974195 1.00  3688
mean.M[3, 13]   0.045987341 0.024063517 1.137949e-02 0.042487810 0.101577781 1.00  3336
mean.M[4, 13]   0.040050537 0.031751690 4.124438e-03 0.031364491 0.123148151 1.00  3599
mean.M[5, 13]   0.081999140 0.036017311 2.683002e-02 0.077285581 0.165069986 1.00  3373
mean.M[1, 14]   0.160273537 0.069963165 5.224121e-02 0.150696574 0.321970526 1.00  3601
mean.M[2, 14]   0.045220836 0.028410866 7.782673e-03 0.039510051 0.116968989 1.00  3059
mean.M[3, 14]   0.044669893 0.023156157 1.149202e-02 0.040759678 0.100906316 1.00  3323
mean.M[4, 14]   0.017894910 0.018239757 1.116442e-03 0.011990420 0.066711611 1.00  3721
mean.M[5, 14]   0.032418289 0.021375909 5.366922e-03 0.027720425 0.085534948 1.00  3462
mean.M[1, 15]   0.162512847 0.058992849 6.567094e-02 0.155140186 0.295222477 1.00  3352
mean.M[2, 15]   0.078755111 0.035888842 2.338298e-02 0.074112828 0.162206746 1.01  3181
mean.M[3, 15]   0.039744807 0.020257839 1.033216e-02 0.036750820 0.088253939 1.00  3030
mean.M[4, 15]   0.021712965 0.023686527 1.113072e-03 0.013761333 0.092223931 1.00  3574
mean.M[5, 15]   0.040599816 0.022169146 9.501246e-03 0.036653391 0.093464150 1.00  3516
mean.M[1, 16]   0.029978575 0.027516974 2.421473e-03 0.021887235 0.106382845 1.01  3658
mean.M[2, 16]   0.124191039 0.041749483 5.612754e-02 0.119386547 0.218738146 1.00  3355
mean.M[3, 16]   0.045496488 0.023418438 1.191666e-02 0.041487055 0.100856957 1.00  3157
mean.M[4, 16]   0.013261474 0.012673310 9.823314e-04 0.009359447 0.049645895 1.01  3410
mean.M[5, 16]   0.053169639 0.026302638 1.514496e-02 0.048650124 0.115403740 1.00  3537
mean.M[1, 17]   0.203278815 0.123197501 3.050157e-02 0.179542030 0.503664160 1.00  3063
mean.M[2, 17]   0.118585036 0.041565926 5.055234e-02 0.113790281 0.212008127 1.00  3182
mean.M[3, 17]   0.076009416 0.028448467 3.056225e-02 0.072858746 0.140507905 1.00  3233
mean.M[4, 17]   0.012587890 0.012004318 9.711246e-04 0.008886184 0.046423341 1.00  3826
mean.M[5, 17]   0.031499954 0.019519371 5.378408e-03 0.027673248 0.079063032 1.00  2641
mean.Pi[1]      0.996061127 0.001937591 9.915338e-01 0.996337924 0.999009224 1.00  1786
mean.Pi[2]      0.995719227 0.002104953 9.908018e-01 0.996019623 0.998922857 1.00  1786
mean.Pi[3]      0.996988969 0.001482745 9.935226e-01 0.997201379 0.999243311 1.00  1786
mean.Pi[4]      0.996078718 0.001928977 9.915715e-01 0.996354299 0.999013667 1.00  1786
mean.Pi[5]      0.996094941 0.001921032 9.916063e-01 0.996369400 0.999017763 1.00  1786
mean.Pi[6]      0.994924271 0.002493581 9.891016e-01 0.995279275 0.998721816 1.00  1786
mean.Pi[7]      0.996180809 0.001878975 9.917902e-01 0.996449329 0.999039443 1.00  1786
mean.Pi[8]      0.996176619 0.001881028 9.917812e-01 0.996445429 0.999038386 1.00  1786
mean.Pi[9]      0.996323832 0.001808906 9.920966e-01 0.996582450 0.999075546 1.00  1786
mean.Pi[10]     0.996714761 0.001617268 9.929345e-01 0.996946251 0.999174175 1.00  1786
mean.Pi[11]     0.995808103 0.002061461 9.909921e-01 0.996102371 0.998945314 1.00  1786
mean.Pi[12]     0.996141077 0.001898436 9.917051e-01 0.996412346 0.999029412 1.00  1786
mean.Pi[13]     0.996610840 0.001668228 9.927117e-01 0.996849551 0.999147964 1.00  1786
mean.Pi[14]     0.996254359 0.001842945 9.919477e-01 0.996517788 0.999058011 1.00  1786
mean.Pi[15]     0.996396236 0.001773426 9.922517e-01 0.996649836 0.999093819 1.00  1786
mean.Pi[16]     0.996192099 0.001873445 9.918144e-01 0.996459838 0.999042294 1.00  1786
mean.Pi[17]     0.996605576 0.001670810 9.927004e-01 0.996844652 0.999146636 1.00  1786
mean.Pi[18]     0.995968873 0.001982763 9.913363e-01 0.996252044 0.998985926 1.00  1786
mean.Po[1]      0.017797833 0.004824285 1.009879e-02 0.017270068 0.028328952 1.01  3458
mean.Po[2]      0.017846876 0.004759780 1.015982e-02 0.017362050 0.028771728 1.00  2379
mean.Po[3]      0.018162895 0.005393876 1.035870e-02 0.017532816 0.029856591 1.02  1593
mean.Po[4]      0.018176541 0.005471658 1.046384e-02 0.017469674 0.029796767 1.01  2060
mean.Po[5]      0.018086329 0.005054535 1.042007e-02 0.017443774 0.029011875 1.01  1908
mean.Po[6]      0.017915407 0.004775966 1.041945e-02 0.017376511 0.028605953 1.01  2552
mean.Po[7]      0.017577795 0.004607536 9.891977e-03 0.017151604 0.027747524 1.00  2612
mean.Po[8]      0.017805175 0.004678730 1.023864e-02 0.017304637 0.028206948 1.01  2601
mean.Po[9]      0.017767650 0.004778066 9.998287e-03 0.017266619 0.028520517 1.01  2341
mean.Po[10]     0.018326613 0.004981115 1.056124e-02 0.017736576 0.029711887 1.02  2129
mean.Po[11]     0.017994400 0.004751883 1.041035e-02 0.017494897 0.028673764 1.00  2350
mean.Po[12]     0.018225232 0.005063348 1.056758e-02 0.017551974 0.029884636 1.02  1880
mean.Po[13]     0.017353848 0.004439346 9.807887e-03 0.016942554 0.027065704 1.01  2693
mean.Po[14]     0.017206582 0.004309679 9.663551e-03 0.016882633 0.026627022 1.00  2912
mean.Po[15]     0.017305748 0.004381635 9.848490e-03 0.016968237 0.026906075 1.00  2719
mean.Po[16]     0.017187701 0.004291516 9.770712e-03 0.016865888 0.026660163 1.00  2950
mean.Po[17]     0.017362481 0.004409758 9.819994e-03 0.016985451 0.027234797 1.00  2696
mean.Po[18]     0.017349950 0.004404263 1.004418e-02 0.016949705 0.027203713 1.00  2819
mean.R[1, 1]    0.199793994 0.238998345 1.557404e-03 0.092750535 0.867506773 1.00  3364
mean.R[2, 1]    0.026650193 0.075416882 6.768528e-05 0.004452333 0.221590929 1.01  3291
mean.R[3, 1]    0.125058296 0.186227088 6.901588e-04 0.043528442 0.720085888 1.00  3198
mean.R[4, 1]    0.102893457 0.170350327 5.986321e-04 0.031155667 0.663493870 1.00  3216
mean.R[5, 1]    0.565759396 0.274851090 7.057183e-02 0.585974358 0.979448008 1.00  3062
mean.R[1, 2]    0.207978502 0.244626973 1.912826e-03 0.106160304 0.882034126 1.01  3376
mean.R[2, 2]    0.027602345 0.077392586 8.444313e-05 0.004715506 0.237387780 1.01  3753
mean.R[3, 2]    0.134879885 0.196126132 7.907080e-04 0.045200572 0.746012127 1.00  3200
mean.R[4, 2]    0.111078076 0.179860069 4.806081e-04 0.033227071 0.716590219 1.01  3384
mean.R[5, 2]    0.072048082 0.081528987 1.499093e-03 0.043089466 0.299701172 1.00  3541
mean.R[1, 3]    0.129178153 0.162710107 1.495813e-03 0.065416425 0.632719793 1.00  3368
mean.R[2, 3]    0.212975847 0.228230761 3.665967e-03 0.119295407 0.814025194 1.00  1920
mean.R[3, 3]    0.134624813 0.196412852 8.390442e-04 0.047888215 0.753519070 1.01  3212
mean.R[4, 3]    0.058367972 0.093296483 4.641062e-04 0.022377847 0.340332568 1.01  3352
mean.R[5, 3]    0.092443852 0.104574946 1.675311e-03 0.054263151 0.389678626 1.00  3459
mean.R[1, 4]    0.210351741 0.245770600 1.520395e-03 0.102655321 0.881805560 1.00  3268
mean.R[2, 4]    0.150404541 0.170411251 2.787803e-03 0.086621052 0.637751201 1.01  2672
mean.R[3, 4]    0.059652956 0.089864699 5.655406e-04 0.024239025 0.323877666 1.00  3544
mean.R[4, 4]    0.103728465 0.167278148 5.257680e-04 0.032082217 0.639784559 1.00  2947
mean.R[5, 4]    0.090181239 0.100650447 1.998823e-03 0.054442316 0.371945246 1.00  3782
mean.R[1, 5]    0.201594005 0.237129978 1.745761e-03 0.099247921 0.857174887 1.00  3668
mean.R[2, 5]    0.028667805 0.080537350 7.528843e-05 0.004719651 0.253658980 1.01  3423
mean.R[3, 5]    0.675670254 0.213396628 2.083629e-01 0.710515867 0.975476386 1.01  2133
mean.R[4, 5]    0.103308871 0.171725888 4.351543e-04 0.030564925 0.671911950 1.00  3337
mean.R[5, 5]    0.107461274 0.121613533 1.774785e-03 0.064275244 0.454205870 1.00  3509
mean.R[1, 6]    0.208499210 0.245051683 1.932160e-03 0.099475285 0.869202516 1.00  3234
mean.R[2, 6]    0.027700163 0.074070175 8.492606e-05 0.004800857 0.236780893 1.00  3820
mean.R[3, 6]    0.131358796 0.193315880 7.029990e-04 0.047797582 0.755531344 1.01  3274
mean.R[4, 6]    0.031687791 0.046790308 3.339983e-04 0.013767321 0.167882978 1.00  3568
mean.R[5, 6]    0.111815436 0.083090250 9.172643e-03 0.090918243 0.316235734 1.00  3404
mean.R[1, 7]    0.213981664 0.253422549 1.653444e-03 0.100228496 0.892452734 1.00  3290
mean.R[2, 7]    0.020661494 0.052891685 8.085940e-05 0.004484831 0.162325360 1.01  3358
mean.R[3, 7]    0.070900581 0.104824674 6.301901e-04 0.029450989 0.376102091 1.01  3345
mean.R[4, 7]    0.109783122 0.178318546 5.670621e-04 0.031927343 0.709351030 1.00  3037
mean.R[5, 7]    0.560418530 0.273114552 6.457593e-02 0.584396751 0.973888624 1.00  3235
mean.R[1, 8]    0.202613645 0.244143185 1.661340e-03 0.093301612 0.864575358 1.00  3652
mean.R[2, 8]    0.026813239 0.076841909 7.853995e-05 0.004745875 0.227662865 1.01  3075
mean.R[3, 8]    0.359642712 0.194177112 5.823413e-02 0.333613474 0.777700596 1.00  3221
mean.R[4, 8]    0.337570203 0.154717538 8.561135e-02 0.325016774 0.670050456 1.00  3001
mean.R[5, 8]    0.181899742 0.129271743 2.047317e-02 0.151965913 0.495123557 1.00  3373
mean.R[1, 9]    0.211138751 0.250442062 1.720595e-03 0.097988306 0.892362753 1.00  3136
mean.R[2, 9]    0.027772698 0.079236799 7.184370e-05 0.004757477 0.233673786 1.01  2971
mean.R[3, 9]    0.438834398 0.225320677 6.743082e-02 0.420295561 0.877993031 1.00  2939
mean.R[4, 9]    0.336607871 0.158432845 8.143487e-02 0.320947782 0.682199936 1.00  2888
mean.R[5, 9]    0.062000551 0.068008001 1.371280e-03 0.039057054 0.258483248 1.00  3287
mean.R[1, 10]   0.131190316 0.162947734 1.396034e-03 0.063928400 0.608504177 1.00  3569
mean.R[2, 10]   0.027013128 0.070959197 7.105520e-05 0.004728321 0.224818540 1.00  3342
mean.R[3, 10]   0.092198585 0.132590339 6.731163e-04 0.038196899 0.490426033 1.00  3506
mean.R[4, 10]   0.440774218 0.189022317 1.058993e-01 0.432273894 0.812091876 1.00  2269
mean.R[5, 10]   0.298914695 0.282459534 3.696206e-03 0.200700853 0.936861703 1.00  3461
mean.R[1, 11]   0.211798217 0.248535305 1.933552e-03 0.103434889 0.886379962 1.00  3119
mean.R[2, 11]   0.119580458 0.136055258 2.825422e-03 0.067001652 0.497025776 1.00  2685
mean.R[3, 11]   0.137439346 0.199188585 7.311962e-04 0.050767662 0.757398660 1.00  3113
mean.R[4, 11]   0.102069430 0.168676022 5.552102e-04 0.031551656 0.660666324 1.01  3731
mean.R[5, 11]   0.179647228 0.196804049 2.575180e-03 0.100931865 0.709194767 1.00  3795
mean.R[1, 12]   0.203083421 0.239309047 1.993610e-03 0.100392237 0.870570358 1.00  3301
mean.R[2, 12]   0.027542260 0.074786822 7.824672e-05 0.005133653 0.229629591 1.02  3353
mean.R[3, 12]   0.086436542 0.130866696 5.262737e-04 0.034141618 0.501590055 1.00  3688
mean.R[4, 12]   0.071607755 0.116458476 4.904263e-04 0.025811901 0.443887279 1.00  3617
mean.R[5, 12]   0.072266925 0.081941806 1.394066e-03 0.042331370 0.300645472 1.00  3195
mean.R[1, 13]   0.206133751 0.245486676 1.639042e-03 0.099913872 0.890442096 1.00  3270
mean.R[2, 13]   0.213582605 0.232287565 3.701238e-03 0.118531856 0.840843818 1.00  1920
mean.R[3, 13]   0.131226619 0.196421514 6.843589e-04 0.045034909 0.766211827 1.00  3453
mean.R[4, 13]   0.106192927 0.172628191 6.758900e-04 0.034208601 0.681026457 1.00  3193
mean.R[5, 13]   0.765060005 0.182775166 3.194766e-01 0.808179616 0.988884258 1.00  2925
mean.R[1, 14]   0.200978298 0.238913621 1.809961e-03 0.096208654 0.862035527 1.00  3303
mean.R[2, 14]   0.017820203 0.040833682 6.934083e-05 0.004170533 0.134976282 1.00  4209
mean.R[3, 14]   0.131413744 0.191319709 8.177910e-04 0.048387678 0.737780974 1.00  3328
mean.R[4, 14]   0.365738381 0.268284090 1.713067e-02 0.313266568 0.917164447 1.00  2288
mean.R[5, 14]   0.131424934 0.097390645 1.319717e-02 0.108147191 0.378018153 1.00  3349
mean.R[1, 15]   0.198683106 0.238511407 1.583819e-03 0.096770020 0.865458207 1.00  3706
mean.R[2, 15]   0.207948728 0.226892345 3.658932e-03 0.115817196 0.830394231 1.01  1799
mean.R[3, 15]   0.093456459 0.139031422 6.078690e-04 0.036763940 0.531151439 1.00  3311
mean.R[4, 15]   0.109744806 0.179346037 4.884191e-04 0.033318532 0.707563372 1.00  3074
mean.R[5, 15]   0.133718103 0.151138010 2.111348e-03 0.074888045 0.558636052 1.00  3375
mean.R[1, 16]   0.207334827 0.245942973 2.078321e-03 0.097660691 0.886397880 1.00  3282
mean.R[2, 16]   0.209468245 0.222889910 4.041937e-03 0.121574900 0.803000166 1.00  2229
mean.R[3, 16]   0.132669933 0.194939976 6.831089e-04 0.047077022 0.753105597 1.00  3368
mean.R[4, 16]   0.055520306 0.087803664 4.334020e-04 0.020992902 0.319305417 1.01  3404
mean.R[5, 16]   0.296821106 0.285158003 3.956846e-03 0.192223354 0.943387229 1.00  3259
mean.R[1, 17]   0.207425053 0.243729283 1.598721e-03 0.100661412 0.866620312 1.00  3490
mean.R[2, 17]   0.026392880 0.070295486 8.698459e-05 0.004561275 0.223629215 1.03  3862
mean.R[3, 17]   0.133867646 0.197459002 7.916102e-04 0.045124772 0.752148131 1.01  3264
mean.R[4, 17]   0.106925774 0.174116698 5.554095e-04 0.031294575 0.674708118 1.01  3425
mean.R[5, 17]   0.312116726 0.287939798 4.189783e-03 0.211971610 0.935458730 1.00  2807
mean.phi[1, 1]  0.973077509 0.030971762 8.899466e-01 0.983180735 0.998204595 1.00  3666
mean.phi[2, 1]  0.976393115 0.026380791 9.093637e-01 0.984510385 0.998229894 1.02  3084
mean.phi[3, 1]  0.973984525 0.029791174 8.894611e-01 0.983483392 0.998041881 1.00  3329
mean.phi[4, 1]  0.947084103 0.049752320 8.110190e-01 0.962630265 0.995392948 1.01  3114
mean.phi[5, 1]  0.883676571 0.069305517 7.118830e-01 0.897344567 0.977381931 1.00  3215
mean.phi[1, 2]  0.979047693 0.021372885 9.209153e-01 0.985809195 0.998419811 1.00  3708
mean.phi[2, 2]  0.979082936 0.021250158 9.216267e-01 0.985667654 0.998413586 1.00  3024
mean.phi[3, 2]  0.979224264 0.021867077 9.198204e-01 0.985993285 0.998351958 1.01  3112
mean.phi[4, 2]  0.952288637 0.043442218 8.316944e-01 0.965736944 0.995441452 1.00  3207
mean.phi[5, 2]  0.662288750 0.106213399 4.331846e-01 0.668931122 0.849227075 1.00  3272
mean.phi[1, 3]  0.962156628 0.032023788 8.755297e-01 0.971381888 0.995764239 1.01  3922
mean.phi[2, 3]  0.969797848 0.023265272 9.071489e-01 0.976037747 0.995904537 1.00  3473
mean.phi[3, 3]  0.984247753 0.014352577 9.456661e-01 0.988560327 0.998507385 1.01  3771
mean.phi[4, 3]  0.863279390 0.088819924 6.319859e-01 0.884823150 0.974307087 1.00  2879
mean.phi[5, 3]  0.745266480 0.098611619 5.294729e-01 0.754024025 0.907516537 1.00  3394
mean.phi[1, 4]  0.977285128 0.023981327 9.122332e-01 0.984874508 0.998358324 1.01  3696
mean.phi[2, 4]  0.960109714 0.025929820 8.953167e-01 0.966035932 0.992105623 1.00  3955
mean.phi[3, 4]  0.941062855 0.034785319 8.536242e-01 0.948289605 0.986538438 1.01  3744
mean.phi[4, 4]  0.960823781 0.033104549 8.745992e-01 0.970467807 0.995913739 1.00  3118
mean.phi[5, 4]  0.735204066 0.102033776 5.121899e-01 0.746110186 0.905251528 1.00  3414
mean.phi[1, 5]  0.978437195 0.021859712 9.186015e-01 0.985314940 0.998368664 1.00  3414
mean.phi[2, 5]  0.983572235 0.014985589 9.443414e-01 0.987993423 0.998392715 1.01  3072
mean.phi[3, 5]  0.957793757 0.023361428 9.000076e-01 0.962436454 0.989600995 1.00  3689
mean.phi[4, 5]  0.964310272 0.029873877 8.874708e-01 0.972222438 0.996551259 1.00  3016
mean.phi[5, 5]  0.809092456 0.083423890 6.197305e-01 0.821246980 0.936471835 1.00  3721
mean.phi[1, 6]  0.967841947 0.045370980 8.455620e-01 0.981967584 0.998287522 1.01  2925
mean.phi[2, 6]  0.983051231 0.015931066 9.414652e-01 0.987992057 0.998466809 1.00  3425
mean.phi[3, 6]  0.989104916 0.008998469 9.651540e-01 0.991590094 0.998827502 1.01  3160
mean.phi[4, 6]  0.728953570 0.091743093 5.319294e-01 0.737432575 0.885551124 1.01  2906
mean.phi[5, 6]  0.431018634 0.110307747 2.241407e-01 0.430655450 0.647410157 1.00  3268
mean.phi[1, 7]  0.977663812 0.023985287 9.105297e-01 0.985341876 0.998323212 1.00  3458
mean.phi[2, 7]  0.960978173 0.032216223 8.754115e-01 0.969833555 0.995254247 1.00  3621
mean.phi[3, 7]  0.974731081 0.015385846 9.365884e-01 0.978350334 0.994516173 1.00  3465
mean.phi[4, 7]  0.968574893 0.025864299 8.997625e-01 0.975748239 0.996489001 1.00  3125
mean.phi[5, 7]  0.827030589 0.103277794 5.761879e-01 0.846273471 0.966911140 1.00  3721
mean.phi[1, 8]  0.971369704 0.033784173 8.762394e-01 0.982631431 0.998323830 1.01  3122
mean.phi[2, 8]  0.979620259 0.020356155 9.227583e-01 0.985901270 0.998402451 1.01  3454
mean.phi[3, 8]  0.954451222 0.021871139 9.033634e-01 0.958544576 0.986106418 1.00  3914
mean.phi[4, 8]  0.831729532 0.057958054 7.036875e-01 0.836519742 0.926669712 1.01  3776
mean.phi[5, 8]  0.542562414 0.130270706 2.833648e-01 0.546362852 0.781964977 1.00  3073
mean.phi[1, 9]  0.984920267 0.013767427 9.488497e-01 0.988843983 0.998605239 1.01  3756
mean.phi[2, 9]  0.981134646 0.018735136 9.303092e-01 0.986864121 0.998355611 1.01  3372
mean.phi[3, 9]  0.950730784 0.027682484 8.812947e-01 0.956318798 0.988225894 1.00  3570
mean.phi[4, 9]  0.878689568 0.041932620 7.849453e-01 0.883352160 0.948111972 1.00  3821
mean.phi[5, 9]  0.563039790 0.119049455 3.202594e-01 0.567203694 0.782271548 1.00  3498
mean.phi[1, 10] 0.956730685 0.038516409 8.516761e-01 0.967985333 0.995206964 1.01  3508
mean.phi[2, 10] 0.986082689 0.011975699 9.543161e-01 0.989461619 0.998619326 1.00  3291
mean.phi[3, 10] 0.976074483 0.018021360 9.287067e-01 0.981047841 0.996425912 1.00  3324
mean.phi[4, 10] 0.913917925 0.035433384 8.315725e-01 0.918534075 0.968280867 1.00  3703
mean.phi[5, 10] 0.927793599 0.049593193 8.034048e-01 0.939542180 0.989127860 1.00  3296
mean.phi[1, 11] 0.979916376 0.020022085 9.254332e-01 0.985909442 0.998444340 1.01  3964
mean.phi[2, 11] 0.956042844 0.024512965 8.959575e-01 0.961125500 0.989252668 1.00  4055
mean.phi[3, 11] 0.985089941 0.013814308 9.470799e-01 0.989162533 0.998498844 1.00  3382
mean.phi[4, 11] 0.979423178 0.015329429 9.394231e-01 0.983540716 0.997212707 1.00  3049
mean.phi[5, 11] 0.923336605 0.043221597 8.190683e-01 0.931311495 0.983247230 1.00  3553
mean.phi[1, 12] 0.981929525 0.017136734 9.337593e-01 0.987282369 0.998448641 1.00  3409
mean.phi[2, 12] 0.983442343 0.015034899 9.426349e-01 0.987707270 0.998335680 1.00  3777
mean.phi[3, 12] 0.980844883 0.013554248 9.460611e-01 0.984035129 0.997005164 1.00  3338
mean.phi[4, 12] 0.962164183 0.025154194 8.980922e-01 0.968114634 0.993056663 1.00  3420
mean.phi[5, 12] 0.864895552 0.046261035 7.590535e-01 0.869517810 0.940136085 1.00  3557
mean.phi[1, 13] 0.982937812 0.015743734 9.407808e-01 0.987492930 0.998562510 1.00  3700
mean.phi[2, 13] 0.975576566 0.017918420 9.284188e-01 0.980098308 0.996370159 1.00  3543
mean.phi[3, 13] 0.989251336 0.009013336 9.655950e-01 0.991704598 0.998802822 1.00  3281
mean.phi[4, 13] 0.970772193 0.023913975 9.079986e-01 0.977051332 0.996650737 1.00  3066
mean.phi[5, 13] 0.927143523 0.032124598 8.509334e-01 0.931888658 0.975836499 1.00  3722
mean.phi[1, 14] 0.981445248 0.018195930 9.300852e-01 0.987143481 0.998499094 1.01  3426
mean.phi[2, 14] 0.968137078 0.020467252 9.157287e-01 0.972634083 0.993743702 1.00  3857
mean.phi[3, 14] 0.989200657 0.008929177 9.654920e-01 0.991678935 0.998698082 1.01  3729
mean.phi[4, 14] 0.954829325 0.029689081 8.790132e-01 0.961835427 0.991799349 1.00  3406
mean.phi[5, 14] 0.853766935 0.042313813 7.592631e-01 0.857879282 0.924829407 1.00  3818
mean.phi[1, 15] 0.984636950 0.013988169 9.473651e-01 0.988818280 0.998612209 1.00  3790
mean.phi[2, 15] 0.977990287 0.015996955 9.356847e-01 0.982135420 0.996622760 1.00  3391
mean.phi[3, 15] 0.984856915 0.010390925 9.587335e-01 0.987360243 0.997414398 1.00  3914
mean.phi[4, 15] 0.966761915 0.027031147 8.965110e-01 0.974127415 0.996080833 1.01  2975
mean.phi[5, 15] 0.949032212 0.024514576 8.903195e-01 0.952816088 0.984791209 1.00  3423
mean.phi[1, 16] 0.981448907 0.018009578 9.330280e-01 0.986821450 0.998380695 1.00  3695
mean.phi[2, 16] 0.980121478 0.014180576 9.437460e-01 0.983496914 0.996835985 1.00  3822
mean.phi[3, 16] 0.989508567 0.008558634 9.662781e-01 0.991779591 0.998823662 1.00  3306
mean.phi[4, 16] 0.958382807 0.022709520 9.024078e-01 0.962227771 0.989874974 1.00  3422
mean.phi[5, 16] 0.970339591 0.018121776 9.259314e-01 0.974078902 0.994346361 1.01  2388
mean.phi[1, 17] 0.973631415 0.029482262 8.896867e-01 0.983160290 0.998214260 1.01  3495
mean.phi[2, 17] 0.987710949 0.010532564 9.603248e-01 0.990585097 0.998649938 1.01  3413
mean.phi[3, 17] 0.990176805 0.007918909 9.697233e-01 0.992210414 0.998870701 1.01  3345
mean.phi[4, 17] 0.978990863 0.015414353 9.390794e-01 0.982891290 0.997215708 1.00  3137
mean.phi[5, 17] 0.971440423 0.017634643 9.270522e-01 0.974982963 0.994636085 1.01  2408
mean.rO[1]      0.960043323 0.020108139 9.118521e-01 0.963195019 0.988646596 1.00  2859
mean.rO[2]      0.960153576 0.020060569 9.118494e-01 0.963264248 0.988582690 1.01  2553
mean.rO[3]      0.960115516 0.019790155 9.128342e-01 0.963099796 0.988560640 1.00  2665
mean.rO[4]      0.960097968 0.019915276 9.135796e-01 0.963170697 0.988799142 1.00  2591
mean.rO[5]      0.960412058 0.019649343 9.140784e-01 0.963292506 0.988655665 1.01  2652
mean.rO[6]      0.959833085 0.020189363 9.108560e-01 0.962894671 0.988608437 1.00  2583
mean.rO[7]      0.960421455 0.019608969 9.140095e-01 0.963400419 0.988768565 1.01  2592
mean.rO[8]      0.960088182 0.020059086 9.123856e-01 0.963322656 0.988746866 1.01  2569
mean.rO[9]      0.960564347 0.019607778 9.141667e-01 0.963435591 0.988622347 1.01  2660
mean.rO[10]     0.960223215 0.020023654 9.117033e-01 0.963221900 0.988640574 1.00  2539
mean.rO[11]     0.960127428 0.019859761 9.136075e-01 0.963341654 0.988561141 1.01  2666
mean.rO[12]     0.960093180 0.020082808 9.135942e-01 0.963101802 0.988857374 1.00  2601
mean.rO[13]     0.960156683 0.020043532 9.130370e-01 0.963220896 0.988769934 1.00  2566
mean.rO[14]     0.960036065 0.020371140 9.113450e-01 0.963351651 0.988924462 1.00  2424
mean.rO[15]     0.960243618 0.019801961 9.138050e-01 0.963332125 0.988639310 1.00  2610
mean.rO[16]     0.960306189 0.019681751 9.138640e-01 0.963454205 0.988719437 1.00  2667
mean.rO[17]     0.960024809 0.020174606 9.120796e-01 0.963138980 0.988636549 1.01  2540
mean.rO[18]     0.959687129 0.020831772 9.092583e-01 0.963046005 0.988839258 1.01  2232
mean.rR[1]      0.892029340 0.052563297 7.704238e-01 0.899130416 0.970673028 1.00  2977
mean.rR[2]      0.891919642 0.051970133 7.704710e-01 0.898552020 0.971244845 1.00  2812
mean.rR[3]      0.891849162 0.052650436 7.692086e-01 0.898594251 0.970464212 1.01  2694
mean.rR[4]      0.891530631 0.052606178 7.711328e-01 0.898972538 0.971131120 1.00  2751
mean.rR[5]      0.890603791 0.053866615 7.652255e-01 0.897822238 0.970575808 1.01  2559
mean.rR[6]      0.892514543 0.051921797 7.722542e-01 0.898794448 0.971478870 1.00  2815
mean.rR[7]      0.891701722 0.052468795 7.691310e-01 0.898709942 0.970491071 1.00  2737
mean.rR[8]      0.891544203 0.052712526 7.692317e-01 0.899097804 0.970555996 1.00  2759
mean.rR[9]      0.893274928 0.051375612 7.740984e-01 0.900244151 0.970844483 1.00  2796
mean.rR[10]     0.892698098 0.052138858 7.707489e-01 0.899567328 0.970551651 1.01  2693
mean.rR[11]     0.892615219 0.051684019 7.737955e-01 0.899359310 0.970967756 1.00  2807
mean.rR[12]     0.891229476 0.053029654 7.672088e-01 0.898790056 0.970497081 1.01  2673
mean.rR[13]     0.891381575 0.053241339 7.647066e-01 0.898719120 0.970539976 1.00  2624
mean.rR[14]     0.892671995 0.052210546 7.700706e-01 0.899765097 0.970770839 1.00  2790
mean.rR[15]     0.892488056 0.051964390 7.722591e-01 0.899489902 0.970475386 1.00  2779
mean.rR[16]     0.891786727 0.053165687 7.679550e-01 0.899210569 0.970727195 1.01  2713
mean.rR[17]     0.891367520 0.052604358 7.701190e-01 0.898348270 0.970598382 1.00  2731
mean.rR[18]     0.891791005 0.052648635 7.692364e-01 0.899032892 0.970709358 1.00  2689
mu.M[1]         0.071938442 0.000000000 7.193844e-02 0.071938442 0.071938442  NaN     0
mu.M[2]         0.127695746 0.000000000 1.276957e-01 0.127695746 0.127695746  NaN     0
mu.M[3]         0.227850326 0.000000000 2.278503e-01 0.227850326 0.227850326  NaN     0
mu.M[4]         0.029614788 0.000000000 2.961479e-02 0.029614788 0.029614788  NaN     0
mu.M[5]         0.095374861 0.000000000 9.537486e-02 0.095374861 0.095374861  NaN     0
mu.Pi           0.996061127 0.001937591 9.915338e-01 0.996337924 0.999009224 1.00  1786
mu.Po           0.017668947 0.004050919 1.081703e-02 0.017360460 0.026612453 1.00  2932
mu.R[1]         0.099318243 0.000000000 9.931824e-02 0.099318243 0.099318243  NaN     0
mu.R[2]         0.004784079 0.000000000 4.784079e-03 0.004784079 0.004784079  NaN     0
mu.R[3]         0.047269401 0.000000000 4.726940e-02 0.047269401 0.047269401  NaN     0
mu.R[4]         0.032179277 0.000000000 3.217928e-02 0.032179277 0.032179277  NaN     0
mu.R[5]         0.191921903 0.000000000 1.919219e-01 0.191921903 0.191921903  NaN     0
mu.phi[1]       0.978328582 0.010990978 9.507379e-01 0.980381680 0.993311862 1.01  1569
mu.phi[2]       0.980269640 0.007656681 9.624178e-01 0.981300007 0.992045188 1.00  1160
mu.phi[3]       0.981754270 0.006606850 9.658821e-01 0.982702889 0.991884742 1.00   905
mu.phi[4]       0.950626147 0.016218513 9.149312e-01 0.952765014 0.975859394 1.01   685
mu.phi[5]       0.839376273 0.038013915 7.560791e-01 0.842445283 0.903953749 1.02   539
mu.rO           0.960303777 0.019289950 9.142429e-01 0.963115316 0.988469701 1.01  2634
mu.rR           0.892349066 0.050849218 7.754588e-01 0.898826242 0.970125000 1.00  2783
sigma.M         1.406542770 0.151005189 1.138065e+00 1.401985802 1.739400280 1.00   902
sigma.Pi        0.000000000 0.000000000 0.000000e+00 0.000000000 0.000000000  NaN     0
sigma.Po        0.097865668 0.092491947 9.315403e-03 0.068349415 0.367627805 1.24    46
sigma.R         2.063860899 0.332828924 1.422334e+00 2.054759792 2.724629673 1.01   330
sigma.phi       1.045919774 0.152168622 7.641418e-01 1.039710766 1.369602420 1.06   465
sigma.rO        0.090908730 0.083370874 5.985012e-03 0.065757070 0.316144339 1.08    57
sigma.rR        0.098254522 0.092944320 6.493418e-03 0.064446334 0.333860715 1.24    65
