Information and diagnostics 
=========================== 
Total iter:                       10000 
Thin:                             1 
Num chains:                       3 
Max Rhat:                         1.05 
Min n.eff:                        89 


Model summary 
============= 
                     mean          sd        2.5%        50%     97.5% Rhat n.eff
mean.R[1, 1]    0.3760473 0.121187611 0.161502541 0.37004347 0.6269890 1.00  2677
mean.R[2, 1]    0.2560754 0.109211444 0.078414080 0.24544883 0.4981115 1.00  2577
mean.R[3, 1]    0.3233118 0.092829517 0.158485269 0.31766983 0.5167739 1.00  3204
mean.R[4, 1]    0.2870990 0.076407017 0.153409625 0.28171737 0.4537503 1.00  5318
mean.R[5, 1]    0.1370760 0.043895785 0.065209162 0.13268008 0.2332151 1.00  4373
mean.R[1, 2]    0.3695234 0.121199313 0.157411270 0.36124039 0.6224855 1.00  2626
mean.R[2, 2]    0.2506558 0.107061676 0.074543545 0.24100978 0.4882490 1.00  2569
mean.R[3, 2]    0.3169949 0.091770014 0.153191808 0.31191411 0.5085755 1.00  3104
mean.R[4, 2]    0.2811829 0.075229983 0.147774069 0.27648532 0.4426239 1.00  5305
mean.R[5, 2]    0.1335984 0.042412167 0.062516421 0.12994336 0.2276207 1.00  4802
mean.R[1, 3]    0.3713249 0.120276653 0.157894905 0.36521397 0.6204898 1.00  2676
mean.R[2, 3]    0.2520439 0.107813066 0.077222869 0.24097892 0.4941901 1.00  2572
mean.R[3, 3]    0.3185819 0.090779896 0.156129716 0.31411590 0.5065516 1.00  3191
mean.R[4, 3]    0.2827104 0.074533972 0.151157537 0.27851269 0.4409076 1.00  5493
mean.R[5, 3]    0.1343724 0.041935668 0.063932282 0.13072521 0.2272076 1.00  5093
mean.R[1, 4]    0.3678334 0.119309260 0.156578762 0.36127326 0.6147607 1.00  2696
mean.R[2, 4]    0.2492356 0.106378115 0.075006858 0.23939043 0.4827966 1.00  2618
mean.R[3, 4]    0.3152719 0.089602321 0.153498746 0.31027775 0.5019401 1.00  3283
mean.R[4, 4]    0.2796569 0.073770635 0.148397441 0.27574808 0.4360940 1.00  5514
mean.R[5, 4]    0.1326545 0.041406446 0.062640884 0.12964648 0.2251062 1.00  4870
mean.R[1, 5]    0.3803784 0.122644416 0.163785667 0.37359136 0.6350983 1.00  2611
mean.R[2, 5]    0.2597066 0.110995464 0.077757592 0.24850654 0.5043763 1.00  2488
mean.R[3, 5]    0.3271711 0.092711327 0.162935020 0.32244239 0.5227709 1.00  3113
mean.R[4, 5]    0.2909677 0.077357586 0.156851292 0.28563036 0.4575635 1.00  4392
mean.R[5, 5]    0.1394438 0.045141211 0.067435358 0.13448997 0.2407285 1.00  4162
mean.R[1, 6]    0.3621864 0.119938869 0.151202417 0.35420085 0.6100021 1.00  2500
mean.R[2, 6]    0.2448169 0.105601890 0.072550091 0.23397427 0.4767430 1.00  2577
mean.R[3, 6]    0.3102417 0.091725416 0.145809631 0.30500087 0.5000635 1.00  2942
mean.R[4, 6]    0.2744155 0.072953514 0.142763965 0.27063672 0.4269333 1.00  5042
mean.R[5, 6]    0.1296994 0.040726655 0.059667235 0.12676517 0.2182377 1.00  4647
mean.R[1, 7]    0.3724136 0.120202805 0.158270678 0.36696729 0.6189054 1.00  2636
mean.R[2, 7]    0.2528822 0.107731503 0.077513954 0.24260609 0.4930109 1.00  2565
mean.R[3, 7]    0.3196056 0.091323658 0.156415037 0.31457375 0.5101349 1.00  3068
mean.R[4, 7]    0.2837898 0.075636580 0.151291882 0.27888158 0.4443445 1.00  5085
mean.R[5, 7]    0.1351609 0.043113881 0.062979970 0.13144596 0.2304197 1.00  4475
mean.R[1, 8]    0.3804650 0.121512369 0.163456744 0.37468398 0.6302561 1.00  2642
mean.R[2, 8]    0.2596838 0.110310195 0.079570321 0.24898872 0.5031141 1.00  2496
mean.R[3, 8]    0.3272190 0.091571595 0.165213968 0.32235032 0.5199314 1.01  3265
mean.R[4, 8]    0.2908060 0.074724986 0.157371126 0.28653123 0.4502245 1.00  5552
mean.R[5, 8]    0.1392693 0.043754755 0.067527633 0.13507277 0.2377155 1.00  4490
mean.R[1, 9]    0.3774439 0.121176235 0.163120701 0.37038989 0.6312607 1.00  2652
mean.R[2, 9]    0.2570189 0.108473265 0.078947258 0.24684002 0.4946046 1.00  2563
mean.R[3, 9]    0.3244625 0.091769330 0.159522674 0.31960873 0.5154219 1.00  3120
mean.R[4, 9]    0.2880743 0.074011315 0.156589708 0.28386090 0.4453924 1.00  5661
mean.R[5, 9]    0.1375502 0.042598134 0.066995746 0.13359965 0.2322878 1.00  4829
mean.R[1, 10]   0.3777108 0.121168385 0.162196691 0.37201131 0.6272843 1.00  2673
mean.R[2, 10]   0.2572976 0.109216396 0.078783234 0.24615792 0.4988559 1.00  2593
mean.R[3, 10]   0.3247065 0.092072352 0.160636554 0.31970824 0.5195771 1.00  3146
mean.R[4, 10]   0.2883722 0.074878641 0.157075162 0.28342772 0.4511735 1.00  5436
mean.R[5, 10]   0.1380459 0.044694361 0.066251978 0.13346134 0.2380124 1.00  4457
mean.R[1, 11]   0.3710068 0.119759574 0.156507021 0.36453341 0.6195498 1.00  2694
mean.R[2, 11]   0.2518263 0.107716428 0.077361464 0.23995664 0.4952342 1.00  2569
mean.R[3, 11]   0.3184959 0.091309209 0.154695283 0.31400031 0.5081800 1.00  3166
mean.R[4, 11]   0.2826404 0.075248024 0.148359282 0.27858320 0.4446418 1.00  5143
mean.R[5, 11]   0.1345014 0.043012246 0.063257264 0.13063932 0.2313536 1.00  4158
mean.R[1, 12]   0.3657874 0.120555950 0.151688977 0.35960687 0.6158220 1.00  2591
mean.R[2, 12]   0.2475685 0.106357355 0.073629713 0.23703071 0.4817552 1.00  2582
mean.R[3, 12]   0.3133938 0.091177365 0.149254857 0.30844120 0.5018199 1.00  3074
mean.R[4, 12]   0.2777966 0.074550117 0.141565807 0.27392040 0.4364614 1.00  5217
mean.R[5, 12]   0.1316123 0.041695450 0.059989277 0.12816212 0.2234176 1.00  4653
mean.R[1, 13]   0.3882013 0.124780193 0.168781608 0.38103696 0.6481173 1.01  2539
mean.R[2, 13]   0.2661854 0.113506310 0.082485279 0.25492788 0.5157615 1.00  2431
mean.R[3, 13]   0.3349508 0.096703662 0.165865423 0.32895623 0.5441135 1.01  2793
mean.R[4, 13]   0.2983738 0.081975065 0.161707263 0.29116368 0.4807399 1.00  2945
mean.R[5, 13]   0.1439661 0.048296905 0.069054429 0.13819345 0.2550479 1.00  2192
mean.R[1, 14]   0.3721514 0.119569681 0.160086145 0.36665107 0.6171839 1.00  2710
mean.R[2, 14]   0.2526805 0.107221658 0.076854243 0.24201209 0.4885768 1.00  2621
mean.R[3, 14]   0.3194723 0.090912851 0.155991673 0.31512403 0.5106530 1.00  3186
mean.R[4, 14]   0.2835287 0.074693989 0.152084643 0.27962324 0.4449308 1.00  5437
mean.R[5, 14]   0.1347147 0.041540373 0.065287954 0.13129481 0.2274209 1.00  5022
mean.R[1, 15]   0.3727728 0.120706892 0.159141464 0.36596580 0.6240488 1.00  2643
mean.R[2, 15]   0.2531905 0.107680729 0.077907029 0.24310909 0.4922040 1.00  2593
mean.R[3, 15]   0.3200737 0.091380639 0.155629457 0.31469460 0.5116062 1.00  3188
mean.R[4, 15]   0.2841858 0.075932096 0.150895626 0.27918107 0.4481618 1.00  5250
mean.R[5, 15]   0.1354311 0.043429304 0.063449926 0.13158609 0.2322097 1.00  4384
mean.R[1, 16]   0.3742457 0.120870948 0.162517817 0.36789145 0.6233063 1.00  2664
mean.R[2, 16]   0.2543643 0.107673067 0.078198520 0.24383717 0.4928694 1.00  2624
mean.R[3, 16]   0.3215320 0.091801664 0.157795463 0.31648360 0.5122936 1.00  3153
mean.R[4, 16]   0.2853511 0.074918891 0.153227342 0.28116379 0.4461975 1.00  5396
mean.R[5, 16]   0.1361074 0.043112883 0.064371376 0.13227038 0.2326702 1.00  4747
mean.R[1, 17]   0.3718554 0.121582160 0.155518401 0.36573564 0.6223103 1.00  2609
mean.R[2, 17]   0.2526597 0.108715691 0.074582123 0.24237805 0.4934910 1.00  2516
mean.R[3, 17]   0.3192148 0.092633430 0.153660080 0.31436439 0.5129956 1.00  3055
mean.R[4, 17]   0.2832673 0.075613767 0.146310344 0.27934057 0.4449449 1.00  5214
mean.R[5, 17]   0.1349593 0.043570968 0.061947990 0.13120485 0.2293538 1.00  3927
mean.p[1]       0.9907440 0.003176381 0.983629603 0.99114130 0.9957468 1.00  5723
mean.p[2]       0.9908759 0.003062110 0.983920114 0.99122550 0.9958169 1.00  4741
mean.p[3]       0.9908022 0.003123462 0.983783333 0.99120125 0.9957666 1.00  3662
mean.p[4]       0.9908188 0.003040972 0.983895271 0.99115486 0.9956885 1.00  4697
mean.p[5]       0.9907088 0.003183926 0.983509403 0.99111355 0.9956568 1.00  3710
mean.p[6]       0.9908703 0.002988085 0.984124742 0.99121524 0.9957621 1.00  5098
mean.p[7]       0.9905006 0.003339466 0.983125184 0.99095048 0.9955314 1.00  3314
mean.p[8]       0.9907558 0.003075199 0.983688310 0.99112095 0.9956376 1.00  4881
mean.p[9]       0.9906788 0.003183214 0.983470392 0.99108795 0.9956621 1.00  4602
mean.p[10]      0.9908403 0.003032655 0.983924478 0.99118689 0.9957839 1.00  4918
mean.p[11]      0.9909231 0.003010728 0.984101441 0.99125930 0.9958048 1.00  4797
mean.p[12]      0.9909639 0.002984765 0.984174090 0.99131023 0.9958897 1.00  4825
mean.p[13]      0.9909024 0.002995558 0.984135205 0.99126230 0.9957927 1.00  4932
mean.p[14]      0.9908818 0.003040550 0.983985843 0.99121421 0.9958172 1.00  4760
mean.p[15]      0.9909020 0.003023401 0.984022868 0.99123806 0.9958641 1.00  4486
mean.p[16]      0.9907801 0.003077583 0.983814283 0.99114439 0.9957605 1.00  4695
mean.p[17]      0.9908013 0.002998539 0.983905006 0.99114819 0.9956722 1.00  5311
mean.p[18]      0.9907544 0.003133700 0.983611249 0.99113947 0.9957473 1.00  4160
mean.phi[1, 1]  0.8790234 0.057732459 0.738682857 0.88875615 0.9623097 1.00  6387
mean.phi[2, 1]  0.8649711 0.061087536 0.720508457 0.87456993 0.9569160 1.00  6366
mean.phi[3, 1]  0.9228339 0.040363447 0.820558621 0.93053154 0.9768380 1.00  6132
mean.phi[4, 1]  0.8948795 0.049615029 0.775128242 0.90266768 0.9679682 1.00  5282
mean.phi[5, 1]  0.7646518 0.077693380 0.603317897 0.76935858 0.9025634 1.01  2473
mean.phi[1, 2]  0.8907025 0.049323546 0.774794713 0.89795495 0.9650756 1.00  6470
mean.phi[2, 2]  0.7798129 0.089507092 0.566084961 0.79523952 0.9101783 1.01  3754
mean.phi[3, 2]  0.9196457 0.036694365 0.829911417 0.92636609 0.9722108 1.00  6133
mean.phi[4, 2]  0.8996094 0.047190686 0.786637809 0.90655755 0.9707452 1.00  4851
mean.phi[5, 2]  0.6339754 0.085627612 0.452655935 0.63928331 0.7882994 1.00  7216
mean.phi[1, 3]  0.8966249 0.042233829 0.798922104 0.90176216 0.9629655 1.00  6080
mean.phi[2, 3]  0.8195453 0.072488250 0.647668243 0.83047917 0.9294649 1.01  6402
mean.phi[3, 3]  0.9410422 0.027453934 0.876992292 0.94504603 0.9818711 1.00  4779
mean.phi[4, 3]  0.8564358 0.060533699 0.709467658 0.86623733 0.9461400 1.00  6502
mean.phi[5, 3]  0.6532203 0.084926682 0.472479073 0.65865889 0.8048269 1.00  7199
mean.phi[1, 4]  0.8799864 0.051416130 0.758941571 0.88725169 0.9573221 1.01  6704
mean.phi[2, 4]  0.8864849 0.044715472 0.785397022 0.89160277 0.9581243 1.00  4845
mean.phi[3, 4]  0.8965221 0.039880274 0.801580431 0.90266657 0.9565581 1.00  5281
mean.phi[4, 4]  0.9108820 0.040214885 0.817930546 0.91597047 0.9720223 1.00  3361
mean.phi[5, 4]  0.6628225 0.087879642 0.476086850 0.66744856 0.8196459 1.00  6646
mean.phi[1, 5]  0.8820044 0.056157586 0.745563354 0.89048084 0.9641161 1.01  6296
mean.phi[2, 5]  0.8348768 0.064996402 0.680795342 0.84412879 0.9345037 1.00  6847
mean.phi[3, 5]  0.9185401 0.029049102 0.850931199 0.92231378 0.9641189 1.00  7412
mean.phi[4, 5]  0.9143439 0.038678695 0.824635478 0.91969038 0.9736142 1.00  3398
mean.phi[5, 5]  0.7130531 0.080319294 0.546948675 0.71676098 0.8571483 1.00  5919
mean.phi[1, 6]  0.8707433 0.056579700 0.735058781 0.87973789 0.9535934 1.00  6651
mean.phi[2, 6]  0.8625760 0.063388575 0.712084461 0.87266769 0.9569266 1.00  5945
mean.phi[3, 6]  0.9481182 0.021105665 0.899992738 0.95089000 0.9812994 1.01  3275
mean.phi[4, 6]  0.7783691 0.075233450 0.604465592 0.78846099 0.8949399 1.01  2273
mean.phi[5, 6]  0.4773642 0.103169698 0.269850192 0.48095351 0.6672328 1.01  1691
mean.phi[1, 7]  0.8709073 0.065524014 0.706100776 0.88247802 0.9610028 1.01  5903
mean.phi[2, 7]  0.8483845 0.064135066 0.697074161 0.85822954 0.9457538 1.00  6279
mean.phi[3, 7]  0.9251700 0.025704145 0.865935289 0.92816167 0.9663620 1.00  7342
mean.phi[4, 7]  0.9142865 0.037754387 0.828299764 0.91909870 0.9737692 1.00  3910
mean.phi[5, 7]  0.6891074 0.098350530 0.478576964 0.69498503 0.8630870 1.00  6535
mean.phi[1, 8]  0.8420600 0.067603519 0.677714072 0.85376116 0.9416913 1.00  6614
mean.phi[2, 8]  0.8468497 0.073010405 0.667161363 0.85867403 0.9513369 1.00  6157
mean.phi[3, 8]  0.9080819 0.031539991 0.834500092 0.91225028 0.9577645 1.01  7019
mean.phi[4, 8]  0.7776220 0.067773556 0.626192965 0.78490170 0.8868977 1.01  2803
mean.phi[5, 8]  0.5472749 0.107565700 0.320175865 0.55340724 0.7368965 1.01  3329
mean.phi[1, 9]  0.8755504 0.060857635 0.727433444 0.88555193 0.9624824 1.01  6104
mean.phi[2, 9]  0.8664885 0.059633020 0.725815786 0.87483229 0.9570917 1.00  6233
mean.phi[3, 9]  0.8585899 0.052887268 0.734916311 0.86659589 0.9367923 1.01  2663
mean.phi[4, 9]  0.8328534 0.048316650 0.724458304 0.83800624 0.9125959 1.01  5246
mean.phi[5, 9]  0.4870990 0.110815626 0.262234227 0.49057923 0.6870233 1.01  1594
mean.phi[1, 10] 0.8975898 0.038555799 0.809748096 0.90226522 0.9587851 1.00  6737
mean.phi[2, 10] 0.8534014 0.067371653 0.694718520 0.86426325 0.9521700 1.01  6229
mean.phi[3, 10] 0.9237216 0.034594935 0.840061953 0.92982446 0.9734426 1.00  6409
mean.phi[4, 10] 0.8717802 0.040668281 0.779275175 0.87600151 0.9391267 1.00  7701
mean.phi[5, 10] 0.7030624 0.094725794 0.502318665 0.70833404 0.8727611 1.01  5507
mean.phi[1, 11] 0.8546881 0.059971008 0.710509587 0.86408340 0.9445217 1.00  6133
mean.phi[2, 11] 0.8692360 0.044260522 0.770988638 0.87386049 0.9426483 1.00  7588
mean.phi[3, 11] 0.9342921 0.031549080 0.858529160 0.93920695 0.9798912 1.00  5635
mean.phi[4, 11] 0.9267978 0.032575764 0.852514709 0.93122441 0.9771951 1.02  1994
mean.phi[5, 11] 0.7578113 0.079584723 0.591446779 0.76250785 0.8976776 1.01  3063
mean.phi[1, 12] 0.8731251 0.049797115 0.755934432 0.88037085 0.9495827 1.00  6545
mean.phi[2, 12] 0.7945166 0.078997746 0.607660968 0.80725633 0.9124455 1.00  4578
mean.phi[3, 12] 0.9171950 0.031679724 0.842544344 0.92174814 0.9656659 1.00  6946
mean.phi[4, 12] 0.8985754 0.042538374 0.800440374 0.90405744 0.9645356 1.00  6300
mean.phi[5, 12] 0.6857053 0.069069791 0.541789900 0.68871708 0.8116140 1.00  7126
mean.phi[1, 13] 0.8125645 0.065307621 0.659951539 0.82192972 0.9142057 1.00  4952
mean.phi[2, 13] 0.8035938 0.069390128 0.642422069 0.81320208 0.9118885 1.00  6082
mean.phi[3, 13] 0.9288615 0.028070933 0.863091795 0.93263073 0.9720119 1.00  6543
mean.phi[4, 13] 0.8831252 0.051178395 0.761451197 0.89043181 0.9599581 1.00  6142
mean.phi[5, 13] 0.7015248 0.069209783 0.558619233 0.70447669 0.8284887 1.00  7341
mean.phi[1, 14] 0.8874837 0.046427162 0.778562452 0.89362663 0.9590949 1.00  6692
mean.phi[2, 14] 0.8664540 0.053885076 0.741520211 0.87326483 0.9509234 1.00  6996
mean.phi[3, 14] 0.9332797 0.025743568 0.874809902 0.93646033 0.9741115 1.00  6725
mean.phi[4, 14] 0.8805319 0.051838249 0.760647666 0.88798283 0.9588991 1.00  6185
mean.phi[5, 14] 0.5976466 0.080898957 0.428126501 0.60180057 0.7474267 1.00  5923
mean.phi[1, 15] 0.8589929 0.053302375 0.736070997 0.86599036 0.9418149 1.00  6350
mean.phi[2, 15] 0.8830670 0.045732207 0.779524081 0.88790945 0.9563227 1.00  5919
mean.phi[3, 15] 0.9281582 0.026430428 0.866763782 0.93138055 0.9694211 1.00  6717
mean.phi[4, 15] 0.8947020 0.048993427 0.775838272 0.90202682 0.9679926 1.00  6286
mean.phi[5, 15] 0.7018865 0.078811515 0.538528906 0.70501377 0.8432801 1.00  6173
mean.phi[1, 16] 0.8498782 0.048747949 0.736721048 0.85628428 0.9277588 1.00  7423
mean.phi[2, 16] 0.8570629 0.053313378 0.737206520 0.86329799 0.9419502 1.00  7239
mean.phi[3, 16] 0.9360606 0.024780443 0.880100329 0.93903132 0.9753683 1.00  6008
mean.phi[4, 16] 0.8962282 0.040397817 0.803327201 0.90101375 0.9603888 1.00  5658
mean.phi[5, 16] 0.7280495 0.081193382 0.554488661 0.73242621 0.8726303 1.00  5225
mean.phi[1, 17] 0.8889813 0.043167166 0.790038023 0.89427823 0.9571259 1.00  6439
mean.phi[2, 17] 0.8284157 0.056174014 0.700781365 0.83448117 0.9216784 1.00  6476
mean.phi[3, 17] 0.9062683 0.031990925 0.832350419 0.91038780 0.9574246 1.00  6147
mean.phi[4, 17] 0.9239813 0.034021169 0.844906515 0.92846602 0.9764578 1.01  2748
mean.phi[5, 17] 0.7294758 0.081892902 0.559670067 0.73295575 0.8769764 1.00  5133
mu.R[1]         0.3723407 0.116892188 0.163911202 0.36623181 0.6154552 1.00  2645
mu.R[2]         0.2525636 0.104822035 0.078684668 0.24339927 0.4827284 1.00  2565
mu.R[3]         0.3194614 0.087143661 0.162067488 0.31539476 0.5012860 1.00  3221
mu.R[4]         0.2833423 0.069895535 0.157743562 0.27969028 0.4319523 1.00  5829
mu.R[5]         0.1345562 0.039479954 0.068173403 0.13132381 0.2214508 1.00  5153
mu.p            0.9908448 0.002776735 0.984510887 0.99114761 0.9954801 1.00  5372
mu.phi[1]       0.8778556 0.025202294 0.823455381 0.87941905 0.9221847 1.00  3551
mu.phi[2]       0.8537955 0.029290395 0.790428945 0.85631562 0.9055212 1.00  3522
mu.phi[3]       0.9263737 0.014160265 0.895662190 0.92742128 0.9508375 1.00  2732
mu.phi[4]       0.8897648 0.022054624 0.843346855 0.89068051 0.9301314 1.00  2391
mu.phi[5]       0.6650420 0.038591142 0.586271457 0.66587209 0.7378927 1.01  2797
sigma.R         0.1083264 0.104213543 0.004496160 0.07535681 0.3804940 1.05    99
sigma.p         0.1043811 0.097600511 0.002971278 0.07614418 0.3706473 1.03    89
sigma.phi       0.5164354 0.132446980 0.248851271 0.51370111 0.7734304 1.05   315
