Information and diagnostics 
=========================== 
Total iter:                       10000 
Thin:                             1 
Num chains:                       3 
Max Rhat:                         1.09 
Min n.eff:                        0 


Model summary 
============= 
                       mean          sd          2.5%         50%       97.5% Rhat n.eff
betaV.R[1]      -0.09054425 0.652620658 -1.4786714502 -0.04912725  1.08863076 1.00  6804
betaV.R[2]       1.39111301 0.634681869  0.2244708044  1.36427340  2.71828600 1.00  5962
betaV.R[3]      -0.68863304 0.675586503 -2.1014726045 -0.63839178  0.50828578 1.00  6171
betaV.R[4]      -0.81391587 0.605167466 -2.0868360064 -0.78961511  0.28682291 1.00  4353
betaV.R[5]      -0.91972852 0.681593051 -2.3674566922 -0.88029907  0.29015554 1.00  3309
betaV.R[6]      -0.56431385 0.511399624 -1.6638198358 -0.52663285  0.32863701 1.00  4529
betaV.phi[1]    -0.02527837 0.228933701 -0.4637889559 -0.02316347  0.42898681 1.00  2078
betaV.phi[2]     0.38489450 0.327693187 -0.2368016223  0.37954688  1.06338994 1.00  3693
betaV.phi[3]    -0.29749137 0.271387978 -0.8209575629 -0.29998146  0.24743642 1.00  2968
betaV.phi[4]     0.04465768 0.264519548 -0.4604930488  0.04045835  0.58100031 1.00  2477
betaV.phi[5]     0.21136499 0.331317259 -0.4276394469  0.20302894  0.86757541 1.00  2774
betaV.phi[6]    -0.03273413 0.230460361 -0.4900936387 -0.03411941  0.41859315 1.00  1915
mean.R[1, 1]     0.02900741 0.037653484  0.0016268302  0.01933732  0.11136702 1.01  8068
mean.R[2, 1]     0.17916017 0.196864507  0.0029440832  0.11033942  0.77291227 1.00  3611
mean.R[3, 1]     0.15779726 0.147965600  0.0121670989  0.11428494  0.60200160 1.00  5498
mean.R[4, 1]     0.21493354 0.164287571  0.0167828191  0.17401178  0.67992409 1.00  4479
mean.R[5, 1]     0.30066368 0.198939949  0.0211526444  0.26288069  0.81643635 1.00  3961
mean.R[6, 1]     0.16812403 0.130640797  0.0368657070  0.12936045  0.55801259 1.00  4626
mean.R[1, 2]     0.03011008 0.037343616  0.0005314485  0.01670429  0.13773847 1.00  6364
mean.R[2, 2]     0.64072778 0.224963719  0.1703144706  0.67176303  0.96914905 1.00  5825
mean.R[3, 2]     0.05402927 0.062088262  0.0014387092  0.03184447  0.22584564 1.00  6947
mean.R[4, 2]     0.06349247 0.074066618  0.0021931984  0.03735137  0.27216506 1.00  4502
mean.R[5, 2]     0.09054038 0.108521804  0.0017220519  0.04961516  0.40351217 1.00  3887
mean.R[6, 2]     0.05725468 0.051575169  0.0036161565  0.04223744  0.19605157 1.01  5034
mean.R[1, 3]     0.03524631 0.049634052  0.0003220101  0.01643886  0.18355258 1.00  7419
mean.R[2, 3]     0.72017102 0.225133430  0.1944523510  0.77877762  0.98905012 1.00  5973
mean.R[3, 3]     0.05176040 0.070236628  0.0006240065  0.02471984  0.25750282 1.00  6715
mean.R[4, 3]     0.05760932 0.079967972  0.0009473319  0.02726721  0.29694953 1.00  4593
mean.R[5, 3]     0.08160294 0.114152150  0.0006950522  0.03517559  0.42845489 1.00  4110
mean.R[6, 3]     0.05340657 0.057242258  0.0018762080  0.03417053  0.21314987 1.00  5298
mean.R[1, 4]     0.02845296 0.033338763  0.0006341731  0.01677636  0.12279935 1.00  6689
mean.R[2, 4]     0.60856448 0.221739659  0.1624394516  0.62904636  0.95603489 1.00  5747
mean.R[3, 4]     0.05515949 0.059493474  0.0018546598  0.03459347  0.21836301 1.00  6599
mean.R[4, 4]     0.06554280 0.071375179  0.0028444106  0.04142226  0.26511453 1.00  4493
mean.R[5, 4]     0.09392959 0.106069288  0.0022980710  0.05537684  0.39940045 1.00  3849
mean.R[6, 4]     0.05879457 0.050120763  0.0044350531  0.04491191  0.19118622 1.00  5115
mean.R[1, 5]     0.02488701 0.019312976  0.0023867459  0.02023909  0.07418444 1.00  4624
mean.R[2, 5]     0.09207425 0.050611864  0.0227883545  0.08220570  0.21419869 1.01  5974
mean.R[3, 5]     0.14977000 0.081182336  0.0344686218  0.13594514  0.34443136 1.00  5770
mean.R[4, 5]     0.20744442 0.068546498  0.0933254097  0.20082584  0.35708328 1.00  7250
mean.R[5, 5]     0.30117672 0.080661031  0.1595589790  0.29570656  0.47305406 1.01  6655
mean.R[6, 5]     0.14008777 0.049402313  0.0611675430  0.13447046  0.25345796 1.01  5576
mean.R[1, 6]     0.02278969 0.017491276  0.0022674358  0.01855580  0.06817911 1.00  4151
mean.R[2, 6]     0.09662428 0.049726322  0.0254078847  0.08808946  0.21528551 1.00  5920
mean.R[3, 6]     0.13200738 0.070619221  0.0302031756  0.12016933  0.29957437 1.00  5425
mean.R[4, 6]     0.18301720 0.060616893  0.0794251543  0.17758960  0.31544411 1.00  4878
mean.R[5, 6]     0.26748130 0.071283371  0.1374779784  0.26441591  0.41598388 1.00  4186
mean.R[6, 6]     0.12452387 0.041718276  0.0542708356  0.12083332  0.21722261 1.00  5454
mean.R[1, 7]     0.02723988 0.024800681  0.0018638260  0.02017835  0.09450305 1.00  5464
mean.R[2, 7]     0.05839191 0.043396412  0.0091039869  0.04683771  0.17408445 1.00  6566
mean.R[3, 7]     0.19072260 0.119915772  0.0327645454  0.16559604  0.48314314 1.00  6133
mean.R[4, 7]     0.26313261 0.102888899  0.0958155567  0.25241836  0.49093330 1.00  7532
mean.R[5, 7]     0.37681468 0.119807956  0.1678280353  0.36869660  0.62923500 1.00  6733
mean.R[6, 7]     0.16889314 0.072869513  0.0584594093  0.15843874  0.33995494 1.00  6240
mean.R[1, 8]     0.02470779 0.019157543  0.0024265968  0.02004866  0.07431260 1.00  4342
mean.R[2, 8]     0.09498089 0.050657662  0.0244272860  0.08528049  0.21826991 1.00  6431
mean.R[3, 8]     0.14665224 0.079275715  0.0346345055  0.13284141  0.33669876 1.00  5620
mean.R[4, 8]     0.20287497 0.065945370  0.0925600083  0.19657479  0.34782842 1.00  7349
mean.R[5, 8]     0.29455255 0.075626748  0.1593204967  0.29002967  0.45492590 1.00  7473
mean.R[6, 8]     0.13741226 0.046654885  0.0613827697  0.13236655  0.24420053 1.01  6464
mean.R[1, 9]     0.02433434 0.018824397  0.0023412932  0.01979765  0.07339449 1.00  4441
mean.R[2, 9]     0.09149403 0.049388396  0.0231434726  0.08214854  0.21164392 1.00  6484
mean.R[3, 9]     0.14615191 0.078815696  0.0342417474  0.13249847  0.33665970 1.00  5927
mean.R[4, 9]     0.20249837 0.065925495  0.0913962926  0.19644523  0.34786811 1.00  7611
mean.R[5, 9]     0.29440955 0.075318667  0.1586354952  0.29063036  0.45371975 1.00  9671
mean.R[6, 9]     0.13659842 0.046471950  0.0607799493  0.13153750  0.24123545 1.00  6992
mean.R[1, 10]    0.02551517 0.020614071  0.0022550075  0.02022075  0.07926269 1.00  4554
mean.R[2, 10]    0.08095742 0.048323829  0.0177958106  0.07071852  0.19992216 1.00  5875
mean.R[3, 10]    0.16135576 0.092219803  0.0341219059  0.14377664  0.38729836 1.00  5582
mean.R[4, 10]    0.22306192 0.077380918  0.0960912115  0.21582614  0.39302081 1.00  7142
mean.R[5, 10]    0.32256836 0.087561336  0.1673042948  0.31745802  0.50657838 1.00  8268
mean.R[6, 10]    0.14821972 0.055253462  0.0616264575  0.14116833  0.27348994 1.01  5847
mean.R[1, 11]    0.02435719 0.018814995  0.0023846514  0.01973535  0.07341260 1.00  4491
mean.R[2, 11]    0.09489396 0.050946071  0.0241004848  0.08497283  0.21836111 1.00  6244
mean.R[3, 11]    0.14390222 0.076962060  0.0331346967  0.13076290  0.32825481 1.00  5880
mean.R[4, 11]    0.19957722 0.065524376  0.0900686127  0.19312712  0.34382957 1.00  7010
mean.R[5, 11]    0.29031848 0.077270536  0.1546751875  0.28554560  0.45487408 1.00  7352
mean.R[6, 11]    0.13539703 0.047232950  0.0598234041  0.13006118  0.24245256 1.01  5833
mean.R[1, 12]    0.02242762 0.016769492  0.0023058374  0.01843200  0.06548507 1.00  4128
mean.R[2, 12]    0.10449391 0.051240471  0.0291032812  0.09626366  0.22427782 1.00  5950
mean.R[3, 12]    0.12589170 0.065348603  0.0302310815  0.11474501  0.27994047 1.00  5588
mean.R[4, 12]    0.17483654 0.057342915  0.0766606591  0.16976195  0.30059316 1.00  5033
mean.R[5, 12]    0.25590728 0.070042421  0.1299995748  0.25274429  0.40344092 1.00  3904
mean.R[6, 12]    0.12025843 0.039534424  0.0533848103  0.11686409  0.20854293 1.00  5512
mean.R[1, 13]    0.02293243 0.017011353  0.0026318353  0.01871775  0.06633952 1.00  3850
mean.R[2, 13]    0.18544642 0.077147026  0.0642887417  0.17547498  0.36485970 1.00  5519
mean.R[3, 13]    0.10170627 0.051386535  0.0253369636  0.09296430  0.22143394 1.00  5384
mean.R[4, 13]    0.13943380 0.054894785  0.0540503968  0.13228250  0.26353293 1.00  3839
mean.R[5, 13]    0.20212732 0.074929657  0.0791677447  0.19483048  0.36750706 1.00  3275
mean.R[6, 13]    0.10344384 0.036883664  0.0448396433  0.09923325  0.18721377 1.01  4026
mean.R[1, 14]    0.02289302 0.016928432  0.0025026061  0.01885217  0.06577259 1.00  4079
mean.R[2, 14]    0.12621426 0.057349270  0.0389810305  0.11782720  0.25812339 1.00  5968
mean.R[3, 14]    0.11973112 0.060143227  0.0310109160  0.10991876  0.25987023 1.00  5459
mean.R[4, 14]    0.16572713 0.055069381  0.0747647530  0.15986761  0.28704805 1.00  4957
mean.R[5, 14]    0.24169086 0.068623143  0.1213480487  0.23783729  0.38787431 1.00  4412
mean.R[6, 14]    0.11668470 0.037787565  0.0548104630  0.11285184  0.20229827 1.00  5889
mean.R[1, 15]    0.02367746 0.018242457  0.0022777035  0.01919734  0.07097879 1.00  4360
mean.R[2, 15]    0.09228668 0.049070541  0.0232510079  0.08315052  0.21142999 1.00  6293
mean.R[3, 15]    0.14080544 0.076072440  0.0321385712  0.12792541  0.32107465 1.00  5472
mean.R[4, 15]    0.19537495 0.064748562  0.0856144231  0.18912136  0.33707661 1.00  6244
mean.R[5, 15]    0.28492822 0.076648823  0.1459171974  0.28156819  0.44463946 1.00  5578
mean.R[6, 15]    0.13207552 0.045216863  0.0567504096  0.12750626  0.23278284 1.00  5758
mean.R[1, 16]    0.02312319 0.017343904  0.0023945942  0.01903826  0.06811935 1.00  4177
mean.R[2, 16]    0.10508451 0.051510854  0.0293732494  0.09642484  0.22565236 1.00  6338
mean.R[3, 16]    0.13050828 0.067609620  0.0321291719  0.11950337  0.28922327 1.00  5834
mean.R[4, 16]    0.18112784 0.059004570  0.0807386482  0.17529459  0.31234577 1.00  6183
mean.R[5, 16]    0.26435070 0.070664446  0.1359684908  0.26054396  0.41182633 1.00  5786
mean.R[6, 16]    0.12466002 0.041609906  0.0557302280  0.12044875  0.21935757 1.00  5431
mean.R[1, 17]    0.02281301 0.020426570  0.0016119849  0.01737082  0.07556904 1.00  5202
mean.R[2, 17]    0.25802370 0.176032381  0.0292630574  0.21661884  0.70944876 1.00  4450
mean.R[3, 17]    0.08346420 0.057016621  0.0075799628  0.07270309  0.22112089 1.00  5776
mean.R[4, 17]    0.11355605 0.069263331  0.0110426312  0.10499966  0.27186009 1.00  3950
mean.R[5, 17]    0.17866928 0.116382648  0.0135138111  0.16554951  0.44088256 1.00  3572
mean.R[6, 17]    0.09074712 0.050823196  0.0143063809  0.08524382  0.20538067 1.00  4666
mean.p[1]        0.99133437 0.002818435  0.9850118590  0.99165645  0.99585257 1.00  6302
mean.p[2]        0.99132463 0.002796563  0.9849610556  0.99167060  0.99578303 1.00  4987
mean.p[3]        0.99140510 0.002739716  0.9852781375  0.99173923  0.99581507 1.00  5241
mean.p[4]        0.99141781 0.002704943  0.9853548691  0.99173938  0.99586233 1.00  5402
mean.p[5]        0.99129802 0.002792856  0.9849813545  0.99163380  0.99576350 1.00  5099
mean.p[6]        0.99145824 0.002685966  0.9853909637  0.99178190  0.99583791 1.00  5396
mean.p[7]        0.99119303 0.002818482  0.9848087578  0.99152194  0.99570613 1.00  5126
mean.p[8]        0.99131460 0.002752084  0.9851408974  0.99163247  0.99579039 1.00  5421
mean.p[9]        0.99127860 0.002822263  0.9849734814  0.99163336  0.99572721 1.00  4595
mean.p[10]       0.99139250 0.002814531  0.9851617002  0.99172674  0.99586409 1.00  4802
mean.p[11]       0.99147958 0.002700880  0.9854473440  0.99180155  0.99591777 1.00  5105
mean.p[12]       0.99151729 0.002678564  0.9855141600  0.99180567  0.99593614 1.00  5315
mean.p[13]       0.99148503 0.002677779  0.9854757004  0.99178113  0.99586438 1.00  5272
mean.p[14]       0.99149053 0.002677502  0.9855058946  0.99178789  0.99591612 1.00  5467
mean.p[15]       0.99132304 0.002779461  0.9849967128  0.99169068  0.99577428 1.00  5249
mean.p[16]       0.99135666 0.002715032  0.9852574249  0.99168056  0.99583285 1.00  5470
mean.p[17]       0.99140124 0.002684874  0.9853412308  0.99170493  0.99578118 1.00  5346
mean.p[18]       0.99126655 0.002878658  0.9848330408  0.99164025  0.99581081 1.01  4654
mean.phi[1, 1]   0.79478135 0.090162074  0.5820186337  0.80672068  0.93601326 1.00  6371
mean.phi[2, 1]   0.87091141 0.083787817  0.6535292080  0.89002502  0.97499781 1.00  6217
mean.phi[3, 1]   0.88440702 0.068844159  0.7128958869  0.89825195  0.97675175 1.00  5685
mean.phi[4, 1]   0.92327320 0.048765525  0.7973301948  0.93478331  0.98299180 1.00  6916
mean.phi[5, 1]   0.89920034 0.061296605  0.7440644064  0.91206946  0.97929454 1.00  6764
mean.phi[6, 1]   0.78985948 0.080357606  0.6168075229  0.79752354  0.92400920 1.00  4366
mean.phi[1, 2]   0.81133486 0.077394826  0.6377840653  0.82089593  0.93500518 1.00  5289
mean.phi[2, 2]   0.93300434 0.048679928  0.8047046088  0.94560421  0.99003552 1.00  5874
mean.phi[3, 2]   0.69600821 0.124432230  0.4205190015  0.70969942  0.89527273 1.00  5616
mean.phi[4, 2]   0.92205696 0.047996724  0.8016453497  0.93289342  0.98357326 1.00  5365
mean.phi[5, 2]   0.92454686 0.055631776  0.7771699919  0.93926729  0.98916747 1.00  4585
mean.phi[6, 2]   0.62263817 0.101517956  0.4129085713  0.62800524  0.80452437 1.00  7207
mean.phi[1, 3]   0.69285138 0.096836036  0.4876372599  0.69907753  0.86158688 1.00  7580
mean.phi[2, 3]   0.93792709 0.042743880  0.8307977572  0.94782341  0.99040247 1.00  6839
mean.phi[3, 3]   0.73926524 0.117825398  0.4731349496  0.75433004  0.92201768 1.00  6691
mean.phi[4, 3]   0.94651827 0.034824290  0.8584225816  0.95450127  0.99058353 1.00  4143
mean.phi[5, 3]   0.88331286 0.082198399  0.6717912000  0.90367709  0.98324526 1.00  4182
mean.phi[6, 3]   0.64147102 0.105844372  0.4200489401  0.64698828  0.83083614 1.00  7192
mean.phi[1, 4]   0.58846958 0.114769616  0.3528273902  0.59397797  0.79544240 1.00  4663
mean.phi[2, 4]   0.92032792 0.051190233  0.7884528821  0.93219356  0.98451354 1.00  6475
mean.phi[3, 4]   0.86724206 0.058813363  0.7294546662  0.87523249  0.95784324 1.00  7091
mean.phi[4, 4]   0.89423155 0.047533642  0.7807684277  0.90230842  0.96396447 1.00  7465
mean.phi[5, 4]   0.93323054 0.044830919  0.8189459419  0.94362996  0.98873365 1.00  5219
mean.phi[6, 4]   0.65545489 0.103431078  0.4358863097  0.66203033  0.83625772 1.00  6603
mean.phi[1, 5]   0.64033588 0.096460380  0.4343569757  0.64673447  0.81156363 1.00  6281
mean.phi[2, 5]   0.83961385 0.078030420  0.6524915856  0.85288255  0.95247779 1.00  6634
mean.phi[3, 5]   0.84933877 0.067549171  0.6867754151  0.86054986  0.94822711 1.00  6717
mean.phi[4, 5]   0.91704810 0.031322260  0.8447635314  0.92110212  0.96585979 1.00  7019
mean.phi[5, 5]   0.91818890 0.040997854  0.8196782131  0.92507895  0.97675286 1.00  4637
mean.phi[6, 5]   0.72178524 0.086261914  0.5361361899  0.72701923  0.87349151 1.00  6578
mean.phi[1, 6]   0.72422325 0.116897125  0.4600251789  0.73905537  0.91037017 1.00  6119
mean.phi[2, 6]   0.85946170 0.066682339  0.6982870698  0.87060380  0.95709416 1.00  6133
mean.phi[3, 6]   0.88056663 0.065241317  0.7184321343  0.89392227  0.96850265 1.00  5717
mean.phi[4, 6]   0.95197984 0.021594962  0.9008693937  0.95537456  0.98387871 1.00  5355
mean.phi[5, 6]   0.75536776 0.080529583  0.5727963713  0.76559876  0.88588802 1.00  3938
mean.phi[6, 6]   0.44443433 0.102980141  0.2461730382  0.44422678  0.64452838 1.00  3750
mean.phi[1, 7]   0.55206659 0.112692840  0.3198427763  0.55516780  0.75687503 1.00  3943
mean.phi[2, 7]   0.83220543 0.094501019  0.5971067474  0.85046203  0.95919892 1.00  5806
mean.phi[3, 7]   0.87532423 0.065575665  0.7154381348  0.88807673  0.96657889 1.00  6274
mean.phi[4, 7]   0.92517399 0.028266700  0.8596854932  0.92898595  0.96917352 1.00  7678
mean.phi[5, 7]   0.91231440 0.045983354  0.8005830648  0.92063543  0.97695384 1.00  4302
mean.phi[6, 7]   0.69773954 0.109892994  0.4603837739  0.70662270  0.88584622 1.00  5638
mean.phi[1, 8]   0.65943578 0.119037153  0.4027648622  0.67207816  0.85721576 1.00  5964
mean.phi[2, 8]   0.81655955 0.081185530  0.6252295035  0.82924988  0.93803079 1.00  6902
mean.phi[3, 8]   0.86873981 0.075829570  0.6744006779  0.88452896  0.96734607 1.00  5946
mean.phi[4, 8]   0.90531163 0.034214794  0.8264303672  0.91001548  0.95893375 1.00  6816
mean.phi[5, 8]   0.75381858 0.072231369  0.5944298767  0.76104143  0.87340035 1.00  4692
mean.phi[6, 8]   0.52258721 0.114210167  0.2939759519  0.52503300  0.73515739 1.00  4648
mean.phi[1, 9]   0.71345793 0.064858256  0.5782057402  0.71739700  0.82773131 1.00  7793
mean.phi[2, 9]   0.85690334 0.077152183  0.6623277888  0.87186948  0.96342617 1.00  6058
mean.phi[3, 9]   0.88792820 0.061237301  0.7329036577  0.89973458  0.97128075 1.00  6020
mean.phi[4, 9]   0.84412331 0.057442209  0.7135340344  0.85204458  0.93283712 1.00  4140
mean.phi[5, 9]   0.82239052 0.052183697  0.7079176431  0.82733799  0.91127191 1.00  7046
mean.phi[6, 9]   0.45651338 0.114264579  0.2349809458  0.45799878  0.67195691 1.00  3101
mean.phi[1, 10]  0.74031264 0.085050318  0.5560094763  0.74795506  0.88550304 1.00  6291
mean.phi[2, 10]  0.89186119 0.043863801  0.7896157185  0.89770612  0.96014702 1.00  6983
mean.phi[3, 10]  0.87783245 0.070547029  0.7031121035  0.89233216  0.96986996 1.00  5999
mean.phi[4, 10]  0.92345732 0.039443602  0.8252333306  0.93099060  0.97699959 1.00  6429
mean.phi[5, 10]  0.86651077 0.045423061  0.7636729937  0.87186769  0.94091774 1.00  7989
mean.phi[6, 10]  0.71196295 0.103743267  0.4865427869  0.72044498  0.88812649 1.00  6456
mean.phi[1, 11]  0.82701156 0.065948318  0.6792220187  0.83403442  0.93500130 1.00  5066
mean.phi[2, 11]  0.83633551 0.071123747  0.6690893331  0.84715473  0.94355852 1.00  6879
mean.phi[3, 11]  0.88316014 0.045255796  0.7787043919  0.88918796  0.95440643 1.00  7646
mean.phi[4, 11]  0.93701214 0.033676709  0.8539862705  0.94348878  0.98275143 1.00  6148
mean.phi[5, 11]  0.93319129 0.032912042  0.8539228348  0.93906868  0.98086541 1.00  3217
mean.phi[6, 11]  0.77477263 0.081773981  0.5964615482  0.78238566  0.91240331 1.00  4245
mean.phi[1, 12]  0.65561056 0.079590891  0.4888728319  0.66005051  0.79956117 1.00  6649
mean.phi[2, 12]  0.86635715 0.056287242  0.7336713058  0.87427661  0.95231669 1.00  7254
mean.phi[3, 12]  0.79734061 0.086770502  0.5897388077  0.81156986  0.92744649 1.00  5450
mean.phi[4, 12]  0.91628926 0.033840359  0.8367417070  0.92130042  0.96725668 1.00  7032
mean.phi[5, 12]  0.90189186 0.044475918  0.7963873299  0.90860680  0.96811714 1.00  5545
mean.phi[6, 12]  0.69009380 0.074435049  0.5350007566  0.69378238  0.82340978 1.00  7281
mean.phi[1, 13]  0.73106211 0.067969400  0.5873584865  0.73429780  0.85187804 1.00  7081
mean.phi[2, 13]  0.84939959 0.062714604  0.7012736120  0.85873141  0.94388792 1.00  6838
mean.phi[3, 13]  0.79487098 0.075480957  0.6234568831  0.80415639  0.91491575 1.00  6097
mean.phi[4, 13]  0.93143154 0.029466192  0.8615280027  0.93580356  0.97555895 1.00  6245
mean.phi[5, 13]  0.88859637 0.054843069  0.7566523939  0.89841174  0.96566662 1.00  6442
mean.phi[6, 13]  0.70625598 0.072461595  0.5561118889  0.70925960  0.83623193 1.00  7148
mean.phi[1, 14]  0.77516836 0.067919601  0.6296729912  0.78031352  0.89356793 1.00  6787
mean.phi[2, 14]  0.90304455 0.042090572  0.8032185434  0.90934146  0.96687823 1.00  6733
mean.phi[3, 14]  0.87773155 0.056314101  0.7423506438  0.88702249  0.96065725 1.00  6866
mean.phi[4, 14]  0.93550855 0.027901396  0.8693798767  0.93991973  0.97758233 1.00  7002
mean.phi[5, 14]  0.88106463 0.058192306  0.7405868001  0.89159970  0.96446624 1.00  6703
mean.phi[6, 14]  0.58905437 0.085264399  0.4192410151  0.59192426  0.74705013 1.00  7093
mean.phi[1, 15]  0.78914850 0.057946517  0.6657345110  0.79240871  0.89109040 1.00  6816
mean.phi[2, 15]  0.85024167 0.058008008  0.7174467707  0.85799190  0.94070739 1.00  7855
mean.phi[3, 15]  0.90251729 0.044777920  0.7949781507  0.90986038  0.96841413 1.00  6402
mean.phi[4, 15]  0.92840234 0.028296485  0.8634491762  0.93213473  0.97152519 1.00  7204
mean.phi[5, 15]  0.89391832 0.056609266  0.7552156886  0.90447814  0.97205813 1.00  6239
mean.phi[6, 15]  0.70857629 0.083959560  0.5334787306  0.71226578  0.85852401 1.00  6655
mean.phi[1, 16]  0.86631831 0.055651980  0.7412740948  0.87309170  0.95359839 1.01  3135
mean.phi[2, 16]  0.82468901 0.056328714  0.6995471685  0.83083351  0.91644100 1.00  7893
mean.phi[3, 16]  0.87022002 0.055512357  0.7389087797  0.87871565  0.95340024 1.00  6675
mean.phi[4, 16]  0.93790065 0.025785556  0.8768500800  0.94154162  0.97697397 1.00  6879
mean.phi[5, 16]  0.89819756 0.042908448  0.7985537020  0.90423142  0.96378568 1.00  6536
mean.phi[6, 16]  0.74037334 0.086035748  0.5547248159  0.74677220  0.88829625 1.00  6069
mean.phi[1, 17]  0.71273557 0.104389813  0.4818951238  0.72308105  0.88708381 1.00  6611
mean.phi[2, 17]  0.90236460 0.047111528  0.7901092694  0.90988583  0.97275141 1.00  7279
mean.phi[3, 17]  0.82008359 0.062669895  0.6794752106  0.82705936  0.92378916 1.00  7719
mean.phi[4, 17]  0.90425635 0.035732013  0.8219782189  0.90876064  0.96030953 1.00  6910
mean.phi[5, 17]  0.93924262 0.032381044  0.8625504825  0.94482576  0.98496325 1.00  4780
mean.phi[6, 17]  0.74355826 0.087437818  0.5529617003  0.75114303  0.89210008 1.00  5742
mu.R[1]          0.02220346 0.015838072  0.0026462252  0.01853590  0.06203300 1.00  3957
mu.R[2]          0.16608574 0.067491867  0.0585757209  0.15776151  0.31931964 1.00  6047
mu.R[3]          0.10309385 0.050016719  0.0266829879  0.09520586  0.21698947 1.00  5598
mu.R[4]          0.14176789 0.049526742  0.0599480686  0.13637230  0.25137758 1.00  4772
mu.R[5]          0.20652537 0.067692395  0.0904775201  0.20118492  0.35391482 1.00  3527
mu.R[6]          0.10375112 0.032985576  0.0486988628  0.10072927  0.17812159 1.00  5582
mu.p             0.99140797 0.002495358  0.9858226262  0.99167495  0.99555949 1.00  5669
mu.phi[1]        0.71571476 0.039807747  0.6316751867  0.71814786  0.78747354 1.00  2076
mu.phi[2]        0.88298600 0.025860934  0.8273481898  0.88505133  0.92832702 1.00  3045
mu.phi[3]        0.86102920 0.030188335  0.7955423215  0.86368152  0.91327245 1.00  3192
mu.phi[4]        0.92862668 0.014873479  0.8967752936  0.92985003  0.95464603 1.00  2090
mu.phi[5]        0.89734055 0.022283012  0.8489905011  0.89918141  0.93577566 1.00  2473
mu.phi[6]        0.66375050 0.040947257  0.5807062940  0.66484394  0.74090251 1.00  2564
sigma.R          0.11082060 0.110727627  0.0113654305  0.07789736  0.38422356 1.09    83
sigma.p          0.10504772 0.087775287  0.0095677514  0.08405108  0.33222087 1.08   126
sigma.phi        0.60322822 0.113055850  0.3793466355  0.60440065  0.82110112 1.03   467
veg[1]          -0.33836198 1.044473294 -2.3023543223 -0.36364546  1.77387700 1.00  2783
veg[2]           1.78600000 0.000000000  1.7860000000  1.78600000  1.78600000  NaN     0
veg[3]           2.19000000 0.000000000  2.1900000000  2.19000000  2.19000000  NaN     0
veg[4]           1.65100000 0.000000000  1.6510000000  1.65100000  1.65100000  NaN     0
veg[5]          -0.54900000 0.000000000 -0.5490000000 -0.54900000 -0.54900000  NaN     0
veg[6]          -0.44700000 0.000000000 -0.4470000000 -0.44700000 -0.44700000  NaN     0
veg[7]          -0.95300000 0.000000000 -0.9530000000 -0.95300000 -0.95300000  NaN     0
veg[8]          -0.51800000 0.000000000 -0.5180000000 -0.51800000 -0.51800000  NaN     0
veg[9]          -0.53700000 0.000000000 -0.5370000000 -0.53700000 -0.53700000  NaN     0
veg[10]         -0.66400000 0.000000000 -0.6640000000 -0.66400000 -0.66400000  NaN     0
veg[11]         -0.50900000 0.000000000 -0.5090000000 -0.50900000 -0.50900000  NaN     0
veg[12]         -0.37700000 0.000000000 -0.3770000000 -0.37700000 -0.37700000  NaN     0
veg[13]          0.07500000 0.000000000  0.0750000000  0.07500000  0.07500000  NaN     0
veg[14]         -0.24300000 0.000000000 -0.2430000000 -0.24300000 -0.24300000  NaN     0
veg[15]         -0.51000000 0.000000000 -0.5100000000 -0.51000000 -0.51000000  NaN     0
veg[16]         -0.39400000 0.000000000 -0.3940000000 -0.39400000 -0.39400000  NaN     0
veg[17]          0.40019707 0.706359480 -0.9897339600  0.38535147  1.83256351 1.00  2767
