Information and diagnostics 
=========================== 
Total iter:                       10000 
Thin:                             1 
Num chains:                       3 
Max Rhat:                         1.18 
Min n.eff:                        137 


Model summary 
============= 
                      mean          sd        2.5%        50%      97.5% Rhat n.eff
mean.M[1, 1]    0.09266203 0.026921263 0.042965711 0.09158457 0.14913909 1.00  4271
mean.M[2, 1]    0.11558051 0.031433384 0.056654069 0.11419976 0.18211779 1.00  4162
mean.M[3, 1]    0.03451116 0.010484647 0.015168860 0.03398358 0.05664978 1.01  3141
mean.M[4, 1]    0.01830321 0.008038616 0.006035145 0.01712975 0.03712069 1.00  4872
mean.M[5, 1]    0.04251438 0.013572568 0.018242787 0.04174974 0.07141921 1.00  2959
mean.M[1, 2]    0.10980486 0.032385414 0.060729105 0.10497525 0.18810110 1.01  3196
mean.M[2, 2]    0.13644003 0.037883147 0.079139733 0.13079775 0.22979295 1.01  2559
mean.M[3, 2]    0.04135214 0.012884175 0.022662325 0.03932108 0.07305220 1.01  2817
mean.M[4, 2]    0.02202590 0.009859887 0.008136014 0.02029802 0.04554406 1.00  4397
mean.M[5, 2]    0.05088591 0.016707719 0.026257126 0.04830567 0.09128597 1.01  3125
mean.M[1, 3]    0.09509738 0.025449529 0.049470981 0.09383530 0.14973791 1.00  5432
mean.M[2, 3]    0.11880397 0.030468534 0.064656155 0.11703329 0.18586670 1.00  5509
mean.M[3, 3]    0.03545849 0.009996172 0.017811415 0.03470772 0.05727056 1.00  4767
mean.M[4, 3]    0.01883793 0.008040394 0.006742980 0.01769474 0.03785072 1.00  5326
mean.M[5, 3]    0.04375609 0.013333896 0.020832896 0.04275626 0.07296991 1.00  5145
mean.M[1, 4]    0.08754026 0.025425851 0.040118320 0.08662029 0.14021056 1.01  1740
mean.M[2, 4]    0.10928141 0.029395304 0.054046876 0.10874330 0.17019880 1.01  1780
mean.M[3, 4]    0.03248284 0.009859629 0.014440421 0.03206957 0.05276700 1.01  1427
mean.M[4, 4]    0.01722267 0.007543074 0.005704732 0.01618727 0.03478397 1.00  3004
mean.M[5, 4]    0.04012144 0.013046053 0.017089318 0.03937417 0.06803908 1.01  1483
mean.M[1, 5]    0.09602148 0.026213715 0.049614166 0.09444124 0.15250903 1.00  5599
mean.M[2, 5]    0.11967936 0.030127563 0.066105809 0.11777063 0.18472527 1.00  5516
mean.M[3, 5]    0.03573496 0.009894942 0.018408303 0.03506883 0.05704037 1.00  4878
mean.M[4, 5]    0.01897176 0.007942750 0.006890267 0.01785203 0.03756565 1.00  5453
mean.M[5, 5]    0.04413307 0.013450928 0.021341189 0.04300057 0.07392512 1.00  4843
mean.M[1, 6]    0.09634737 0.026433230 0.050061064 0.09469286 0.15273018 1.00  5257
mean.M[2, 6]    0.12023839 0.031349253 0.064620570 0.11794681 0.18912618 1.00  5343
mean.M[3, 6]    0.03583276 0.009887750 0.018693205 0.03508405 0.05749924 1.00  4901
mean.M[4, 6]    0.01907095 0.008163071 0.006874809 0.01792813 0.03807332 1.00  5245
mean.M[5, 6]    0.04435245 0.013847492 0.021138345 0.04301006 0.07528465 1.00  4980
mean.M[1, 7]    0.09355374 0.025907493 0.047568951 0.09202146 0.14829090 1.00  5227
mean.M[2, 7]    0.11675595 0.030299141 0.062035804 0.11507589 0.18296890 1.00  4681
mean.M[3, 7]    0.03473240 0.009684415 0.017467305 0.03411430 0.05558318 1.01  3772
mean.M[4, 7]    0.01845970 0.007820446 0.006510215 0.01737228 0.03668274 1.00  4937
mean.M[5, 7]    0.04298680 0.013381417 0.020199720 0.04199245 0.07232105 1.00  4793
mean.M[1, 8]    0.10563555 0.029498482 0.058626188 0.10225111 0.17532957 1.01  4270
mean.M[2, 8]    0.13163887 0.035534133 0.075518989 0.12722395 0.21675316 1.01  3979
mean.M[3, 8]    0.03957548 0.011277048 0.021916387 0.03810744 0.06605417 1.01  4801
mean.M[4, 8]    0.02104001 0.008894476 0.007890265 0.01961646 0.04195036 1.00  5401
mean.M[5, 8]    0.04890407 0.015587307 0.024743238 0.04682913 0.08560958 1.01  4950
mean.M[1, 9]    0.11089226 0.033063003 0.060599382 0.10602215 0.19073124 1.01  2568
mean.M[2, 9]    0.13771547 0.038468184 0.080763948 0.13176915 0.23149996 1.01  1802
mean.M[3, 9]    0.04174130 0.012920665 0.022967793 0.03975944 0.07300119 1.01  2560
mean.M[4, 9]    0.02216466 0.009609587 0.008349331 0.02049344 0.04515488 1.00  4480
mean.M[5, 9]    0.05147265 0.017221915 0.026438668 0.04871865 0.09337578 1.01  2962
mean.M[1, 10]   0.09275958 0.024503516 0.048434211 0.09144696 0.14456570 1.00  4029
mean.M[2, 10]   0.11610435 0.029853249 0.061376458 0.11454792 0.17889851 1.00  5057
mean.M[3, 10]   0.03457495 0.009743646 0.017026369 0.03403418 0.05541502 1.00  3876
mean.M[4, 10]   0.01830533 0.007622937 0.006455384 0.01718905 0.03602586 1.00  5322
mean.M[5, 10]   0.04270089 0.013112811 0.019609829 0.04174225 0.07087287 1.00  4332
mean.M[1, 11]   0.08856766 0.024891240 0.042549209 0.08762570 0.14094395 1.00  2042
mean.M[2, 11]   0.11040489 0.027977313 0.057951807 0.10957931 0.16828903 1.00  1671
mean.M[3, 11]   0.03285538 0.009558479 0.015249944 0.03245136 0.05263781 1.01  1667
mean.M[4, 11]   0.01738090 0.007361766 0.005960074 0.01636636 0.03449542 1.00  2855
mean.M[5, 11]   0.04056533 0.012745693 0.018143569 0.03962112 0.06748602 1.00  2009
mean.M[1, 12]   0.10473325 0.027197567 0.059487671 0.10194561 0.16660543 1.00  5686
mean.M[2, 12]   0.13053803 0.032506813 0.077307854 0.12709676 0.20502596 1.00  5362
mean.M[3, 12]   0.03926265 0.010650471 0.021856992 0.03800247 0.06362887 1.00  5587
mean.M[4, 12]   0.02088545 0.008752273 0.007919517 0.01948976 0.04161653 1.00  5536
mean.M[5, 12]   0.04830134 0.013811371 0.025478780 0.04687896 0.07983298 1.00  5421
mean.M[1, 13]   0.12156932 0.035750359 0.068171026 0.11579348 0.20832981 1.02  1039
mean.M[2, 13]   0.15068484 0.042112930 0.088034269 0.14373182 0.25157844 1.02   870
mean.M[3, 13]   0.04621541 0.014528999 0.025627919 0.04358480 0.08229980 1.01  1143
mean.M[4, 13]   0.02467050 0.011034784 0.009197851 0.02266718 0.05155044 1.01  2083
mean.M[5, 13]   0.05664437 0.017996284 0.029665045 0.05364220 0.10031804 1.01  1214
mean.M[1, 14]   0.08793944 0.024287364 0.042766169 0.08735100 0.13825338 1.00  1727
mean.M[2, 14]   0.10991020 0.028405415 0.056084825 0.10912028 0.16831802 1.00  1828
mean.M[3, 14]   0.03261363 0.009379072 0.015370534 0.03222561 0.05200713 1.01  1781
mean.M[4, 14]   0.01729074 0.007414836 0.005955493 0.01618611 0.03470755 1.00  3537
mean.M[5, 14]   0.04024694 0.012437934 0.018338963 0.03951520 0.06666077 1.00  1582
mean.M[1, 15]   0.09558265 0.024305066 0.052181834 0.09398857 0.14670372 1.00  5805
mean.M[2, 15]   0.11928240 0.028265697 0.068658382 0.11769521 0.17982577 1.00  5987
mean.M[3, 15]   0.03558573 0.009367069 0.019317443 0.03486933 0.05587049 1.00  5071
mean.M[4, 15]   0.01891730 0.007837017 0.006988802 0.01787882 0.03719217 1.00  5449
mean.M[5, 15]   0.04386477 0.012530644 0.022603881 0.04269587 0.07183519 1.00  5553
mean.M[1, 16]   0.10310736 0.025490583 0.060629697 0.10089051 0.15914187 1.00  6056
mean.M[2, 16]   0.12859750 0.030416064 0.077592571 0.12564739 0.19703079 1.00  5696
mean.M[3, 16]   0.03863947 0.010083064 0.021889017 0.03763351 0.06128985 1.00  5295
mean.M[4, 16]   0.02054568 0.008412770 0.007784912 0.01934684 0.04049180 1.00  5599
mean.M[5, 16]   0.04759163 0.013466273 0.025598986 0.04611176 0.07774459 1.00  5817
mean.M[1, 17]   0.10663558 0.026865387 0.061795108 0.10412910 0.16688919 1.00  5020
mean.M[2, 17]   0.13269971 0.031237394 0.080909032 0.12920966 0.20349744 1.00  4530
mean.M[3, 17]   0.04001334 0.010459133 0.022916819 0.03880658 0.06419527 1.00  4716
mean.M[4, 17]   0.02127777 0.008682045 0.008154623 0.01998228 0.04155110 1.00  5635
mean.M[5, 17]   0.04924604 0.013851551 0.026638729 0.04782554 0.08022565 1.00  5566
mean.Pi[1]      0.99604757 0.002077688 0.991182844 0.99635539 0.99917635 1.00  3583
mean.Pi[2]      0.99604757 0.002077688 0.991182844 0.99635539 0.99917635 1.00  3583
mean.Pi[3]      0.99604757 0.002077688 0.991182844 0.99635539 0.99917635 1.00  3583
mean.Pi[4]      0.99604757 0.002077688 0.991182844 0.99635539 0.99917635 1.00  3583
mean.Pi[5]      0.99604757 0.002077688 0.991182844 0.99635539 0.99917635 1.00  3583
mean.Pi[6]      0.99604757 0.002077688 0.991182844 0.99635539 0.99917635 1.00  3583
mean.Pi[7]      0.99604757 0.002077688 0.991182844 0.99635539 0.99917635 1.00  3583
mean.Pi[8]      0.99604757 0.002077688 0.991182844 0.99635539 0.99917635 1.00  3583
mean.Pi[9]      0.99604757 0.002077688 0.991182844 0.99635539 0.99917635 1.00  3583
mean.Pi[10]     0.99604757 0.002077688 0.991182844 0.99635539 0.99917635 1.00  3583
mean.Pi[11]     0.99604757 0.002077688 0.991182844 0.99635539 0.99917635 1.00  3583
mean.Pi[12]     0.99604757 0.002077688 0.991182844 0.99635539 0.99917635 1.00  3583
mean.Pi[13]     0.99604757 0.002077688 0.991182844 0.99635539 0.99917635 1.00  3583
mean.Pi[14]     0.99604757 0.002077688 0.991182844 0.99635539 0.99917635 1.00  3583
mean.Pi[15]     0.99604757 0.002077688 0.991182844 0.99635539 0.99917635 1.00  3583
mean.Pi[16]     0.99604757 0.002077688 0.991182844 0.99635539 0.99917635 1.00  3583
mean.Pi[17]     0.99604757 0.002077688 0.991182844 0.99635539 0.99917635 1.00  3583
mean.Pi[18]     0.99604757 0.002077688 0.991182844 0.99635539 0.99917635 1.00  3583
mean.Po[1]      0.03533253 0.007799348 0.021772542 0.03471207 0.05265169 1.00  6736
mean.Po[2]      0.03533253 0.007799348 0.021772542 0.03471207 0.05265169 1.00  6736
mean.Po[3]      0.03533253 0.007799348 0.021772542 0.03471207 0.05265169 1.00  6736
mean.Po[4]      0.03533253 0.007799348 0.021772542 0.03471207 0.05265169 1.00  6736
mean.Po[5]      0.03533253 0.007799348 0.021772542 0.03471207 0.05265169 1.00  6736
mean.Po[6]      0.03533253 0.007799348 0.021772542 0.03471207 0.05265169 1.00  6736
mean.Po[7]      0.03533253 0.007799348 0.021772542 0.03471207 0.05265169 1.00  6736
mean.Po[8]      0.03533253 0.007799348 0.021772542 0.03471207 0.05265169 1.00  6736
mean.Po[9]      0.03533253 0.007799348 0.021772542 0.03471207 0.05265169 1.00  6736
mean.Po[10]     0.03533253 0.007799348 0.021772542 0.03471207 0.05265169 1.00  6736
mean.Po[11]     0.03533253 0.007799348 0.021772542 0.03471207 0.05265169 1.00  6736
mean.Po[12]     0.03533253 0.007799348 0.021772542 0.03471207 0.05265169 1.00  6736
mean.Po[13]     0.03533253 0.007799348 0.021772542 0.03471207 0.05265169 1.00  6736
mean.Po[14]     0.03533253 0.007799348 0.021772542 0.03471207 0.05265169 1.00  6736
mean.Po[15]     0.03533253 0.007799348 0.021772542 0.03471207 0.05265169 1.00  6736
mean.Po[16]     0.03533253 0.007799348 0.021772542 0.03471207 0.05265169 1.00  6736
mean.Po[17]     0.03533253 0.007799348 0.021772542 0.03471207 0.05265169 1.00  6736
mean.Po[18]     0.03533253 0.007799348 0.021772542 0.03471207 0.05265169 1.00  6736
mean.R[1, 1]    0.37929822 0.122820909 0.158140122 0.37453186 0.62843800 1.00  6347
mean.R[2, 1]    0.25434274 0.111370985 0.076506163 0.24201999 0.50574318 1.00  5516
mean.R[3, 1]    0.32277983 0.094835806 0.155397560 0.31613342 0.52575388 1.00  5761
mean.R[4, 1]    0.28951822 0.078876692 0.150399550 0.28505069 0.45716528 1.01  5328
mean.R[5, 1]    0.13888498 0.046876905 0.064277584 0.13321388 0.24608662 1.01  4497
mean.R[1, 2]    0.36880431 0.121310795 0.149076352 0.36381052 0.61645632 1.00  6429
mean.R[2, 2]    0.24551546 0.107133875 0.071836785 0.23459434 0.48554389 1.00  5988
mean.R[3, 2]    0.31285209 0.092946803 0.147106192 0.30824614 0.50883298 1.00  6117
mean.R[4, 2]    0.28005322 0.076219440 0.138897453 0.27667934 0.43761921 1.00  5506
mean.R[5, 2]    0.13303194 0.043517005 0.060687187 0.12837103 0.22971498 1.00  5121
mean.R[1, 3]    0.37067015 0.119652819 0.153703527 0.36709793 0.61144051 1.00  6578
mean.R[2, 3]    0.24717529 0.107799983 0.074046823 0.23589961 0.48992366 1.00  6218
mean.R[3, 3]    0.31468010 0.092468855 0.150959463 0.30965768 0.51213036 1.00  6494
mean.R[4, 3]    0.28159451 0.075103752 0.146338090 0.27767747 0.43962991 1.00  6070
mean.R[5, 3]    0.13404143 0.043491911 0.061743214 0.12914011 0.23190045 1.00  5780
mean.R[1, 4]    0.36792111 0.119234445 0.151659857 0.36235506 0.61040009 1.00  6764
mean.R[2, 4]    0.24485330 0.106699539 0.072998656 0.23437197 0.48546635 1.00  6119
mean.R[3, 4]    0.31196159 0.090941926 0.149277130 0.30704198 0.50558658 1.00  6212
mean.R[4, 4]    0.27927918 0.075429447 0.142979032 0.27558598 0.43719085 1.00  5471
mean.R[5, 4]    0.13259993 0.042997004 0.060912032 0.12782974 0.22940571 1.00  6046
mean.R[1, 5]    0.38525126 0.123309476 0.163537787 0.38117774 0.64141161 1.01  6302
mean.R[2, 5]    0.25913521 0.112693059 0.079333575 0.24571681 0.51582031 1.00  5687
mean.R[3, 5]    0.32817622 0.093595019 0.164244245 0.32170506 0.52668654 1.01  6712
mean.R[4, 5]    0.29485042 0.079458757 0.158202578 0.28945696 0.46606501 1.02  5081
mean.R[5, 5]    0.14210702 0.048084255 0.066988083 0.13563408 0.25257899 1.01  4094
mean.R[1, 6]    0.36084177 0.119645031 0.145230354 0.35628378 0.60342064 1.00  6119
mean.R[2, 6]    0.23921734 0.105636721 0.070207695 0.22838707 0.47649078 1.00  5943
mean.R[3, 6]    0.30539677 0.091593208 0.141276283 0.30071312 0.49877551 1.01  4954
mean.R[4, 6]    0.27247562 0.072801408 0.137998463 0.26950775 0.42303480 1.01  5530
mean.R[5, 6]    0.12878354 0.041566209 0.057872991 0.12448213 0.22030516 1.00  5150
mean.R[1, 7]    0.37378954 0.121140260 0.155009621 0.36967794 0.62028299 1.00  6619
mean.R[2, 7]    0.24938372 0.107683716 0.075642057 0.23850999 0.49055159 1.00  6233
mean.R[3, 7]    0.31739741 0.092215905 0.152962369 0.31203091 0.51543708 1.00  5910
mean.R[4, 7]    0.28440516 0.076215662 0.146834480 0.28034409 0.44433859 1.01  5679
mean.R[5, 7]    0.13578994 0.044711361 0.062804498 0.13046208 0.23626422 1.00  5053
mean.R[1, 8]    0.38431277 0.121490634 0.163124551 0.37985201 0.63293842 1.00  6670
mean.R[2, 8]    0.25822222 0.111089519 0.079053729 0.24689643 0.50714818 1.00  5863
mean.R[3, 8]    0.32738483 0.092852103 0.163941837 0.32118515 0.52597373 1.00  6562
mean.R[4, 8]    0.29375530 0.076134833 0.159478447 0.28965426 0.45744217 1.01  6080
mean.R[5, 8]    0.14132718 0.046007344 0.067588062 0.13564711 0.24644124 1.01  5030
mean.R[1, 9]    0.37949223 0.121262014 0.160537327 0.37503684 0.62669412 1.00  6711
mean.R[2, 9]    0.25423536 0.109859944 0.078317418 0.24247644 0.49792720 1.00  6053
mean.R[3, 9]    0.32268251 0.091548863 0.159888281 0.31717425 0.51741766 1.00  6849
mean.R[4, 9]    0.28923504 0.074500818 0.155238653 0.28507748 0.44731837 1.00  6093
mean.R[5, 9]    0.13852665 0.044190121 0.066282042 0.13354341 0.23679548 1.00  5976
mean.R[1, 10]   0.38140451 0.121710441 0.161051782 0.37765265 0.63118204 1.00  6604
mean.R[2, 10]   0.25581274 0.110222751 0.077975901 0.24346722 0.50160085 1.00  6278
mean.R[3, 10]   0.32476508 0.094114297 0.160207654 0.31834987 0.52546978 1.00  6423
mean.R[4, 10]   0.29112524 0.075968312 0.155997000 0.28684239 0.45123942 1.01  5879
mean.R[5, 10]   0.13996628 0.046639985 0.065319427 0.13376227 0.24572188 1.00  5114
mean.R[1, 11]   0.37351442 0.119426050 0.158809398 0.36884703 0.61683477 1.00  6946
mean.R[2, 11]   0.24940965 0.107764865 0.075988769 0.23852711 0.48896226 1.00  6133
mean.R[3, 11]   0.31752233 0.093103037 0.152558467 0.31195160 0.51367967 1.00  6134
mean.R[4, 11]   0.28448993 0.076887744 0.146242167 0.28030126 0.44840764 1.01  5741
mean.R[5, 11]   0.13591123 0.045268297 0.061465223 0.13077526 0.23737377 1.00  5158
mean.R[1, 12]   0.36618828 0.120262537 0.148603767 0.36196583 0.61301869 1.00  6614
mean.R[2, 12]   0.24347696 0.106556025 0.072515036 0.23314908 0.48538004 1.00  5980
mean.R[3, 12]   0.31032096 0.091837832 0.144823979 0.30568424 0.50476637 1.01  5568
mean.R[4, 12]   0.27755729 0.075187409 0.139575493 0.27439754 0.43384489 1.01  5741
mean.R[5, 12]   0.13166895 0.043061700 0.059928929 0.12700518 0.22727916 1.00  5177
mean.R[1, 13]   0.39312258 0.124914978 0.169097573 0.38749945 0.65069396 1.01  5573
mean.R[2, 13]   0.26585214 0.115724145 0.081126287 0.25278722 0.52662310 1.01  5354
mean.R[3, 13]   0.33618446 0.098798739 0.166480561 0.32831282 0.55077118 1.01  5090
mean.R[4, 13]   0.30233997 0.082940869 0.162696897 0.29615342 0.48633236 1.03  4844
mean.R[5, 13]   0.14671239 0.050927353 0.069023614 0.13941881 0.26640105 1.03  3063
mean.R[1, 14]   0.37335360 0.120413728 0.153489084 0.36940603 0.61818418 1.00  6701
mean.R[2, 14]   0.24905135 0.107329875 0.075791880 0.23797728 0.49108151 1.00  6219
mean.R[3, 14]   0.31712298 0.092567428 0.153110551 0.31178233 0.51366979 1.00  6426
mean.R[4, 14]   0.28399513 0.075936408 0.147535721 0.27995857 0.44305361 1.00  5801
mean.R[5, 14]   0.13527281 0.043321074 0.063665815 0.13030122 0.23252820 1.00  5942
mean.R[1, 15]   0.37412910 0.121051501 0.155912227 0.36841853 0.62252052 1.00  6563
mean.R[2, 15]   0.24992973 0.108498725 0.074401591 0.23818571 0.49263282 1.00  6076
mean.R[3, 15]   0.31789231 0.092669696 0.154159089 0.31263306 0.51283067 1.00  6277
mean.R[4, 15]   0.28481904 0.076876829 0.147817102 0.28071427 0.44935680 1.00  5770
mean.R[5, 15]   0.13594910 0.044609654 0.062839581 0.13075336 0.23604007 1.00  4784
mean.R[1, 16]   0.37565534 0.121594988 0.156582818 0.37030741 0.62184779 1.00  6422
mean.R[2, 16]   0.25105750 0.109097398 0.076174268 0.23980973 0.49513987 1.00  5918
mean.R[3, 16]   0.31944628 0.093919372 0.152920660 0.31382216 0.51969939 1.00  6378
mean.R[4, 16]   0.28611867 0.076885695 0.150068838 0.28172754 0.44875659 1.01  5654
mean.R[5, 16]   0.13694245 0.046025808 0.063144667 0.13126347 0.23996661 1.01  4888
mean.R[1, 17]   0.37422728 0.121517157 0.154382323 0.37030360 0.62033151 1.00  6515
mean.R[2, 17]   0.24996910 0.108800677 0.075645064 0.23880225 0.49666070 1.00  5959
mean.R[3, 17]   0.31798864 0.093805041 0.151712786 0.31296703 0.51606630 1.00  5904
mean.R[4, 17]   0.28491682 0.077274601 0.145494516 0.28110233 0.44736260 1.00  4767
mean.R[5, 17]   0.13610253 0.045398814 0.062148279 0.13079724 0.23955782 1.00  4454
mean.phi[1, 1]  0.96025542 0.042112571 0.842373289 0.97347573 0.99663743 1.00  6615
mean.phi[2, 1]  0.96359810 0.036185379 0.865541826 0.97472262 0.99668110 1.00  6837
mean.phi[3, 1]  0.96840314 0.033055745 0.878644392 0.97881155 0.99721658 1.00  6476
mean.phi[4, 1]  0.93667560 0.052087614 0.794656602 0.95140529 0.99261156 1.00  6819
mean.phi[5, 1]  0.87830085 0.067305713 0.717297661 0.89058522 0.97248902 1.00  6663
mean.phi[1, 2]  0.96572148 0.033122345 0.873422815 0.97588695 0.99669580 1.00  6878
mean.phi[2, 2]  0.96463879 0.035197170 0.868973718 0.97550442 0.99693011 1.01  6684
mean.phi[3, 2]  0.97477366 0.023468329 0.910798904 0.98161090 0.99724456 1.00  6624
mean.phi[4, 2]  0.94261578 0.047941874 0.815734054 0.95595282 0.99329520 1.00  6234
mean.phi[5, 2]  0.66316178 0.105073996 0.443127211 0.67020190 0.84664658 1.00  6354
mean.phi[1, 3]  0.95610052 0.032969307 0.869999176 0.96462174 0.99376356 1.00  8018
mean.phi[2, 3]  0.96546247 0.033965618 0.873064514 0.97598913 0.99705749 1.00  6937
mean.phi[3, 3]  0.98019156 0.016484549 0.936883277 0.98480026 0.99762150 1.00  6641
mean.phi[4, 3]  0.85563385 0.085351546 0.643862897 0.87376429 0.96975894 1.00  6669
mean.phi[5, 3]  0.75166029 0.096170676 0.541490404 0.76188058 0.90524513 1.00  6981
mean.phi[1, 4]  0.94470024 0.043984456 0.828493085 0.95710572 0.99256177 1.00  7166
mean.phi[2, 4]  0.95763682 0.030902870 0.877012802 0.96579742 0.99331852 1.00  7317
mean.phi[3, 4]  0.93820881 0.034386828 0.853424421 0.94511550 0.98463303 1.00  7725
mean.phi[4, 4]  0.95301218 0.035702453 0.858332375 0.96218383 0.99382342 1.00  6075
mean.phi[5, 4]  0.73710633 0.099924708 0.515563234 0.74763354 0.90117889 1.00  7030
mean.phi[1, 5]  0.96203229 0.038450176 0.856730736 0.97401005 0.99686176 1.00  6482
mean.phi[2, 5]  0.96828860 0.029687072 0.888040885 0.97721226 0.99691985 1.01  6946
mean.phi[3, 5]  0.95494006 0.023920262 0.895878746 0.95924911 0.98784688 1.00  7530
mean.phi[4, 5]  0.95594465 0.033610292 0.868622089 0.96494356 0.99425260 1.00  5642
mean.phi[5, 5]  0.80799488 0.081887923 0.618867145 0.81842689 0.93695305 1.00  6978
mean.phi[1, 6]  0.96635031 0.032395867 0.878240363 0.97622400 0.99675789 1.00  6967
mean.phi[2, 6]  0.96155778 0.039468690 0.852036895 0.97366347 0.99668929 1.00  6523
mean.phi[3, 6]  0.98603027 0.010796408 0.957517001 0.98893390 0.99804121 1.01  6281
mean.phi[4, 6]  0.73046352 0.089636856 0.535476839 0.73816510 0.88221537 1.00  6371
mean.phi[5, 6]  0.44248360 0.113095595 0.229489612 0.43891869 0.66679331 1.00  5834
mean.phi[1, 7]  0.95617716 0.048292273 0.821293978 0.97193968 0.99663308 1.00  6263
mean.phi[2, 7]  0.93707019 0.053285256 0.789721693 0.95271853 0.99239455 1.00  6818
mean.phi[3, 7]  0.96914646 0.017878069 0.924998447 0.97280825 0.99277432 1.00  7301
mean.phi[4, 7]  0.96121754 0.028479215 0.888414383 0.96826437 0.99439734 1.01  5393
mean.phi[5, 7]  0.82061428 0.101965624 0.572013594 0.83864689 0.96257673 1.00  6764
mean.phi[1, 8]  0.96589019 0.032336182 0.878937173 0.97586443 0.99679057 1.00  6944
mean.phi[2, 8]  0.95460911 0.052291899 0.814441346 0.97131658 0.99661516 1.00  5335
mean.phi[3, 8]  0.94099037 0.027844660 0.875199594 0.94530003 0.98174676 1.00  7928
mean.phi[4, 8]  0.82965053 0.058069542 0.698744353 0.83590304 0.92458862 1.00  7757
mean.phi[5, 8]  0.55368196 0.130594270 0.287454351 0.55773727 0.79236170 1.00  6041
mean.phi[1, 9]  0.95784175 0.046112497 0.831398262 0.97256134 0.99645344 1.01  6315
mean.phi[2, 9]  0.96564484 0.033827448 0.872123523 0.97613749 0.99680652 1.00  7005
mean.phi[3, 9]  0.92980357 0.039451158 0.832581964 0.93786262 0.98319588 1.00  6796
mean.phi[4, 9]  0.87445617 0.043583747 0.775266825 0.87932880 0.94443098 1.00  7735
mean.phi[5, 9]  0.57278060 0.117009975 0.336047690 0.57608977 0.78627881 1.00  6221
mean.phi[1, 10] 0.97801602 0.018018559 0.930989889 0.98303536 0.99749895 1.00  6732
mean.phi[2, 10] 0.95842706 0.045750408 0.834860623 0.97276988 0.99669978 1.01  6598
mean.phi[3, 10] 0.96286155 0.028493055 0.885778395 0.97024542 0.99450800 1.00  6767
mean.phi[4, 10] 0.90282207 0.038201333 0.814617613 0.90764267 0.96248975 1.00  8446
mean.phi[5, 10] 0.91821907 0.052153737 0.789194245 0.92940273 0.98567819 1.00  6237
mean.phi[1, 11] 0.90761694 0.064100328 0.741833404 0.92347333 0.98471273 1.00  7236
mean.phi[2, 11] 0.96450077 0.024977131 0.899894755 0.97078761 0.99417212 1.00  8155
mean.phi[3, 11] 0.97728730 0.019768540 0.922216603 0.98307348 0.99752270 1.00  6995
mean.phi[4, 11] 0.96974866 0.021079898 0.914636629 0.97466915 0.99524398 1.00  5405
mean.phi[5, 11] 0.91741528 0.044239338 0.810339377 0.92501112 0.97984105 1.00  6139
mean.phi[1, 12] 0.97279122 0.024252874 0.909262256 0.97967020 0.99707548 1.00  7762
mean.phi[2, 12] 0.96668352 0.031310402 0.879099332 0.97643606 0.99682969 1.00  6763
mean.phi[3, 12] 0.97317906 0.018827025 0.925997998 0.97794136 0.99558165 1.00  6970
mean.phi[4, 12] 0.94039586 0.038029724 0.843665038 0.94883540 0.98902670 1.00  6971
mean.phi[5, 12] 0.86059105 0.047202305 0.753659747 0.86574271 0.93749705 1.00  7146
mean.phi[1, 13] 0.95387158 0.035128501 0.860331941 0.96310164 0.99340529 1.00  7218
mean.phi[2, 13] 0.97294013 0.024363054 0.907294479 0.98017380 0.99726210 1.01  7516
mean.phi[3, 13] 0.98412032 0.012228293 0.951711227 0.98723320 0.99790385 1.00  6950
mean.phi[4, 13] 0.95168511 0.038014405 0.849746918 0.96188582 0.99411134 1.00  6206
mean.phi[5, 13] 0.91774151 0.034410412 0.837433711 0.92260296 0.97103645 1.00  7097
mean.phi[1, 14] 0.95027365 0.038370791 0.849215658 0.96047803 0.99310838 1.00  7291
mean.phi[2, 14] 0.95295447 0.035922670 0.858116835 0.96241480 0.99316663 1.00  7873
mean.phi[3, 14] 0.98525472 0.011340350 0.955447746 0.98837960 0.99791856 1.00  6761
mean.phi[4, 14] 0.92948737 0.046431542 0.810601748 0.93985415 0.98720967 1.01  7085
mean.phi[5, 14] 0.82125035 0.050293949 0.711024389 0.82546678 0.90729455 1.00  7362
mean.phi[1, 15] 0.97343509 0.023142656 0.911205811 0.98017401 0.99703297 1.00  6329
mean.phi[2, 15] 0.95557066 0.033103915 0.868526041 0.96454007 0.99357346 1.00  7364
mean.phi[3, 15] 0.97967207 0.013310025 0.945813836 0.98282674 0.99611811 1.00  7494
mean.phi[4, 15] 0.94840403 0.040700790 0.843795445 0.95954497 0.99345573 1.00  5566
mean.phi[5, 15] 0.93074275 0.032560222 0.855091227 0.93610153 0.97857967 1.00  6748
mean.phi[1, 16] 0.97772336 0.018198166 0.929487050 0.98279955 0.99742658 1.00  7273
mean.phi[2, 16] 0.95562944 0.033373889 0.869185340 0.96463609 0.99351777 1.00  7288
mean.phi[3, 16] 0.98558744 0.010856051 0.957295692 0.98834796 0.99808303 1.00  6794
mean.phi[4, 16] 0.94057703 0.032010649 0.861817190 0.94627688 0.98498155 1.00  7013
mean.phi[5, 16] 0.95848041 0.025154838 0.894937176 0.96370732 0.99184706 1.00  4954
mean.phi[1, 17] 0.97516397 0.021096124 0.918168171 0.98139674 0.99726223 1.00  7052
mean.phi[2, 17] 0.97733364 0.018631516 0.928813377 0.98242875 0.99738721 1.00  6761
mean.phi[3, 17] 0.98602761 0.010602982 0.958827157 0.98877417 0.99815238 1.00  6145
mean.phi[4, 17] 0.96979067 0.021507780 0.912934397 0.97507064 0.99539123 1.00  4421
mean.phi[5, 17] 0.96036686 0.023408060 0.903118352 0.96489858 0.99224511 1.00  4123
mean.r[1]       0.95903338 0.019990417 0.912000556 0.96213529 0.98834642 1.00  5249
mean.r[2]       0.95903338 0.019990417 0.912000556 0.96213529 0.98834642 1.00  5249
mean.r[3]       0.95903338 0.019990417 0.912000556 0.96213529 0.98834642 1.00  5249
mean.r[4]       0.95903338 0.019990417 0.912000556 0.96213529 0.98834642 1.00  5249
mean.r[5]       0.95903338 0.019990417 0.912000556 0.96213529 0.98834642 1.00  5249
mean.r[6]       0.95903338 0.019990417 0.912000556 0.96213529 0.98834642 1.00  5249
mean.r[7]       0.95903338 0.019990417 0.912000556 0.96213529 0.98834642 1.00  5249
mean.r[8]       0.95903338 0.019990417 0.912000556 0.96213529 0.98834642 1.00  5249
mean.r[9]       0.95903338 0.019990417 0.912000556 0.96213529 0.98834642 1.00  5249
mean.r[10]      0.95903338 0.019990417 0.912000556 0.96213529 0.98834642 1.00  5249
mean.r[11]      0.95903338 0.019990417 0.912000556 0.96213529 0.98834642 1.00  5249
mean.r[12]      0.95903338 0.019990417 0.912000556 0.96213529 0.98834642 1.00  5249
mean.r[13]      0.95903338 0.019990417 0.912000556 0.96213529 0.98834642 1.00  5249
mean.r[14]      0.95903338 0.019990417 0.912000556 0.96213529 0.98834642 1.00  5249
mean.r[15]      0.95903338 0.019990417 0.912000556 0.96213529 0.98834642 1.00  5249
mean.r[16]      0.95903338 0.019990417 0.912000556 0.96213529 0.98834642 1.00  5249
mean.r[17]      0.95903338 0.019990417 0.912000556 0.96213529 0.98834642 1.00  5249
mean.r[18]      0.95903338 0.019990417 0.912000556 0.96213529 0.98834642 1.00  5249
mu.M[1]         0.09811644 0.020646944 0.060942639 0.09704737 0.14151995 1.00  5900
mu.M[2]         0.12247495 0.023758092 0.080069205 0.12147719 0.17243590 1.00  5524
mu.M[3]         0.03654515 0.007817446 0.022493517 0.03595451 0.05334713 1.00  4580
mu.M[4]         0.01940117 0.007302375 0.007819661 0.01858242 0.03601083 1.00  5463
mu.M[5]         0.04510091 0.011081211 0.025715228 0.04427064 0.06918927 1.00  4981
mu.Pi           0.99604757 0.002077688 0.991182844 0.99635539 0.99917635 1.00  3583
mu.Po           0.03533253 0.007799348 0.021772542 0.03471207 0.05265169 1.00  6736
mu.R[1]         0.37302037 0.115762188 0.162136618 0.36884935 0.60580535 1.00  7034
mu.R[2]         0.24846123 0.104127798 0.078620222 0.23921344 0.48094167 1.00  6255
mu.R[3]         0.31651878 0.086869757 0.161920401 0.31166274 0.50020628 1.00  6864
mu.R[4]         0.28323626 0.068911846 0.157650771 0.28080075 0.42706263 1.00  6413
mu.R[5]         0.13465496 0.039972935 0.067563271 0.13024918 0.22280984 1.00  5756
mu.phi[1]       0.96809685 0.014152118 0.934264379 0.97050570 0.98832105 1.00  2993
mu.phi[2]       0.96811391 0.014344471 0.933824008 0.97059380 0.98906140 1.02  3093
mu.phi[3]       0.97551050 0.008552986 0.955368851 0.97664098 0.98883307 1.01  1939
mu.phi[4]       0.93536332 0.020533002 0.888379468 0.93790257 0.96878020 1.00  1192
mu.phi[5]       0.83045290 0.037832064 0.745595979 0.83325470 0.89707930 1.01  1140
mu.r            0.95903338 0.019990417 0.912000556 0.96213529 0.98834642 1.00  5249
sigma.M         0.19712651 0.128671566 0.025588007 0.17355262 0.49859801 1.04   190
sigma.R         0.13509945 0.114576227 0.013853844 0.10226912 0.43156431 1.18   137
sigma.phi       0.96523552 0.145523097 0.708664955 0.95516455 1.26839461 1.03   864
