Information and diagnostics 
=========================== 
Total iter:                       10000 
Thin:                             1 
Num chains:                       3 
Max Rhat:                         1.21 
Min n.eff:                        0 


Model summary 
============= 
                       mean         sd         2.5%         50%       97.5% Rhat n.eff
betaVR.R[1]      0.35486323 0.92270931 -1.425527852  0.33416130  2.24484547 1.01   242
betaVR.R[2]      0.39295209 0.62941359 -0.841605374  0.39421993  1.62731829 1.00  1879
betaVR.R[3]      0.36933415 0.68380547 -0.990680976  0.36335837  1.71150838 1.01  2506
betaVR.R[4]     -0.37095896 0.43429281 -1.236102260 -0.37224166  0.46304475 1.00  1454
betaVR.R[5]     -0.58103301 0.54352673 -1.660543780 -0.57596777  0.46856705 1.00  3700
betaVR.R[6]     -0.62022939 0.64652689 -1.902209924 -0.61861389  0.67659122 1.00  5018
betaVR.phi[1]    0.97649449 0.18116272  0.640391130  0.97323033  1.35025401 1.00  2363
betaVR.phi[2]   -0.21276920 0.26742861 -0.750816117 -0.20850574  0.30591757 1.00  2775
betaVR.phi[3]   -0.50152965 0.29966464 -1.121874646 -0.48974472  0.06538959 1.00  2941
betaVR.phi[4]    0.10115839 0.17001575 -0.229353668  0.10145025  0.43964101 1.00  2192
betaVR.phi[5]   -0.06540535 0.28356040 -0.623546742 -0.06559985  0.48209636 1.00  3480
betaVR.phi[6]   -0.02850633 0.33928137 -0.698144721 -0.02208353  0.61428589 1.00  3283
betaX.R         -0.87282895 0.29273232 -1.468069672 -0.86964887 -0.31639011 1.00  1225
betaX.phi        0.21936234 0.07945831  0.067979404  0.21803836  0.37747119 1.00  3815
mean.R[1, 1]     0.55750248 0.17920360  0.191004330  0.55651617  0.91443921 1.01  1306
mean.R[2, 1]     0.55069844 0.15857131  0.236121556  0.55234844  0.86171883 1.00  2911
mean.R[3, 1]     0.46933565 0.17670691  0.152475900  0.46060716  0.83836315 1.00  2746
mean.R[4, 1]     0.32909983 0.14368969  0.078252725  0.32086655  0.63642002 1.00  1550
mean.R[5, 1]     0.35523666 0.14670627  0.099413507  0.34353091  0.67462481 1.01  3822
mean.R[6, 1]     0.10596165 0.08222487  0.011659239  0.08660732  0.31559454 1.01  3874
mean.R[1, 2]     0.54210779 0.11578138  0.309598812  0.54703874  0.75568504 1.00  1139
mean.R[2, 2]     0.52559101 0.11925372  0.287659333  0.52770522  0.75087555 1.00  2165
mean.R[3, 2]     0.44225136 0.13448333  0.191120041  0.43995873  0.70540280 1.00  2265
mean.R[4, 2]     0.33343953 0.11937838  0.126461737  0.32494499  0.58929326 1.00  1386
mean.R[5, 2]     0.35421138 0.10730451  0.160831353  0.34815502  0.58172995 1.00  3459
mean.R[6, 2]     0.10399300 0.05570777  0.025386451  0.09384755  0.23540281 1.00  3651
mean.R[1, 3]     0.54712289 0.11799959  0.308128137  0.55223778  0.76648013 1.00  1008
mean.R[2, 3]     0.53100939 0.11890444  0.296036634  0.53223813  0.75790016 1.00  2141
mean.R[3, 3]     0.44738688 0.13542697  0.193331612  0.44519135  0.71272387 1.00  2304
mean.R[4, 3]     0.33278495 0.12148013  0.128538655  0.32195238  0.59491296 1.00  1342
mean.R[5, 3]     0.35187185 0.10874262  0.159886574  0.34523274  0.57909589 1.00  3281
mean.R[6, 3]     0.10295281 0.05533023  0.024822217  0.09320486  0.23535401 1.00  3633
mean.R[1, 4]     0.57955203 0.15890955  0.260314588  0.58831157  0.85737645 1.00   545
mean.R[2, 4]     0.57136566 0.12882740  0.310082912  0.57675230  0.80500055 1.00  2572
mean.R[3, 4]     0.48594296 0.15594618  0.191515407  0.48553388  0.78095963 1.00  2489
mean.R[4, 4]     0.30239159 0.13876084  0.087206590  0.28433284  0.61015835 1.00  1165
mean.R[5, 4]     0.29925184 0.12201359  0.101500024  0.28744439  0.56661190 1.00  3274
mean.R[6, 4]     0.08319106 0.05408882  0.015088412  0.07068436  0.21812785 1.00  3845
mean.R[1, 5]     0.42949458 0.29952282  0.012468321  0.39403411  0.95892647 1.01   228
mean.R[2, 5]     0.38907540 0.25116417  0.031662086  0.35427921  0.89867843 1.01  1756
mean.R[3, 5]     0.33759946 0.24697289  0.021351831  0.28244528  0.88229308 1.01  2452
mean.R[4, 5]     0.51725793 0.16048195  0.208931223  0.51929421  0.82219499 1.00  3007
mean.R[5, 5]     0.62204096 0.20938112  0.179552686  0.65035171  0.93867221 1.00  4226
mean.R[6, 5]     0.32914224 0.23284287  0.021062470  0.28074418  0.84339922 1.00  5068
mean.R[1, 6]     0.43484550 0.28095851  0.021532725  0.40749348  0.94381410 1.01   238
mean.R[2, 6]     0.39805008 0.23489084  0.046318424  0.37025244  0.87434141 1.00  1709
mean.R[3, 6]     0.34292053 0.23098498  0.031783214  0.29737433  0.85165564 1.00  2484
mean.R[4, 6]     0.49056572 0.14605297  0.214915812  0.48801398  0.77665217 1.00  3097
mean.R[5, 6]     0.59187940 0.19371076  0.195528596  0.61027770  0.90779604 1.00  4367
mean.R[6, 6]     0.29114620 0.20566107  0.023032096  0.24452611  0.76877914 1.00  4950
mean.R[1, 7]     0.42181410 0.29252599  0.013664330  0.38424056  0.95327717 1.01   220
mean.R[2, 7]     0.38135719 0.24440345  0.033655650  0.34585083  0.88480695 1.00  1763
mean.R[3, 7]     0.32976220 0.23969289  0.022512736  0.27590690  0.86434242 1.00  2525
mean.R[4, 7]     0.49722034 0.16225284  0.186030161  0.49816847  0.80681909 1.01  2540
mean.R[5, 7]     0.60222664 0.20818518  0.167159762  0.62536651  0.92689026 1.00  3873
mean.R[6, 7]     0.30899854 0.22322249  0.019647563  0.25777510  0.81786633 1.00  5016
mean.R[1, 8]     0.53006065 0.13213115  0.271581915  0.53061470  0.78867144 1.02   735
mean.R[2, 8]     0.51144980 0.13181858  0.261129033  0.50946334  0.77205776 1.01  1770
mean.R[3, 8]     0.43079665 0.14118097  0.178114584  0.42492803  0.72095768 1.01  2135
mean.R[4, 8]     0.36870456 0.11411819  0.170681949  0.36069167  0.61455562 1.01  1294
mean.R[5, 8]     0.40687400 0.11391868  0.206231257  0.39936537  0.65330061 1.02  2769
mean.R[6, 8]     0.12983769 0.07083114  0.031282358  0.11716857  0.29790959 1.02  2590
mean.R[1, 9]     0.53736428 0.11738442  0.302074906  0.54048054  0.75751330 1.00  1029
mean.R[2, 9]     0.52027710 0.12145770  0.280227390  0.52111736  0.75224869 1.00  1991
mean.R[3, 9]     0.43751692 0.13518574  0.184731199  0.43501610  0.70795509 1.00  2143
mean.R[4, 9]     0.34035959 0.11622518  0.140175662  0.33178289  0.58407984 1.00  1416
mean.R[5, 9]     0.36558834 0.10728170  0.174899353  0.35894891  0.59250542 1.00  3483
mean.R[6, 9]     0.10950189 0.05866465  0.025517848  0.09925385  0.24714464 1.00  3384
mean.R[1, 10]    0.49665681 0.14980488  0.207727049  0.49809087  0.78129930 1.00   558
mean.R[2, 10]    0.47593704 0.14328379  0.204637665  0.47495710  0.75477412 1.00  1712
mean.R[3, 10]    0.39878788 0.14677078  0.140448542  0.39110137  0.69880318 1.00  2073
mean.R[4, 10]    0.37044604 0.10970831  0.164621672  0.36641940  0.59269049 1.01  1703
mean.R[5, 10]    0.41982173 0.11592573  0.201311149  0.41717037  0.65058029 1.00  3862
mean.R[6, 10]    0.13867170 0.07742503  0.029225536  0.12437336  0.32284903 1.00  3700
mean.R[1, 11]    0.62014300 0.20576359  0.196319691  0.64298223  0.94314332 1.01   323
mean.R[2, 11]    0.62448927 0.15928098  0.287200320  0.63952626  0.89191210 1.00  2291
mean.R[3, 11]    0.54132634 0.19135268  0.172078366  0.54819876  0.87541015 1.00  2404
mean.R[4, 11]    0.29925111 0.16480916  0.064481190  0.27090717  0.68093137 1.01  1099
mean.R[5, 11]    0.28093186 0.14878567  0.063653097  0.25817753  0.62315073 1.01  2787
mean.R[6, 11]    0.08066940 0.06985601  0.009164729  0.06002858  0.26942221 1.03  2771
mean.R[1, 12]    0.60137546 0.19861565  0.196007739  0.61958565  0.92279436 1.00   383
mean.R[2, 12]    0.60256424 0.15343725  0.279799229  0.61578692  0.86479130 1.00  2531
mean.R[3, 12]    0.51805178 0.18714797  0.163328556  0.52202219  0.85411397 1.00  2433
mean.R[4, 12]    0.28521865 0.15424877  0.062447844  0.26069725  0.64398831 1.00  1238
mean.R[5, 12]    0.26906308 0.13824547  0.063412540  0.24928926  0.58566269 1.00  3267
mean.R[6, 12]    0.07475511 0.06058418  0.009225363  0.05768084  0.23666878 1.00  4387
mean.R[1, 13]    0.60875550 0.18413533  0.233980853  0.62179045  0.92260864 1.01   379
mean.R[2, 13]    0.60753567 0.14533810  0.310881172  0.61630347  0.86884735 1.01  2275
mean.R[3, 13]    0.52343523 0.17595604  0.190089294  0.52598378  0.85000600 1.00  2279
mean.R[4, 13]    0.30947722 0.15508203  0.080194770  0.28675423  0.66776974 1.01   971
mean.R[5, 13]    0.29928847 0.14189857  0.084246461  0.28043422  0.62040557 1.02  2023
mean.R[6, 13]    0.08617090 0.06910269  0.012541078  0.06765667  0.26656182 1.06  2174
mean.R[1, 14]    0.58718023 0.17017175  0.242030822  0.59961840  0.88050600 1.00   505
mean.R[2, 14]    0.58114460 0.13710985  0.301853300  0.58844385  0.82709677 1.00  2436
mean.R[3, 14]    0.49611024 0.16598590  0.182288811  0.49614891  0.80685597 1.00  2395
mean.R[4, 14]    0.29775644 0.14304012  0.079809611  0.27845440  0.62286920 1.00  1245
mean.R[5, 14]    0.29128648 0.12870777  0.089381271  0.27747297  0.57828617 1.00  3092
mean.R[6, 14]    0.08078983 0.05626885  0.013184248  0.06687621  0.22454304 1.00  3650
mean.R[1, 15]    0.56922879 0.14168400  0.289035835  0.57473888  0.82571951 1.00   691
mean.R[2, 15]    0.55788927 0.12494657  0.308460672  0.56167723  0.79101230 1.00  2390
mean.R[3, 15]    0.47292836 0.14877532  0.194887704  0.47138938  0.75652523 1.00  2382
mean.R[4, 15]    0.31011111 0.13205813  0.098548430  0.29471806  0.60503900 1.00  1220
mean.R[5, 15]    0.31395136 0.11819808  0.114666586  0.30500123  0.57027409 1.00  3062
mean.R[6, 15]    0.08831890 0.05374640  0.017605263  0.07676611  0.22076531 1.00  3586
mean.R[1, 16]    0.57207208 0.13431577  0.305867723  0.57444331  0.82182231 1.00   812
mean.R[2, 16]    0.55998716 0.12125692  0.321744878  0.56309886  0.78998197 1.00  2294
mean.R[3, 16]    0.47503328 0.14526145  0.205138513  0.47313127  0.75823989 1.00  2285
mean.R[4, 16]    0.32449915 0.13205371  0.111499488  0.31096582  0.61566982 1.00  1216
mean.R[5, 16]    0.33218226 0.11708043  0.136113463  0.32226769  0.58364620 1.01  3098
mean.R[6, 16]    0.09553601 0.05716438  0.020618030  0.08356885  0.23541503 1.02  3392
mean.R[1, 17]    0.58357000 0.19651019  0.170266539  0.58923089  0.94012636 1.00   573
mean.R[2, 17]    0.58592662 0.16613741  0.250897594  0.58809611  0.89916663 1.00  2441
mean.R[3, 17]    0.50036871 0.19392075  0.142971985  0.49535528  0.88007504 1.00  2344
mean.R[4, 17]    0.29444720 0.15336460  0.054665976  0.27678499  0.63833187 1.00  1266
mean.R[5, 17]    0.28874193 0.14844300  0.045281999  0.27902418  0.60696025 1.00  2956
mean.R[6, 17]    0.08356030 0.06956335  0.005989245  0.06586700  0.26311927 1.00  3350
mean.p[1]        0.93412824 0.05391515  0.791617558  0.94832008  0.98916083 1.00  9245
mean.p[2]        0.95737533 0.02699082  0.889601575  0.96319717  0.99176596 1.00  5683
mean.p[3]        0.96517139 0.02064028  0.914591985  0.96922216  0.99276645 1.00  5038
mean.p[4]        0.97247074 0.01570516  0.933932068  0.97549216  0.99389216 1.01  4387
mean.p[5]        0.96376000 0.01844773  0.919356077  0.96701016  0.99019396 1.00  5880
mean.p[6]        0.97318163 0.01516182  0.936743438  0.97588507  0.99423967 1.01  4374
mean.p[7]        0.97044717 0.01657285  0.929840810  0.97342757  0.99346688 1.00  4748
mean.p[8]        0.96004725 0.02054461  0.910638168  0.96338617  0.98947171 1.00  5845
mean.p[9]        0.96741799 0.01891205  0.922074454  0.97081486  0.99312591 1.00  5082
mean.p[10]       0.96287518 0.01897032  0.916143360  0.96631258  0.98979899 1.00  5998
mean.p[11]       0.95632123 0.02075653  0.906765838  0.95969499  0.98665780 1.00  6059
mean.p[12]       0.93445749 0.02657586  0.870726865  0.93838623  0.97422150 1.00  6944
mean.p[13]       0.91169887 0.03039135  0.842187222  0.91529399  0.96051851 1.00  6729
mean.p[14]       0.76828287 0.05443895  0.654851897  0.77046228  0.86814262 1.00  3808
mean.p[15]       0.92456218 0.02897884  0.857007081  0.92892346  0.96878793 1.00  6927
mean.p[16]       0.95364123 0.01964538  0.907261586  0.95643050  0.98372225 1.00  7043
mean.p[17]       0.95105973 0.02116820  0.901221875  0.95431035  0.98275775 1.00  7146
mean.p[18]       0.89592892 0.06121614  0.751788326  0.90771383  0.98030733 1.01  1528
mean.phi[1, 1]   0.67475976 0.12516321  0.409107975  0.68317224  0.89047365 1.00  5987
mean.phi[2, 1]   0.74414841 0.08377069  0.560544916  0.75139544  0.88787865 1.00  6618
mean.phi[3, 1]   0.79144874 0.09736745  0.556445173  0.80683155  0.93740179 1.00  4934
mean.phi[4, 1]   0.83002141 0.06743942  0.674004894  0.83826926  0.93833389 1.00  5247
mean.phi[5, 1]   0.69645632 0.10556070  0.445875328  0.70994667  0.86604830 1.01  5958
mean.phi[6, 1]   0.64789815 0.10392394  0.441434751  0.64897020  0.84780708 1.00  4289
mean.phi[1, 2]   0.64894086 0.06491984  0.519614385  0.64924753  0.77311801 1.01  6240
mean.phi[2, 2]   0.77743392 0.06653550  0.636601090  0.78097286  0.89750868 1.01  5381
mean.phi[3, 2]   0.78626744 0.07578170  0.610959708  0.79810729  0.90247994 1.01  4860
mean.phi[4, 2]   0.82878581 0.06448877  0.675534041  0.83679428  0.93197320 1.01  5418
mean.phi[5, 2]   0.70386827 0.09860646  0.471119013  0.71735019  0.86047003 1.01  4419
mean.phi[6, 2]   0.49533271 0.11123732  0.263772885  0.50296937  0.69309417 1.01  1787
mean.phi[1, 3]   0.60135797 0.06865902  0.460880401  0.60323614  0.72859321 1.00  6664
mean.phi[2, 3]   0.78976125 0.05624623  0.673047432  0.79193985  0.89287579 1.01  3296
mean.phi[3, 3]   0.78479266 0.07033768  0.621537079  0.79399614  0.89612300 1.01  5194
mean.phi[4, 3]   0.83024638 0.05453955  0.707604304  0.83549071  0.92266441 1.00  6517
mean.phi[5, 3]   0.72807456 0.08667704  0.532383402  0.73733473  0.87206869 1.01  6448
mean.phi[6, 3]   0.52925670 0.09986629  0.321055496  0.53418766  0.71089913 1.01  5327
mean.phi[1, 4]   0.52104578 0.11016898  0.293985901  0.52677910  0.71062588 1.06   538
mean.phi[2, 4]   0.68019581 0.07450103  0.516444235  0.68582190  0.81107686 1.00  6321
mean.phi[3, 4]   0.79195310 0.05823266  0.664124458  0.79590733  0.89396601 1.00  7685
mean.phi[4, 4]   0.86585473 0.04571256  0.766932221  0.86913686  0.94404641 1.01  3019
mean.phi[5, 4]   0.73615097 0.08421850  0.550506826  0.74293077  0.88075088 1.00  6661
mean.phi[6, 4]   0.49657242 0.11538302  0.254755497  0.50436058  0.70433888 1.01  1919
mean.phi[1, 5]   0.29297821 0.07881664  0.157308251  0.28688098  0.46168012 1.02  1267
mean.phi[2, 5]   0.78733649 0.11057604  0.520277330  0.80651788  0.94567375 1.01  3498
mean.phi[3, 5]   0.91258560 0.05488442  0.775274396  0.92463742  0.98407612 1.00  4038
mean.phi[4, 5]   0.79590016 0.05281058  0.682247743  0.79967905  0.88812751 1.00  7664
mean.phi[5, 5]   0.74065250 0.12103342  0.462983045  0.75857472  0.92572363 1.00  4518
mean.phi[6, 5]   0.57868035 0.17287733  0.232266488  0.58808951  0.87826084 1.00  3698
mean.phi[1, 6]   0.17653151 0.06915485  0.060230873  0.17080727  0.32675623 1.02  2148
mean.phi[2, 6]   0.79118364 0.08497192  0.596354918  0.80129926  0.92512261 1.00  4691
mean.phi[3, 6]   0.90111457 0.06518061  0.736473287  0.91596680  0.98188820 1.00  3648
mean.phi[4, 6]   0.80918148 0.04761118  0.707114752  0.81225824  0.89316098 1.00  7935
mean.phi[5, 6]   0.67088616 0.13943253  0.353152069  0.68933050  0.88953975 1.02  1784
mean.phi[6, 6]   0.57640519 0.16313385  0.249922307  0.58538479  0.86537701 1.00  3981
mean.phi[1, 7]   0.13567496 0.04944064  0.053462789  0.13116284  0.24447715 1.03  1538
mean.phi[2, 7]   0.79564877 0.11281464  0.513818774  0.81642369  0.95237386 1.00  3219
mean.phi[3, 7]   0.91854497 0.05254347  0.785424781  0.93011440  0.98583241 1.00  4092
mean.phi[4, 7]   0.78194889 0.05580626  0.661810541  0.78600826  0.87947489 1.00  7565
mean.phi[5, 7]   0.78625601 0.09994159  0.557071770  0.80055727  0.93913423 1.00  4919
mean.phi[6, 7]   0.59881477 0.17322574  0.244882297  0.60956150  0.89436463 1.00  3594
mean.phi[1, 8]   0.46092931 0.10517562  0.240736003  0.46879879  0.65074683 1.02  2128
mean.phi[2, 8]   0.73808472 0.08651430  0.536528986  0.74858958  0.87959480 1.00  5328
mean.phi[3, 8]   0.82936129 0.07226224  0.652106140  0.84045276  0.93887607 1.01  4689
mean.phi[4, 8]   0.84760919 0.04169014  0.758792011  0.84974605  0.92149025 1.01  5326
mean.phi[5, 8]   0.76780141 0.07277958  0.609513702  0.77405074  0.89238519 1.00  6046
mean.phi[6, 8]   0.55879597 0.11410507  0.323661073  0.56350547  0.77036280 1.00  5484
mean.phi[1, 9]   0.53589197 0.06251563  0.409224220  0.53779473  0.65399101 1.01  5531
mean.phi[2, 9]   0.74150981 0.08875947  0.534951438  0.75026017  0.88891052 1.01  5385
mean.phi[3, 9]   0.82003384 0.07102443  0.655373175  0.82943980  0.93114775 1.01  5333
mean.phi[4, 9]   0.75335378 0.06810034  0.598668426  0.76188269  0.86109154 1.02  1735
mean.phi[5, 9]   0.76929024 0.06356855  0.632339620  0.77337152  0.88113244 1.00  6259
mean.phi[6, 9]   0.59715090 0.10690063  0.380947646  0.59886029  0.80029469 1.00  5687
mean.phi[1, 10]  0.49844519 0.07674595  0.350030298  0.49796788  0.64910941 1.00  6905
mean.phi[2, 10]  0.77091114 0.06072382  0.638968749  0.77552384  0.87712860 1.00  6650
mean.phi[3, 10]  0.84115322 0.07130269  0.669990555  0.85264035  0.94575873 1.01  4566
mean.phi[4, 10]  0.84590865 0.05408186  0.726382304  0.84958578  0.93891429 1.01  4710
mean.phi[5, 10]  0.79784269 0.06137337  0.668555624  0.80164403  0.90596521 1.00  4638
mean.phi[6, 10]  0.63590181 0.10794482  0.416783221  0.63881067  0.83597886 1.01  3896
mean.phi[1, 11]  0.80030637 0.06540425  0.655747596  0.80528641  0.91293661 1.01  5654
mean.phi[2, 11]  0.69704336 0.08064044  0.524239713  0.70198189  0.84057711 1.00  7202
mean.phi[3, 11]  0.74054525 0.06893179  0.590814241  0.74554514  0.86210729 1.00  8900
mean.phi[4, 11]  0.83662712 0.06178871  0.692459140  0.84496304  0.93431694 1.01  5260
mean.phi[5, 11]  0.72947798 0.07722698  0.563396622  0.73485856  0.86387247 1.00  7988
mean.phi[6, 11]  0.57191668 0.10697752  0.352641262  0.57555107  0.77022766 1.00  7268
mean.phi[1, 12]  0.77172085 0.05506473  0.651135027  0.77537942  0.86838149 1.00  7250
mean.phi[2, 12]  0.66356232 0.08924882  0.469573904  0.66966626  0.82131333 1.01  6570
mean.phi[3, 12]  0.79516905 0.07266972  0.640179655  0.80022251  0.92102796 1.01  2537
mean.phi[4, 12]  0.84821655 0.05198596  0.731427526  0.85281603  0.93667631 1.00  5851
mean.phi[5, 12]  0.70894643 0.08811201  0.514942789  0.71693215  0.86081689 1.00  6916
mean.phi[6, 12]  0.59498103 0.09634192  0.400884413  0.59836178  0.77440345 1.00  7924
mean.phi[1, 13]  0.76569709 0.06705674  0.619171694  0.77014659  0.88291014 1.00  5779
mean.phi[2, 13]  0.73012419 0.06460044  0.595109890  0.73328304  0.84773700 1.00  6623
mean.phi[3, 13]  0.69927407 0.09722272  0.473739720  0.71213335  0.85393580 1.01  3733
mean.phi[4, 13]  0.82089088 0.05249681  0.704746391  0.82574096  0.90930216 1.00  6762
mean.phi[5, 13]  0.73639851 0.08589611  0.547922965  0.74255557  0.88567017 1.00  6507
mean.phi[6, 13]  0.65734610 0.09535721  0.466689808  0.65813414  0.83848753 1.01  2251
mean.phi[1, 14]  0.75493114 0.06994988  0.605930766  0.75864603  0.88007093 1.01  5821
mean.phi[2, 14]  0.73615439 0.07481920  0.576728989  0.74069018  0.86921675 1.01  6159
mean.phi[3, 14]  0.75018407 0.06718389  0.601404502  0.75614009  0.86645437 1.00  7900
mean.phi[4, 14]  0.82877060 0.05204295  0.712777892  0.83397872  0.91599693 1.00  6306
mean.phi[5, 14]  0.73889785 0.08552938  0.549386250  0.74625873  0.88517938 1.00  6114
mean.phi[6, 14]  0.55941339 0.09978125  0.356270136  0.56308851  0.74563957 1.00  7410
mean.phi[1, 15]  0.73933562 0.05987249  0.619586254  0.74039016  0.85164230 1.01  2776
mean.phi[2, 15]  0.76246672 0.07134888  0.611885908  0.76644381  0.89024785 1.01  4914
mean.phi[3, 15]  0.80190702 0.06595161  0.654059213  0.80754301  0.91411303 1.00  6659
mean.phi[4, 15]  0.82046704 0.04782234  0.714413912  0.82435049  0.90244775 1.00  7047
mean.phi[5, 15]  0.73666795 0.09068002  0.528685871  0.74558426  0.88835110 1.01  5621
mean.phi[6, 15]  0.55034988 0.09861886  0.349165395  0.55362022  0.73308670 1.00  7153
mean.phi[1, 16]  0.73143180 0.07101449  0.588185008  0.73213052  0.86542545 1.02  1852
mean.phi[2, 16]  0.67308508 0.06910395  0.525163319  0.67821083  0.79528668 1.01  4007
mean.phi[3, 16]  0.80712459 0.06468113  0.660943704  0.81326392  0.91494173 1.01  6422
mean.phi[4, 16]  0.84759734 0.04572662  0.747430038  0.85123783  0.92581135 1.01  6155
mean.phi[5, 16]  0.68609381 0.08566528  0.494634923  0.69534097  0.82959531 1.01  4040
mean.phi[6, 16]  0.58905811 0.10403886  0.376384378  0.59214581  0.78443346 1.00  6651
mean.phi[1, 17]  0.75696204 0.10014046  0.543374815  0.76534912  0.92598557 1.00  3896
mean.phi[2, 17]  0.66716901 0.09408795  0.463563364  0.67442166  0.83136385 1.01  4989
mean.phi[3, 17]  0.72934414 0.09349935  0.521224470  0.73799426  0.88759853 1.00  4730
mean.phi[4, 17]  0.81230674 0.06549968  0.663332816  0.81918487  0.92011819 1.01  3022
mean.phi[5, 17]  0.69239099 0.09670687  0.481906907  0.70163384  0.86036072 1.00  5126
mean.phi[6, 17]  0.57446521 0.12142634  0.318799266  0.57927974  0.80072739 1.00  5932
mu.R[1]          0.52882988 0.11345886  0.299207987  0.53130007  0.73996058 1.00   864
mu.R[2]          0.51071745 0.11680187  0.281167263  0.51020880  0.73532409 1.00  1966
mu.R[3]          0.42821013 0.12860608  0.189513347  0.42555769  0.68366180 1.00  2336
mu.R[4]          0.34351382 0.10946667  0.152227419  0.33643050  0.57266480 1.00  1387
mu.R[5]          0.37312091 0.10092741  0.190736359  0.36769142  0.58453909 1.00  3762
mu.R[6]          0.11228221 0.05705867  0.027929700  0.10324017  0.24384181 1.00  3659
mu.p             0.94705287 0.01255312  0.918963367  0.94820349  0.96785207 1.01  1341
mu.phi[1]        0.55698699 0.03917293  0.476084668  0.55790912  0.62982666 1.00  2338
mu.phi[2]        0.75220729 0.03838422  0.672522271  0.75351598  0.82265424 1.00  2657
mu.phi[3]        0.82701720 0.03655100  0.748682499  0.82887359  0.89370843 1.00  2861
mu.phi[4]        0.82956236 0.02550644  0.776685787  0.83069257  0.87664806 1.01  2491
mu.phi[5]        0.74036270 0.04201891  0.653933698  0.74185082  0.81700631 1.00  3941
mu.phi[6]        0.58179697 0.05603934  0.470413414  0.58228232  0.68864111 1.00  4132
sigma.R          0.13780060 0.16928772  0.005371523  0.08319047  0.69253437 1.21    60
sigma.p          0.73121194 0.17694145  0.426645198  0.71278671  1.12511885 1.01  1315
sigma.phi        0.41319412 0.12813968  0.163267558  0.41142097  0.66593554 1.13   179
vegr[1]          0.39858305 0.68611701 -0.937019025  0.38973741  1.75860991 1.00  3305
vegr[2]          0.15900000 0.00000000  0.159000000  0.15900000  0.15900000  NaN     0
vegr[3]          0.19500000 0.00000000  0.195000000  0.19500000  0.19500000  NaN     0
vegr[4]          0.66200000 0.00000000  0.662000000  0.66200000  0.66200000  NaN     0
vegr[5]         -1.87200000 0.00000000 -1.872000000 -1.87200000 -1.87200000  NaN     0
vegr[6]         -1.61200000 0.00000000 -1.612000000 -1.61200000 -1.61200000  NaN     0
vegr[7]         -1.79500000 0.00000000 -1.795000000 -1.79500000 -1.79500000  NaN     0
vegr[8]         -0.14500000 0.00000000 -0.145000000 -0.14500000 -0.14500000  NaN     0
vegr[9]          0.08100000 0.00000000  0.081000000  0.08100000  0.08100000  NaN     0
vegr[10]        -0.36000000 0.00000000 -0.360000000 -0.36000000 -0.36000000  NaN     0
vegr[11]         1.08500000 0.00000000  1.085000000  1.08500000  1.08500000  NaN     0
vegr[12]         1.02700000 0.00000000  1.027000000  1.02700000  1.02700000  NaN     0
vegr[13]         0.86700000 0.00000000  0.867000000  0.86700000  0.86700000  NaN     0
vegr[14]         0.76500000 0.00000000  0.765000000  0.76500000  0.76500000  NaN     0
vegr[15]         0.51600000 0.00000000  0.516000000  0.51600000  0.51600000  NaN     0
vegr[16]         0.42700000 0.00000000  0.427000000  0.42700000  0.42700000  NaN     0
vegr[17]         0.88723765 0.60538768 -0.295259738  0.87434099  2.11485096 1.00  2234
