Information and diagnostics 
=========================== 
Total iter:                       10000 
Thin:                             1 
Num chains:                       3 
Max Rhat:                         1.1 
Min n.eff:                        0 


Model summary 
============= 
                     mean          sd       2.5%       50%     97.5% Rhat n.eff
mean.R[1, 1]    0.3792481 0.124610462 0.15897699 0.3728827 0.6383569 1.00  6617
mean.R[2, 1]    0.2533893 0.109662886 0.07666912 0.2417149 0.4968659 1.00  6006
mean.R[3, 1]    0.3219932 0.094003343 0.15550271 0.3165482 0.5238640 1.00  5934
mean.R[4, 1]    0.2903025 0.078109533 0.15202333 0.2853018 0.4557219 1.00  5599
mean.R[5, 1]    0.1385455 0.046664368 0.06389313 0.1331488 0.2439318 1.01  5196
mean.R[1, 2]    0.3684558 0.121936330 0.15026549 0.3623649 0.6193456 1.00  6616
mean.R[2, 2]    0.2449397 0.107515094 0.07121274 0.2333251 0.4827833 1.00  5788
mean.R[3, 2]    0.3119185 0.092427736 0.14445728 0.3070000 0.5067602 1.01  5771
mean.R[4, 2]    0.2806998 0.076908238 0.14140913 0.2764657 0.4412266 1.00  5355
mean.R[5, 2]    0.1326663 0.043197780 0.05986236 0.1287378 0.2274861 1.00  5362
mean.R[1, 3]    0.3719197 0.121607701 0.15786821 0.3656272 0.6233223 1.00  6859
mean.R[2, 3]    0.2476768 0.108011660 0.07380291 0.2343830 0.4863032 1.00  6139
mean.R[3, 3]    0.3152970 0.092539151 0.14929168 0.3102796 0.5087376 1.00  5979
mean.R[4, 3]    0.2836853 0.075628275 0.14946332 0.2790644 0.4422296 1.00  5576
mean.R[5, 3]    0.1344972 0.043802222 0.06180947 0.1297646 0.2315348 1.00  5504
mean.R[1, 4]    0.3682078 0.121286695 0.15344518 0.3617024 0.6178573 1.00  6768
mean.R[2, 4]    0.2445204 0.106643362 0.07316709 0.2311673 0.4809818 1.00  6174
mean.R[3, 4]    0.3115573 0.091341554 0.14768051 0.3066294 0.5006352 1.00  5943
mean.R[4, 4]    0.2804560 0.075884200 0.14396228 0.2757014 0.4395741 1.00  5441
mean.R[5, 4]    0.1325962 0.043560793 0.06011989 0.1281479 0.2282310 1.00  5176
mean.R[1, 5]    0.3858267 0.124701178 0.16495962 0.3803555 0.6462335 1.00  6346
mean.R[2, 5]    0.2586919 0.111716547 0.07896017 0.2450256 0.5060450 1.00  5618
mean.R[3, 5]    0.3280663 0.093694734 0.16382706 0.3223085 0.5259492 1.00  6115
mean.R[4, 5]    0.2963529 0.080274840 0.15875061 0.2897727 0.4708347 1.01  5175
mean.R[5, 5]    0.1420186 0.047342872 0.06698399 0.1364465 0.2494552 1.01  4679
mean.R[1, 6]    0.3612461 0.121315170 0.14528075 0.3547243 0.6126252 1.00  6442
mean.R[2, 6]    0.2392246 0.105997047 0.06961095 0.2267137 0.4747345 1.00  5818
mean.R[3, 6]    0.3051470 0.091760341 0.13973281 0.3015644 0.4950049 1.01  5243
mean.R[4, 6]    0.2738936 0.073613460 0.13929671 0.2709408 0.4257499 1.00  5299
mean.R[5, 6]    0.1288176 0.041644746 0.05649151 0.1254522 0.2190269 1.01  5342
mean.R[1, 7]    0.3744552 0.122170191 0.15569594 0.3683642 0.6275976 1.00  6789
mean.R[2, 7]    0.2494607 0.108163767 0.07455550 0.2362911 0.4882573 1.00  6134
mean.R[3, 7]    0.3173291 0.092008900 0.15281352 0.3121118 0.5114773 1.00  6169
mean.R[4, 7]    0.2859172 0.076192392 0.14970357 0.2816120 0.4457574 1.00  5981
mean.R[5, 7]    0.1358161 0.044488007 0.06282007 0.1311915 0.2358171 1.00  5582
mean.R[1, 8]    0.3849108 0.123344946 0.16459097 0.3788403 0.6401997 1.00  6685
mean.R[2, 8]    0.2580164 0.110455993 0.07864728 0.2458185 0.5036106 1.00  5613
mean.R[3, 8]    0.3271986 0.092299144 0.16241883 0.3224901 0.5240072 1.00  6196
mean.R[4, 8]    0.2951688 0.076000131 0.16096197 0.2895267 0.4560781 1.01  5897
mean.R[5, 8]    0.1412494 0.045766766 0.06804350 0.1355978 0.2464642 1.01  4701
mean.R[1, 9]    0.3806878 0.123324313 0.16291256 0.3744095 0.6382631 1.00  6601
mean.R[2, 9]    0.2546819 0.110161616 0.07629959 0.2420643 0.5004612 1.00  6001
mean.R[3, 9]    0.3231492 0.091685813 0.16026268 0.3179326 0.5165606 1.00  6233
mean.R[4, 9]    0.2912333 0.074849039 0.15911114 0.2857019 0.4489181 1.01  6228
mean.R[5, 9]    0.1389479 0.044726510 0.06563459 0.1340538 0.2388178 1.00  5121
mean.R[1, 10]   0.3821352 0.123434579 0.16112396 0.3752206 0.6385755 1.00  6720
mean.R[2, 10]   0.2558020 0.110637386 0.07694031 0.2431130 0.5020734 1.00  5928
mean.R[3, 10]   0.3247306 0.093470926 0.15869490 0.3194939 0.5249292 1.00  5986
mean.R[4, 10]   0.2927403 0.076886051 0.15900656 0.2873396 0.4566967 1.00  5268
mean.R[5, 10]   0.1401988 0.047682084 0.06552014 0.1342936 0.2473823 1.00  4077
mean.R[1, 11]   0.3747507 0.121184293 0.15894180 0.3677966 0.6246972 1.00  7115
mean.R[2, 11]   0.2499428 0.108880288 0.07506007 0.2370756 0.4925934 1.00  5307
mean.R[3, 11]   0.3178691 0.092542964 0.15400586 0.3127488 0.5111425 1.00  6203
mean.R[4, 11]   0.2864407 0.077388436 0.14937584 0.2811878 0.4498546 1.00  5833
mean.R[5, 11]   0.1360988 0.044664059 0.06362594 0.1312398 0.2360266 1.00  5474
mean.R[1, 12]   0.3656706 0.122143726 0.14746415 0.3596265 0.6158313 1.00  6317
mean.R[2, 12]   0.2425265 0.106666238 0.07129494 0.2299563 0.4785473 1.00  5612
mean.R[3, 12]   0.3092058 0.091966263 0.14363335 0.3060925 0.4964515 1.01  5646
mean.R[4, 12]   0.2779731 0.075438087 0.14014729 0.2739939 0.4353323 1.00  5096
mean.R[5, 12]   0.1311316 0.042480846 0.05873210 0.1273482 0.2241517 1.01  5040
mean.R[1, 13]   0.3975185 0.128531863 0.16930645 0.3901765 0.6676348 1.01  3969
mean.R[2, 13]   0.2689520 0.118517936 0.08147506 0.2532353 0.5367981 1.00  3754
mean.R[3, 13]   0.3398880 0.101885435 0.16711394 0.3313432 0.5642970 1.01  2333
mean.R[4, 13]   0.3075947 0.088295410 0.16446729 0.2978937 0.5150566 1.02  2113
mean.R[5, 13]   0.1493889 0.055883704 0.06970260 0.1408775 0.2820997 1.02  1838
mean.R[1, 14]   0.3732326 0.122129927 0.15768298 0.3670970 0.6287726 1.00  6777
mean.R[2, 14]   0.2484569 0.107379773 0.07411918 0.2357766 0.4876856 1.00  6156
mean.R[3, 14]   0.3164337 0.092710017 0.15156947 0.3119202 0.5107177 1.00  5985
mean.R[4, 14]   0.2847644 0.075606056 0.14891741 0.2801670 0.4438792 1.00  5947
mean.R[5, 14]   0.1349777 0.043096686 0.06297738 0.1304951 0.2299725 1.00  5735
mean.R[1, 15]   0.3762413 0.122421661 0.15751085 0.3703629 0.6292115 1.00  6838
mean.R[2, 15]   0.2509084 0.108193206 0.07575466 0.2396688 0.4902909 1.00  6236
mean.R[3, 15]   0.3191582 0.092789071 0.15361829 0.3145602 0.5160353 1.00  6226
mean.R[4, 15]   0.2874774 0.076258898 0.15268557 0.2824586 0.4483978 1.00  5772
mean.R[5, 15]   0.1367248 0.044492247 0.06312647 0.1321536 0.2354271 1.00  5441
mean.R[1, 16]   0.3769439 0.122559341 0.15730416 0.3707112 0.6319691 1.00  6808
mean.R[2, 16]   0.2515430 0.108469910 0.07513154 0.2398383 0.4918021 1.00  6095
mean.R[3, 16]   0.3199876 0.093889330 0.15384739 0.3140138 0.5176446 1.00  5990
mean.R[4, 16]   0.2882578 0.077290715 0.15058316 0.2832994 0.4499016 1.00  5373
mean.R[5, 16]   0.1374134 0.046606727 0.06337411 0.1319819 0.2411055 1.01  4629
mean.R[1, 17]   0.3744076 0.123218108 0.15586443 0.3671831 0.6312458 1.00  6529
mean.R[2, 17]   0.2496266 0.108988852 0.07346988 0.2368820 0.4916359 1.00  6044
mean.R[3, 17]   0.3175170 0.093020413 0.15038074 0.3131936 0.5110092 1.00  5916
mean.R[4, 17]   0.2860316 0.077604496 0.14753612 0.2815759 0.4486436 1.00  5435
mean.R[5, 17]   0.1360646 0.045657688 0.06132550 0.1314242 0.2362380 1.00  4871
mean.p[1]       0.7036753 0.010543378 0.68275254 0.7037259 0.7240072 1.00  7083
mean.p[2]       0.7036753 0.010543378 0.68275254 0.7037259 0.7240072 1.00  7083
mean.p[3]       0.7036753 0.010543378 0.68275254 0.7037259 0.7240072 1.00  7083
mean.p[4]       0.7036753 0.010543378 0.68275254 0.7037259 0.7240072 1.00  7083
mean.p[5]       0.7036753 0.010543378 0.68275254 0.7037259 0.7240072 1.00  7083
mean.p[6]       0.7036753 0.010543378 0.68275254 0.7037259 0.7240072 1.00  7083
mean.p[7]       0.7036753 0.010543378 0.68275254 0.7037259 0.7240072 1.00  7083
mean.p[8]       0.7036753 0.010543378 0.68275254 0.7037259 0.7240072 1.00  7083
mean.p[9]       0.7036753 0.010543378 0.68275254 0.7037259 0.7240072 1.00  7083
mean.p[10]      0.7036753 0.010543378 0.68275254 0.7037259 0.7240072 1.00  7083
mean.p[11]      0.7036753 0.010543378 0.68275254 0.7037259 0.7240072 1.00  7083
mean.p[12]      0.7036753 0.010543378 0.68275254 0.7037259 0.7240072 1.00  7083
mean.p[13]      0.7036753 0.010543378 0.68275254 0.7037259 0.7240072 1.00  7083
mean.p[14]      0.7036753 0.010543378 0.68275254 0.7037259 0.7240072 1.00  7083
mean.p[15]      0.7036753 0.010543378 0.68275254 0.7037259 0.7240072 1.00  7083
mean.p[16]      0.7036753 0.010543378 0.68275254 0.7037259 0.7240072 1.00  7083
mean.p[17]      0.7036753 0.010543378 0.68275254 0.7037259 0.7240072 1.00  7083
mean.p[18]      0.7036753 0.010543378 0.68275254 0.7037259 0.7240072 1.00  7083
mean.phi[1, 1]  0.9518338 0.045410003 0.82605442 0.9657733 0.9950361 1.00  6979
mean.phi[2, 1]  0.9542833 0.041684309 0.84037185 0.9664084 0.9950391 1.00  6216
mean.phi[3, 1]  0.9685787 0.032370551 0.88024428 0.9785407 0.9968248 1.01  6137
mean.phi[4, 1]  0.9311506 0.054536781 0.78705610 0.9457075 0.9909319 1.01  5878
mean.phi[5, 1]  0.8622721 0.071900961 0.68989420 0.8738832 0.9659194 1.00  6628
mean.phi[1, 2]  0.9582547 0.037120503 0.85754918 0.9688633 0.9954923 1.00  6513
mean.phi[2, 2]  0.9554350 0.039407092 0.84809841 0.9671883 0.9949703 1.00  7073
mean.phi[3, 2]  0.9749998 0.022331016 0.91404500 0.9813237 0.9972256 1.00  6399
mean.phi[4, 2]  0.9365041 0.049325035 0.80726221 0.9497276 0.9907183 1.00  6349
mean.phi[5, 2]  0.6559361 0.104323896 0.43911922 0.6621406 0.8409108 1.00  7048
mean.phi[1, 3]  0.9500509 0.034801715 0.85973966 0.9587121 0.9914356 1.00  7764
mean.phi[2, 3]  0.9570541 0.038952766 0.85361932 0.9682373 0.9949984 1.00  5961
mean.phi[3, 3]  0.9793049 0.017128337 0.93317133 0.9840690 0.9973848 1.00  6620
mean.phi[4, 3]  0.8539155 0.084116338 0.64393184 0.8711644 0.9667490 1.00  6294
mean.phi[5, 3]  0.7366575 0.096294501 0.52705689 0.7464277 0.8971001 1.00  6651
mean.phi[1, 4]  0.9372038 0.046103637 0.81829754 0.9492832 0.9903197 1.00  7483
mean.phi[2, 4]  0.9519325 0.032790155 0.86714344 0.9595200 0.9915931 1.00  7702
mean.phi[3, 4]  0.9405986 0.032978149 0.85807195 0.9471419 0.9848250 1.00  7280
mean.phi[4, 4]  0.9478936 0.038264486 0.84919060 0.9572976 0.9923406 1.00  6243
mean.phi[5, 4]  0.7210907 0.100993674 0.50084800 0.7309788 0.8884141 1.00  6605
mean.phi[1, 5]  0.9531437 0.043290542 0.83765806 0.9661375 0.9951081 1.00  7010
mean.phi[2, 5]  0.9611659 0.032798436 0.87301480 0.9707899 0.9952297 1.00  7176
mean.phi[3, 5]  0.9563317 0.023087680 0.89884143 0.9607942 0.9883265 1.00  7663
mean.phi[4, 5]  0.9528460 0.033431983 0.86475929 0.9612683 0.9927265 1.00  6279
mean.phi[5, 5]  0.7938644 0.083687778 0.60973154 0.8036835 0.9265378 1.00  7015
mean.phi[1, 6]  0.9591423 0.035638412 0.86429424 0.9693057 0.9953425 1.00  7356
mean.phi[2, 6]  0.9528843 0.044237983 0.83214536 0.9661517 0.9947309 1.00  6636
mean.phi[3, 6]  0.9854824 0.010776493 0.95667092 0.9882903 0.9978136 1.00  5440
mean.phi[4, 6]  0.7336139 0.090015290 0.53920566 0.7411682 0.8839165 1.00  6296
mean.phi[5, 6]  0.4360616 0.109843394 0.22961625 0.4350226 0.6494758 1.00  4758
mean.phi[1, 7]  0.9468003 0.053377093 0.79602588 0.9635772 0.9948177 1.01  6275
mean.phi[2, 7]  0.9285976 0.054606327 0.78650012 0.9436506 0.9896111 1.00  6673
mean.phi[3, 7]  0.9696460 0.017640722 0.92595808 0.9734526 0.9925576 1.00  7246
mean.phi[4, 7]  0.9564587 0.030240778 0.87762644 0.9640917 0.9928106 1.00  6583
mean.phi[5, 7]  0.7984258 0.106096063 0.54393597 0.8176702 0.9497937 1.00  6891
mean.phi[1, 8]  0.9579052 0.037252977 0.85585445 0.9689583 0.9951138 1.00  6661
mean.phi[2, 8]  0.9449683 0.055598487 0.79688624 0.9620555 0.9946270 1.00  6584
mean.phi[3, 8]  0.9428555 0.027635518 0.87656928 0.9476282 0.9824275 1.00  7258
mean.phi[4, 8]  0.8292604 0.058216733 0.70051694 0.8344452 0.9248223 1.00  7478
mean.phi[5, 8]  0.5425963 0.130185753 0.27990470 0.5477039 0.7806095 1.00  5296
mean.phi[1, 9]  0.9489749 0.049453585 0.80950727 0.9641389 0.9947786 1.00  6554
mean.phi[2, 9]  0.9571270 0.037523323 0.85441792 0.9681471 0.9949548 1.00  6578
mean.phi[3, 9]  0.9330405 0.037639997 0.84085588 0.9409872 0.9836538 1.00  6541
mean.phi[4, 9]  0.8722228 0.043128013 0.77663942 0.8768452 0.9436003 1.00  7743
mean.phi[5, 9]  0.5627965 0.115470694 0.33019024 0.5651459 0.7767981 1.00  6539
mean.phi[1, 10] 0.9728661 0.020403196 0.91888641 0.9782664 0.9960690 1.00  6811
mean.phi[2, 10] 0.9475577 0.050590141 0.80574745 0.9633824 0.9945125 1.00  6466
mean.phi[3, 10] 0.9633584 0.027079001 0.89072559 0.9701833 0.9942450 1.00  7242
mean.phi[4, 10] 0.9016037 0.038459737 0.81354985 0.9065570 0.9615400 1.00  7256
mean.phi[5, 10] 0.9038779 0.056591534 0.76309440 0.9152843 0.9801508 1.00  6372
mean.phi[1, 11] 0.8990602 0.065824616 0.72955353 0.9146241 0.9803376 1.00  6636
mean.phi[2, 11] 0.9590411 0.026919873 0.89090168 0.9654095 0.9919721 1.00  7434
mean.phi[3, 11] 0.9776009 0.018649441 0.92882778 0.9828599 0.9972003 1.00  6532
mean.phi[4, 11] 0.9665203 0.021724294 0.91268365 0.9713142 0.9942132 1.00  5276
mean.phi[5, 11] 0.9079450 0.046323740 0.80010118 0.9152343 0.9757024 1.00  5861
mean.phi[1, 12] 0.9668943 0.027050841 0.89373549 0.9743172 0.9958197 1.00  7661
mean.phi[2, 12] 0.9583643 0.036234494 0.85833643 0.9690709 0.9952586 1.00  6443
mean.phi[3, 12] 0.9731931 0.018087214 0.92641098 0.9775077 0.9951438 1.00  6771
mean.phi[4, 12] 0.9363975 0.038772275 0.83840915 0.9445952 0.9867973 1.00  6751
mean.phi[5, 12] 0.8539622 0.047505885 0.74974756 0.8583457 0.9334884 1.00  6943
mean.phi[1, 13] 0.9475759 0.036783490 0.85289943 0.9564258 0.9910409 1.00  7806
mean.phi[2, 13] 0.9661083 0.027321783 0.89240550 0.9735910 0.9956874 1.00  7150
mean.phi[3, 13] 0.9837949 0.012328833 0.95178501 0.9870128 0.9977357 1.00  6612
mean.phi[4, 13] 0.9464576 0.039587004 0.84328838 0.9563390 0.9924269 1.00  5454
mean.phi[5, 13] 0.9106428 0.035829097 0.82898296 0.9152467 0.9664697 1.00  6586
mean.phi[1, 14] 0.9433019 0.040578282 0.83644425 0.9535091 0.9907509 1.00  7355
mean.phi[2, 14] 0.9454783 0.037907573 0.84840395 0.9549261 0.9907169 1.00  7324
mean.phi[3, 14] 0.9850796 0.011022096 0.95626467 0.9877949 0.9978381 1.00  6049
mean.phi[4, 14] 0.9250334 0.047146180 0.80475837 0.9355039 0.9857757 1.00  7035
mean.phi[5, 14] 0.8143235 0.050938923 0.70332721 0.8185307 0.9017961 1.00  7611
mean.phi[1, 15] 0.9678874 0.025540365 0.89844427 0.9747965 0.9957769 1.00  7577
mean.phi[2, 15] 0.9494795 0.034301785 0.86139540 0.9576091 0.9911467 1.00  7161
mean.phi[3, 15] 0.9793519 0.012943662 0.94574288 0.9821307 0.9957926 1.00  6883
mean.phi[4, 15] 0.9432641 0.042134866 0.83570180 0.9540326 0.9916913 1.00  6624
mean.phi[5, 15] 0.9240211 0.033391453 0.84617022 0.9287916 0.9746691 1.00  6572
mean.phi[1, 16] 0.9729061 0.020307885 0.92014434 0.9782579 0.9962457 1.00  7303
mean.phi[2, 16] 0.9489929 0.035299838 0.85746203 0.9576439 0.9911110 1.00  7565
mean.phi[3, 16] 0.9850874 0.011095825 0.95585664 0.9879091 0.9978680 1.00  6476
mean.phi[4, 16] 0.9375068 0.032287804 0.85889828 0.9433731 0.9831058 1.00  7077
mean.phi[5, 16] 0.9519052 0.026534619 0.88688249 0.9568142 0.9890656 1.00  4490
mean.phi[1, 17] 0.9696920 0.024036136 0.90683463 0.9761319 0.9960180 1.00  6781
mean.phi[2, 17] 0.9697051 0.023658550 0.90715875 0.9758627 0.9957568 1.00  6710
mean.phi[3, 17] 0.9842498 0.011841701 0.95345638 0.9872213 0.9976272 1.00  5614
mean.phi[4, 17] 0.9633004 0.025235729 0.89833579 0.9690293 0.9941200 1.00  4802
mean.phi[5, 17] 0.9268305 0.042928564 0.82168569 0.9353218 0.9850645 1.00  3400
mean.rO[1]      0.8000000 0.000000000 0.80000000 0.8000000 0.8000000  NaN     0
mean.rO[2]      0.8000000 0.000000000 0.80000000 0.8000000 0.8000000  NaN     0
mean.rO[3]      0.8000000 0.000000000 0.80000000 0.8000000 0.8000000  NaN     0
mean.rO[4]      0.8000000 0.000000000 0.80000000 0.8000000 0.8000000  NaN     0
mean.rO[5]      0.8000000 0.000000000 0.80000000 0.8000000 0.8000000  NaN     0
mean.rO[6]      0.8000000 0.000000000 0.80000000 0.8000000 0.8000000  NaN     0
mean.rO[7]      0.8000000 0.000000000 0.80000000 0.8000000 0.8000000  NaN     0
mean.rO[8]      0.8000000 0.000000000 0.80000000 0.8000000 0.8000000  NaN     0
mean.rO[9]      0.8000000 0.000000000 0.80000000 0.8000000 0.8000000  NaN     0
mean.rO[10]     0.8000000 0.000000000 0.80000000 0.8000000 0.8000000  NaN     0
mean.rO[11]     0.8000000 0.000000000 0.80000000 0.8000000 0.8000000  NaN     0
mean.rO[12]     0.8000000 0.000000000 0.80000000 0.8000000 0.8000000  NaN     0
mean.rO[13]     0.8000000 0.000000000 0.80000000 0.8000000 0.8000000  NaN     0
mean.rO[14]     0.8000000 0.000000000 0.80000000 0.8000000 0.8000000  NaN     0
mean.rO[15]     0.8000000 0.000000000 0.80000000 0.8000000 0.8000000  NaN     0
mean.rO[16]     0.8000000 0.000000000 0.80000000 0.8000000 0.8000000  NaN     0
mean.rO[17]     0.8000000 0.000000000 0.80000000 0.8000000 0.8000000  NaN     0
mean.rO[18]     0.8000000 0.000000000 0.80000000 0.8000000 0.8000000  NaN     0
mean.rR[1]      0.8000000 0.000000000 0.80000000 0.8000000 0.8000000  NaN     0
mean.rR[2]      0.8000000 0.000000000 0.80000000 0.8000000 0.8000000  NaN     0
mean.rR[3]      0.8000000 0.000000000 0.80000000 0.8000000 0.8000000  NaN     0
mean.rR[4]      0.8000000 0.000000000 0.80000000 0.8000000 0.8000000  NaN     0
mean.rR[5]      0.8000000 0.000000000 0.80000000 0.8000000 0.8000000  NaN     0
mean.rR[6]      0.8000000 0.000000000 0.80000000 0.8000000 0.8000000  NaN     0
mean.rR[7]      0.8000000 0.000000000 0.80000000 0.8000000 0.8000000  NaN     0
mean.rR[8]      0.8000000 0.000000000 0.80000000 0.8000000 0.8000000  NaN     0
mean.rR[9]      0.8000000 0.000000000 0.80000000 0.8000000 0.8000000  NaN     0
mean.rR[10]     0.8000000 0.000000000 0.80000000 0.8000000 0.8000000  NaN     0
mean.rR[11]     0.8000000 0.000000000 0.80000000 0.8000000 0.8000000  NaN     0
mean.rR[12]     0.8000000 0.000000000 0.80000000 0.8000000 0.8000000  NaN     0
mean.rR[13]     0.8000000 0.000000000 0.80000000 0.8000000 0.8000000  NaN     0
mean.rR[14]     0.8000000 0.000000000 0.80000000 0.8000000 0.8000000  NaN     0
mean.rR[15]     0.8000000 0.000000000 0.80000000 0.8000000 0.8000000  NaN     0
mean.rR[16]     0.8000000 0.000000000 0.80000000 0.8000000 0.8000000  NaN     0
mean.rR[17]     0.8000000 0.000000000 0.80000000 0.8000000 0.8000000  NaN     0
mean.rR[18]     0.8000000 0.000000000 0.80000000 0.8000000 0.8000000  NaN     0
mu.R[1]         0.3738877 0.117053493 0.16468238 0.3677429 0.6166322 1.00  7324
mu.R[2]         0.2486074 0.104383714 0.07810279 0.2370528 0.4775591 1.00  6280
mu.R[3]         0.3166120 0.086158166 0.16109804 0.3129500 0.4947431 1.00  6335
mu.R[4]         0.2849295 0.068892276 0.16058429 0.2821957 0.4276918 1.00  6379
mu.R[5]         0.1348169 0.039699668 0.06711106 0.1310196 0.2202132 1.00  5843
mu.p            0.7036753 0.010543378 0.68275254 0.7037259 0.7240072 1.00  7083
mu.phi[1]       0.9587515 0.015908265 0.92147631 0.9611671 0.9829178 1.00  3420
mu.phi[2]       0.9577450 0.016132652 0.92038403 0.9599833 0.9823170 1.00  3411
mu.phi[3]       0.9759323 0.007888845 0.95788289 0.9768369 0.9884266 1.00  2075
mu.phi[4]       0.9282462 0.020210531 0.88344696 0.9303504 0.9616820 1.00  1433
mu.phi[5]       0.7877704 0.039400694 0.70174114 0.7901917 0.8563554 1.00  1392
mu.rO           0.8000000 0.000000000 0.80000000 0.8000000 0.8000000  NaN     0
mu.rR           0.8000000 0.000000000 0.80000000 0.8000000 0.8000000  NaN     0
sigma.R         0.1396354 0.120532645 0.01333832 0.1049291 0.4581880 1.10   147
sigma.phi       0.9159212 0.140565138 0.64776973 0.9101748 1.2038749 1.01   732
