Information and diagnostics 
=========================== 
Total iter:                       5000 
Thin:                             1 
Num chains:                       3 
Max Rhat:                         1.19 
Min n.eff:                        0 


Model summary 
============= 
                      mean          sd        2.5%        50%      97.5% Rhat n.eff
mean.M[1, 1]    0.12256790 0.057184002 0.037401377 0.11374215 0.26461716 1.00  3040
mean.M[2, 1]    0.10294025 0.046139274 0.030120987 0.09696165 0.21374159 1.00  3579
mean.M[3, 1]    0.01508289 0.009368190 0.004074103 0.01296544 0.04003558 1.00  2721
mean.M[4, 1]    0.08796884 0.041836539 0.027215026 0.08198303 0.19204369 1.00  3231
mean.M[5, 1]    0.05673962 0.027062977 0.017134040 0.05301413 0.12311544 1.00  3155
mean.M[1, 2]    0.11035354 0.046651808 0.034766385 0.10628397 0.21629622 1.00  2958
mean.M[2, 2]    0.22514308 0.106685480 0.090317043 0.20007137 0.49748077 1.00   440
mean.M[3, 2]    0.01900771 0.012563386 0.005837776 0.01565872 0.05165318 1.00  2035
mean.M[4, 2]    0.08664555 0.039729915 0.025742479 0.08205537 0.18482262 1.00  3473
mean.M[5, 2]    0.06033907 0.028728612 0.019130914 0.05585998 0.12856850 1.00  3117
mean.M[1, 3]    0.08917303 0.036966441 0.027361094 0.08639951 0.16888571 1.00  1148
mean.M[2, 3]    0.15114546 0.066594780 0.062788975 0.13706357 0.32018659 1.00  1403
mean.M[3, 3]    0.01349424 0.007466060 0.003657603 0.01203237 0.03170290 1.01  3126
mean.M[4, 3]    0.08762801 0.042286694 0.025769191 0.08160012 0.19204602 1.00  2826
mean.M[5, 3]    0.07393278 0.035981382 0.025603015 0.06669351 0.16220779 1.01  3208
mean.M[1, 4]    0.10400100 0.045146301 0.032117528 0.09949090 0.20597861 1.00  2520
mean.M[2, 4]    0.09343967 0.037156279 0.033548551 0.08980881 0.17681833 1.00  3076
mean.M[3, 4]    0.01321826 0.007068533 0.003747163 0.01198849 0.03061884 1.00  3505
mean.M[4, 4]    0.07747780 0.034374018 0.024679178 0.07365756 0.15681794 1.00  2368
mean.M[5, 4]    0.05982318 0.029838265 0.017095527 0.05502052 0.13251880 1.01  3049
mean.M[1, 5]    0.11907225 0.054355363 0.036700002 0.11266059 0.24774695 1.00  2849
mean.M[2, 5]    0.13715638 0.056294333 0.055007492 0.12845600 0.27664963 1.01  2798
mean.M[3, 5]    0.01571066 0.008306655 0.005212212 0.01399406 0.03676313 1.00  2808
mean.M[4, 5]    0.07274798 0.032245043 0.022482272 0.06899998 0.14696316 1.00  2113
mean.M[5, 5]    0.05693887 0.026881179 0.016888298 0.05314692 0.12069152 1.01  3159
mean.M[1, 6]    0.13168748 0.053109959 0.048478394 0.12397428 0.25975174 1.00  3166
mean.M[2, 6]    0.10843406 0.052020599 0.033351844 0.10035233 0.23359313 1.01  2859
mean.M[3, 6]    0.01462414 0.007138683 0.004847729 0.01329548 0.03302740 1.00  3135
mean.M[4, 6]    0.09469253 0.040543456 0.034461144 0.08865299 0.19384884 1.00  3169
mean.M[5, 6]    0.06360190 0.031460826 0.018886261 0.05839297 0.14260300 1.01  3491
mean.M[1, 7]    0.13302559 0.065270363 0.041607378 0.12226566 0.29717301 1.00  3081
mean.M[2, 7]    0.10014071 0.046109433 0.030714254 0.09448245 0.20873750 1.01  3152
mean.M[3, 7]    0.01878299 0.009728911 0.006721738 0.01641445 0.04422661 1.01  1779
mean.M[4, 7]    0.06832864 0.029637367 0.020079112 0.06608009 0.13352482 1.00  1608
mean.M[5, 7]    0.06342750 0.031505038 0.018480027 0.05852149 0.14141214 1.00  3423
mean.M[1, 8]    0.16418609 0.068513754 0.064310482 0.15061930 0.33199342 1.00  2211
mean.M[2, 8]    0.11657213 0.057806484 0.035841666 0.10667218 0.26488329 1.00  2857
mean.M[3, 8]    0.01561621 0.008116849 0.005151574 0.01386141 0.03647653 1.00  3069
mean.M[4, 8]    0.08905029 0.033635758 0.034651400 0.08447212 0.16959943 1.00  3257
mean.M[5, 8]    0.06466956 0.033672594 0.018551317 0.05852834 0.15005106 1.00  3427
mean.M[1, 9]    0.12726742 0.060131447 0.039125216 0.11812307 0.27555996 1.00  3223
mean.M[2, 9]    0.12479007 0.056123137 0.046120687 0.11538860 0.26690345 1.00  2765
mean.M[3, 9]    0.02922307 0.019324691 0.009486545 0.02317519 0.08286577 1.01   496
mean.M[4, 9]    0.06443504 0.025251403 0.022439206 0.06209522 0.12080668 1.00  1326
mean.M[5, 9]    0.08097434 0.041066035 0.027046128 0.07144978 0.18877423 1.00  1601
mean.M[1, 10]   0.10328784 0.035754998 0.044105137 0.09990067 0.18480859 1.00  2631
mean.M[2, 10]   0.11586573 0.058270566 0.035993854 0.10462341 0.26939340 1.00  2803
mean.M[3, 10]   0.01372483 0.007739907 0.003659176 0.01220603 0.03311890 1.01  2937
mean.M[4, 10]   0.05478517 0.023665297 0.017314282 0.05242838 0.10669363 1.00   421
mean.M[5, 10]   0.06914639 0.031507211 0.023904709 0.06313301 0.14597739 1.00  3162
mean.M[1, 11]   0.10786715 0.046291245 0.033690164 0.10260106 0.21096042 1.00  2857
mean.M[2, 11]   0.09538292 0.034524289 0.039198033 0.09216572 0.17474834 1.00  2989
mean.M[3, 11]   0.01363941 0.007550922 0.003811036 0.01221496 0.03256410 1.00  2960
mean.M[4, 11]   0.06862662 0.027304222 0.023194480 0.06562032 0.12886124 1.00  2368
mean.M[5, 11]   0.04942547 0.022343595 0.014130288 0.04677450 0.10022464 1.00  2550
mean.M[1, 12]   0.12975554 0.048374630 0.053691521 0.12345120 0.24400634 1.01  3280
mean.M[2, 12]   0.17430554 0.075094674 0.073855366 0.15679287 0.36491075 1.00   748
mean.M[3, 12]   0.01619933 0.008690221 0.005440187 0.01436299 0.03824651 1.00  2763
mean.M[4, 12]   0.06852630 0.030677580 0.019879711 0.06511761 0.13941052 1.00  1430
mean.M[5, 12]   0.06100397 0.023889831 0.024129160 0.05751959 0.11855429 1.00  3155
mean.M[1, 13]   0.17271947 0.062111200 0.080129998 0.16219902 0.32876537 1.00  1421
mean.M[2, 13]   0.16341793 0.060296495 0.076866699 0.15178831 0.31110773 1.00  1367
mean.M[3, 13]   0.01999854 0.010826694 0.007155848 0.01728331 0.04917561 1.00  1165
mean.M[4, 13]   0.09529177 0.040902778 0.033156591 0.08955804 0.19929409 1.00  3530
mean.M[5, 13]   0.07486351 0.026425693 0.034377838 0.07033521 0.13784763 1.00  3261
mean.M[1, 14]   0.09733296 0.041196353 0.029091672 0.09427893 0.18916414 1.00  2227
mean.M[2, 14]   0.08585813 0.036951517 0.025481426 0.08157904 0.16779638 1.00  2289
mean.M[3, 14]   0.01890751 0.009901340 0.006537022 0.01656427 0.04487412 1.00  2215
mean.M[4, 14]   0.07564383 0.033264742 0.023091648 0.07217444 0.15235572 1.00  2597
mean.M[5, 14]   0.05123039 0.020422563 0.018275822 0.04882481 0.09713041 1.00  3039
mean.M[1, 15]   0.14381840 0.051276242 0.065976700 0.13663772 0.27029390 1.00  3203
mean.M[2, 15]   0.08176371 0.035365665 0.024374229 0.07903415 0.16210800 1.00  1574
mean.M[3, 15]   0.01844009 0.009668367 0.006411747 0.01624122 0.04395997 1.00  2257
mean.M[4, 15]   0.08009111 0.035834412 0.024507800 0.07650615 0.16432644 1.00  3016
mean.M[5, 15]   0.05708103 0.021506285 0.021966516 0.05488655 0.10621871 1.00  3163
mean.M[1, 16]   0.15240721 0.048110067 0.076416607 0.14584162 0.26579909 1.00  3318
mean.M[2, 16]   0.09784478 0.038697418 0.035378422 0.09462506 0.18522312 1.00  2923
mean.M[3, 16]   0.01933731 0.010175092 0.006856333 0.01687231 0.04667282 1.00  2012
mean.M[4, 16]   0.06389139 0.026430282 0.019270568 0.06146331 0.12218199 1.00  1004
mean.M[5, 16]   0.06574406 0.024474196 0.028224540 0.06215957 0.12436229 1.00  3340
mean.M[1, 17]   0.11450654 0.041236704 0.047015628 0.11065370 0.20759518 1.00  3219
mean.M[2, 17]   0.13854144 0.046125853 0.066592758 0.13240366 0.24793461 1.00  2435
mean.M[3, 17]   0.03388232 0.019624984 0.010866426 0.02880780 0.08494560 1.00   326
mean.M[4, 17]   0.05802169 0.025342919 0.017028785 0.05592066 0.11296061 1.00   730
mean.M[5, 17]   0.05630934 0.021729495 0.020162020 0.05445878 0.10562279 1.01  2788
mean.Pi[1]      0.99555886 0.002230130 0.990207906 0.99592647 0.99883175 1.00  1938
mean.Pi[2]      0.99557244 0.002214250 0.990288433 0.99594519 0.99880631 1.00  1906
mean.Pi[3]      0.99556541 0.002226904 0.990154635 0.99591400 0.99881683 1.00  1892
mean.Pi[4]      0.99557034 0.002223357 0.990267921 0.99593668 0.99882702 1.00  1905
mean.Pi[5]      0.99555380 0.002226448 0.990249654 0.99591831 0.99883995 1.00  1893
mean.Pi[6]      0.99559228 0.002185899 0.990399456 0.99592962 0.99882848 1.00  1917
mean.Pi[7]      0.99558664 0.002204175 0.990430296 0.99594368 0.99879076 1.00  1909
mean.Pi[8]      0.99558684 0.002199565 0.990433811 0.99594163 0.99882564 1.00  1956
mean.Pi[9]      0.99558483 0.002216969 0.990349322 0.99597100 0.99884071 1.00  1895
mean.Pi[10]     0.99555941 0.002228221 0.990212976 0.99591202 0.99884089 1.00  1929
mean.Pi[11]     0.99558317 0.002213914 0.990338702 0.99596178 0.99882372 1.00  1928
mean.Pi[12]     0.99557201 0.002222538 0.990353441 0.99596455 0.99880754 1.00  1960
mean.Pi[13]     0.99556596 0.002214648 0.990298016 0.99593552 0.99882273 1.00  1914
mean.Pi[14]     0.99557565 0.002223550 0.990291794 0.99591963 0.99884452 1.00  1907
mean.Pi[15]     0.99558527 0.002217968 0.990145405 0.99595395 0.99881540 1.00  1897
mean.Pi[16]     0.99555134 0.002217411 0.990270858 0.99590473 0.99881415 1.00  1948
mean.Pi[17]     0.99555658 0.002233189 0.990161250 0.99591721 0.99883427 1.00  1933
mean.Pi[18]     0.99552188 0.002273832 0.990110459 0.99590212 0.99884024 1.00  1839
mean.Po[1]      0.03582761 0.008633408 0.021401430 0.03498042 0.05494746 1.00  3327
mean.Po[2]      0.03578495 0.008614257 0.021484137 0.03507378 0.05462216 1.00  3105
mean.Po[3]      0.03605006 0.008686665 0.021603082 0.03521180 0.05534146 1.00  3175
mean.Po[4]      0.03604317 0.008686767 0.021681142 0.03528278 0.05513755 1.00  3151
mean.Po[5]      0.03597074 0.008785903 0.021477477 0.03517306 0.05518394 1.00  3054
mean.Po[6]      0.03596978 0.008579853 0.021608413 0.03512295 0.05466378 1.00  3153
mean.Po[7]      0.03562190 0.008458143 0.021146334 0.03475874 0.05393332 1.00  3019
mean.Po[8]      0.03598677 0.008623873 0.021420261 0.03523682 0.05514253 1.00  3085
mean.Po[9]      0.03582301 0.008577641 0.021432486 0.03494533 0.05450916 1.00  3168
mean.Po[10]     0.03654700 0.008745689 0.021712227 0.03577552 0.05553405 1.00  3157
mean.Po[11]     0.03620329 0.008739987 0.021761500 0.03543755 0.05543353 1.00  2947
mean.Po[12]     0.03639502 0.008686443 0.021675736 0.03551522 0.05565576 1.00  3249
mean.Po[13]     0.03528938 0.008354386 0.021368591 0.03462162 0.05375144 1.00  3244
mean.Po[14]     0.03515179 0.008378815 0.020962475 0.03438654 0.05351384 1.00  3264
mean.Po[15]     0.03498993 0.008311774 0.020876581 0.03433192 0.05341075 1.00  3272
mean.Po[16]     0.03500860 0.008270330 0.021277979 0.03418477 0.05272408 1.00  3192
mean.Po[17]     0.03527135 0.008271461 0.021170821 0.03458223 0.05326859 1.00  3176
mean.Po[18]     0.03506277 0.008196038 0.021082645 0.03427722 0.05291080 1.00  3272
mean.R[1, 1]    0.01677439 0.027183152 0.001693160 0.01122568 0.06953877 1.09  2109
mean.R[2, 1]    0.07453368 0.069817543 0.008748525 0.05748759 0.27208382 1.04  1565
mean.R[3, 1]    0.11761174 0.096413603 0.014477597 0.09538280 0.41423681 1.02  1713
mean.R[4, 1]    0.24729324 0.142238719 0.041656172 0.22113626 0.65568409 1.02  2474
mean.R[5, 1]    0.21830270 0.159022918 0.054002035 0.15655235 0.67155417 1.04   311
mean.R[1, 2]    0.01537913 0.018562117 0.001737080 0.01101475 0.06167595 1.08  1820
mean.R[2, 2]    0.07667330 0.075254568 0.009598283 0.05734423 0.28870704 1.02  1402
mean.R[3, 2]    0.12037775 0.099632030 0.017087185 0.09673106 0.42562573 1.03  1524
mean.R[4, 2]    0.25155852 0.146793073 0.043157858 0.22637920 0.66066605 1.02  2163
mean.R[5, 2]    0.10413356 0.058443980 0.014825230 0.10177679 0.24009221 1.02  1831
mean.R[1, 3]    0.04128307 0.074240997 0.005168075 0.01675590 0.24715191 1.13   362
mean.R[2, 3]    0.07389679 0.070073804 0.008657492 0.05685125 0.27755576 1.02  1820
mean.R[3, 3]    0.11696725 0.095182051 0.015881914 0.09557485 0.38585223 1.02  1659
mean.R[4, 3]    0.20346463 0.107720045 0.031535212 0.20070299 0.47913149 1.03  2257
mean.R[5, 3]    0.11055994 0.063551514 0.014835909 0.10647639 0.27120207 1.03  2760
mean.R[1, 4]    0.04017034 0.067547514 0.005657854 0.01621325 0.23773088 1.09   519
mean.R[2, 4]    0.06862430 0.064589327 0.008421283 0.05502885 0.22898587 1.07  2315
mean.R[3, 4]    0.09449535 0.061397389 0.012583373 0.08586695 0.25853516 1.00  2835
mean.R[4, 4]    0.25106504 0.146101718 0.045167278 0.22326930 0.65582326 1.02  2302
mean.R[5, 4]    0.11152369 0.065732797 0.014037357 0.10824947 0.27310255 1.03  2438
mean.R[1, 5]    0.01680497 0.025949404 0.001816053 0.01114174 0.07375156 1.15  1533
mean.R[2, 5]    0.07414396 0.070467400 0.008704258 0.05667329 0.27362107 1.05  1867
mean.R[3, 5]    0.29792404 0.212048085 0.079230443 0.22408599 0.81227291 1.08    76
mean.R[4, 5]    0.25154770 0.144699673 0.042131369 0.22680061 0.65597458 1.01  2133
mean.R[5, 5]    0.11766139 0.072123929 0.016144948 0.11115640 0.31409986 1.01  2834
mean.R[1, 6]    0.01637122 0.024962634 0.001567164 0.01114672 0.07176905 1.02  1800
mean.R[2, 6]    0.07568398 0.073756938 0.008796518 0.05670945 0.29388022 1.02  1721
mean.R[3, 6]    0.11912694 0.100028997 0.016355472 0.09377292 0.41376096 1.04  1739
mean.R[4, 6]    0.15538760 0.079123971 0.020864979 0.15741255 0.30664913 1.05   245
mean.R[5, 6]    0.11547662 0.056173545 0.025187210 0.11192458 0.25244905 1.02  2826
mean.R[1, 7]    0.01646213 0.025356027 0.001659651 0.01117604 0.06996021 1.02  1466
mean.R[2, 7]    0.07000939 0.061631397 0.009352765 0.05585727 0.24995215 1.03  2310
mean.R[3, 7]    0.09984427 0.068459573 0.014924941 0.08884188 0.29552716 1.01  2779
mean.R[4, 7]    0.25199008 0.148196873 0.038363694 0.22629834 0.66601389 1.03  2204
mean.R[5, 7]    0.21817776 0.158133666 0.055499961 0.15701417 0.69002191 1.05   276
mean.R[1, 8]    0.01631432 0.023838268 0.001677093 0.01121799 0.06650609 1.15  1902
mean.R[2, 8]    0.07545398 0.074793547 0.008992772 0.05764962 0.27698247 1.02  1462
mean.R[3, 8]    0.19727151 0.133294952 0.060026291 0.14539595 0.56111206 1.06   219
mean.R[4, 8]    0.30740253 0.118221809 0.138533087 0.27885618 0.59990986 1.04   474
mean.R[5, 8]    0.14194495 0.078970905 0.032455421 0.12538713 0.35151290 1.02  2198
mean.R[1, 9]    0.01624182 0.025448653 0.001581233 0.01130343 0.06800120 1.05  1989
mean.R[2, 9]    0.07426036 0.073125224 0.009868874 0.05641800 0.28825388 1.03  1365
mean.R[3, 9]    0.21722702 0.157794697 0.059968154 0.15379133 0.64447337 1.05   145
mean.R[4, 9]    0.31086114 0.121906408 0.133163639 0.27786508 0.60918211 1.05   486
mean.R[5, 9]    0.09903405 0.054216020 0.012776267 0.09904920 0.22373369 1.02   914
mean.R[1, 10]   0.01646008 0.025585461 0.001628778 0.01092200 0.07178641 1.13  1405
mean.R[2, 10]   0.07077232 0.065318267 0.008809301 0.05619271 0.24581415 1.03  2496
mean.R[3, 10]   0.11235706 0.086407997 0.015983060 0.09235455 0.36171218 1.02  2053
mean.R[4, 10]   0.36066726 0.155146499 0.152095965 0.31884467 0.72451187 1.05   204
mean.R[5, 10]   0.15017676 0.111719950 0.022164285 0.12355869 0.47578615 1.04  1854
mean.R[1, 11]   0.03591660 0.059850596 0.004790332 0.01585084 0.20428065 1.09   420
mean.R[2, 11]   0.06991104 0.060828100 0.008466517 0.05590883 0.24843137 1.02  2348
mean.R[3, 11]   0.11876206 0.099765488 0.015856847 0.09417710 0.39941289 1.07  1962
mean.R[4, 11]   0.24721132 0.141111976 0.037794954 0.22360757 0.62778528 1.03  2192
mean.R[5, 11]   0.13323613 0.090477020 0.017939044 0.11723168 0.38953066 1.02  2703
mean.R[1, 12]   0.01538329 0.017868174 0.001861516 0.01117268 0.06149547 1.06  1778
mean.R[2, 12]   0.07573665 0.077171039 0.009718034 0.05643789 0.28947400 1.07  1288
mean.R[3, 12]   0.10891898 0.082820444 0.014769887 0.09191212 0.34054774 1.03  2404
mean.R[4, 12]   0.22440268 0.122641097 0.036152367 0.21258716 0.55726006 1.03  2756
mean.R[5, 12]   0.10182621 0.058021320 0.011910082 0.10083835 0.23625880 1.02  1518
mean.R[1, 13]   0.03983888 0.063438828 0.005469569 0.01662660 0.23091419 1.08   329
mean.R[2, 13]   0.07396736 0.071742225 0.009433020 0.05680511 0.26645230 1.05  1591
mean.R[3, 13]   0.12066410 0.104908683 0.015735362 0.09406622 0.43917175 1.03  1428
mean.R[4, 13]   0.25185286 0.148652979 0.040395710 0.22645359 0.67521059 1.03  1807
mean.R[5, 13]   0.33277558 0.215870322 0.101064099 0.26019235 0.83963110 1.08    73
mean.R[1, 14]   0.01549076 0.022571234 0.001325745 0.01082242 0.06309038 1.17  1730
mean.R[2, 14]   0.06974748 0.063197158 0.008897249 0.05514294 0.24851686 1.01  1736
mean.R[3, 14]   0.11478407 0.089928153 0.014150291 0.09482787 0.37482441 1.02  2335
mean.R[4, 14]   0.32353285 0.173109371 0.093841497 0.26610350 0.78691010 1.05   408
mean.R[5, 14]   0.12365443 0.061883243 0.027230793 0.11751125 0.28230485 1.01  3156
mean.R[1, 15]   0.01592673 0.020370017 0.001749759 0.01105929 0.06612579 1.03  2042
mean.R[2, 15]   0.13199927 0.134193712 0.026647693 0.07655487 0.54490830 1.11   269
mean.R[3, 15]   0.10907780 0.082419729 0.014310770 0.09258180 0.33886917 1.03  2172
mean.R[4, 15]   0.25567337 0.149263120 0.041925770 0.22729117 0.67426652 1.02  2253
mean.R[5, 15]   0.12578734 0.083878521 0.017212197 0.11534152 0.34824614 1.03  2496
mean.R[1, 16]   0.01569388 0.021684322 0.001659736 0.01091439 0.06478430 1.08  1634
mean.R[2, 16]   0.13231317 0.131817433 0.026321865 0.07943924 0.53152177 1.07   277
mean.R[3, 16]   0.11891572 0.097186279 0.016041601 0.09554780 0.39606251 1.05  2137
mean.R[4, 16]   0.20385282 0.104480752 0.032718205 0.20018438 0.46158140 1.01  2146
mean.R[5, 16]   0.14717483 0.105219756 0.021691337 0.12217709 0.45931640 1.04  1832
mean.R[1, 17]   0.01617683 0.022978438 0.001847410 0.01117578 0.06451456 1.13  2193
mean.R[2, 17]   0.07366540 0.071841165 0.009205520 0.05644204 0.26942459 1.05  1983
mean.R[3, 17]   0.11814135 0.097189402 0.016587940 0.09559293 0.39980325 1.02  1880
mean.R[4, 17]   0.25462472 0.144594122 0.044099656 0.22879490 0.65951941 1.03  2295
mean.R[5, 17]   0.14891036 0.112781622 0.023520453 0.12184121 0.48448203 1.01  1637
mean.phi[1, 1]  0.96016071 0.042714440 0.847851718 0.97294908 0.99702257 1.00  3234
mean.phi[2, 1]  0.96343028 0.036055164 0.868219255 0.97442608 0.99665936 1.00  3614
mean.phi[3, 1]  0.96772219 0.034005896 0.873352074 0.97858356 0.99708721 1.00  2983
mean.phi[4, 1]  0.93570743 0.055762646 0.788844459 0.95238616 0.99290080 1.00  2898
mean.phi[5, 1]  0.87900674 0.066436685 0.717949831 0.89115421 0.97058289 1.00  3509
mean.phi[1, 2]  0.96520962 0.034215345 0.869552428 0.97584179 0.99719366 1.01  3525
mean.phi[2, 2]  0.96467133 0.033132037 0.873716237 0.97481702 0.99647638 1.01  3815
mean.phi[3, 2]  0.97483035 0.022991593 0.910741014 0.98188903 0.99733028 1.00  3485
mean.phi[4, 2]  0.94108691 0.048048317 0.810583433 0.95493406 0.99311111 1.00  3016
mean.phi[5, 2]  0.66818182 0.103832538 0.450482257 0.67448556 0.85147248 1.00  3473
mean.phi[1, 3]  0.95633502 0.032444199 0.872360568 0.96488178 0.99322311 1.00  3989
mean.phi[2, 3]  0.96507926 0.035383878 0.871209876 0.97560830 0.99674367 1.00  3444
mean.phi[3, 3]  0.97954369 0.017320499 0.933771379 0.98434842 0.99761418 1.00  3283
mean.phi[4, 3]  0.85745316 0.084358734 0.650496957 0.87500364 0.96986006 1.00  3520
mean.phi[5, 3]  0.74988887 0.094771881 0.541333982 0.76093016 0.90392379 1.00  3395
mean.phi[1, 4]  0.94556525 0.042718170 0.834449084 0.95749615 0.99232246 1.00  3571
mean.phi[2, 4]  0.95818300 0.030959281 0.876113159 0.96601812 0.99375838 1.00  4073
mean.phi[3, 4]  0.93851318 0.033633948 0.855253394 0.94516673 0.98408491 1.00  3427
mean.phi[4, 4]  0.95262096 0.036167594 0.853558920 0.96209061 0.99358724 1.00  3060
mean.phi[5, 4]  0.73723747 0.100689409 0.508624803 0.74851669 0.90163342 1.00  3617
mean.phi[1, 5]  0.96192117 0.039403947 0.854399954 0.97445586 0.99663689 1.00  3113
mean.phi[2, 5]  0.96792681 0.030563221 0.885230107 0.97718034 0.99711845 1.01  3810
mean.phi[3, 5]  0.95486404 0.024197895 0.896101180 0.95918405 0.98808860 1.00  3618
mean.phi[4, 5]  0.95648907 0.032829755 0.870846461 0.96506893 0.99407408 1.00  3302
mean.phi[5, 5]  0.80745499 0.082534393 0.619709688 0.81606060 0.93877390 1.00  3566
mean.phi[1, 6]  0.96672252 0.031665352 0.879572266 0.97650602 0.99676718 1.01  3530
mean.phi[2, 6]  0.96226868 0.038244318 0.857594864 0.97412232 0.99659921 1.01  3510
mean.phi[3, 6]  0.98601695 0.010802889 0.958658812 0.98892307 0.99811068 1.00  3515
mean.phi[4, 6]  0.72991681 0.090620117 0.533003662 0.73624852 0.88365904 1.00  2984
mean.phi[5, 6]  0.44299383 0.111507394 0.229751744 0.44154245 0.65841688 1.00  2904
mean.phi[1, 7]  0.95561652 0.052311333 0.813140375 0.97179596 0.99654684 1.00  2863
mean.phi[2, 7]  0.93808103 0.050663979 0.802595825 0.95255024 0.99206875 1.00  3480
mean.phi[3, 7]  0.96913299 0.017816802 0.923881035 0.97287729 0.99271899 1.00  3779
mean.phi[4, 7]  0.96133705 0.028566845 0.887822882 0.96868653 0.99431447 1.00  3236
mean.phi[5, 7]  0.81933740 0.102936088 0.567051759 0.83978484 0.95884364 1.00  3520
mean.phi[1, 8]  0.96538467 0.033977617 0.873117252 0.97571937 0.99696380 1.00  3663
mean.phi[2, 8]  0.95526444 0.048487102 0.820193881 0.97092067 0.99649948 1.00  3016
mean.phi[3, 8]  0.94076251 0.028658141 0.870795701 0.94588687 0.98103933 1.00  3790
mean.phi[4, 8]  0.83102689 0.058294089 0.701646935 0.83587062 0.92854827 1.00  3698
mean.phi[5, 8]  0.55756641 0.130316843 0.290536317 0.56195571 0.79425705 1.00  2734
mean.phi[1, 9]  0.95825137 0.044719936 0.834552524 0.97271961 0.99631714 1.00  3237
mean.phi[2, 9]  0.96624552 0.032554789 0.876898738 0.97634054 0.99679462 1.01  3676
mean.phi[3, 9]  0.92928739 0.039988028 0.828623073 0.93710128 0.98316784 1.00  3201
mean.phi[4, 9]  0.87263134 0.043405847 0.777391762 0.87676208 0.94368222 1.00  4042
mean.phi[5, 9]  0.57365895 0.118019629 0.338579779 0.57611530 0.79543730 1.00  3401
mean.phi[1, 10] 0.97821565 0.017780982 0.930848701 0.98322494 0.99745141 1.01  3892
mean.phi[2, 10] 0.95737816 0.046394409 0.831984458 0.97189351 0.99642493 1.01  2970
mean.phi[3, 10] 0.96214458 0.028953642 0.885694624 0.96965303 0.99445553 1.00  3354
mean.phi[4, 10] 0.90274818 0.038888429 0.808624102 0.90825073 0.96229440 1.01  3677
mean.phi[5, 10] 0.92003557 0.050005908 0.793798382 0.92995216 0.98617888 1.00  2867
mean.phi[1, 11] 0.90928160 0.062871909 0.749199968 0.92449032 0.98445448 1.00  3392
mean.phi[2, 11] 0.96387173 0.025665959 0.900970409 0.97014981 0.99403781 1.00  3579
mean.phi[3, 11] 0.97717155 0.020491077 0.923375285 0.98335669 0.99737375 1.00  3325
mean.phi[4, 11] 0.96965777 0.021040606 0.915777723 0.97488977 0.99492009 1.00  3353
mean.phi[5, 11] 0.91633770 0.045496084 0.808962343 0.92548518 0.97871136 1.00  2971
mean.phi[1, 12] 0.97309876 0.024033352 0.908490241 0.98037817 0.99711649 1.00  3539
mean.phi[2, 12] 0.96632655 0.031992975 0.879525590 0.97628452 0.99676199 1.01  3473
mean.phi[3, 12] 0.97311564 0.019149916 0.921328730 0.97789544 0.99541992 1.00  3463
mean.phi[4, 12] 0.93973782 0.038143901 0.844312934 0.94847150 0.98828726 1.00  3765
mean.phi[5, 12] 0.85966002 0.047506811 0.754641262 0.86488052 0.93685163 1.00  3536
mean.phi[1, 13] 0.95464054 0.034931497 0.861786013 0.96383671 0.99356831 1.00  3607
mean.phi[2, 13] 0.97228992 0.024472181 0.906774569 0.97947959 0.99683746 1.00  3708
mean.phi[3, 13] 0.98409125 0.012434179 0.950274010 0.98748601 0.99787866 1.00  3291
mean.phi[4, 13] 0.95037586 0.038302708 0.848192484 0.96054956 0.99349005 1.00  3340
mean.phi[5, 13] 0.91769754 0.035046429 0.835210594 0.92191447 0.97153811 1.00  3264
mean.phi[1, 14] 0.95034229 0.037566044 0.852158097 0.96043156 0.99275492 1.01  3877
mean.phi[2, 14] 0.95288536 0.035592191 0.857287225 0.96221811 0.99342939 1.01  3919
mean.phi[3, 14] 0.98523111 0.011039391 0.957523214 0.98806540 0.99792747 1.00  3394
mean.phi[4, 14] 0.92743264 0.047535890 0.809424414 0.93874985 0.98685874 1.00  3224
mean.phi[5, 14] 0.82195632 0.050237235 0.712792987 0.82570916 0.90840518 1.00  3837
mean.phi[1, 15] 0.97410792 0.022451914 0.914133984 0.98047923 0.99709038 1.01  3277
mean.phi[2, 15] 0.95590944 0.032692446 0.871071734 0.96433580 0.99350229 1.00  4027
mean.phi[3, 15] 0.97979960 0.013057605 0.948059820 0.98268199 0.99609309 1.00  3744
mean.phi[4, 15] 0.94807748 0.040707777 0.842998077 0.95845500 0.99369141 1.00  3151
mean.phi[5, 15] 0.93126754 0.031247150 0.858436069 0.93592853 0.97868632 1.00  3513
mean.phi[1, 16] 0.97769147 0.018770282 0.927589065 0.98295075 0.99741745 1.00  3577
mean.phi[2, 16] 0.95493422 0.033976479 0.868504951 0.96407502 0.99283399 1.00  4004
mean.phi[3, 16] 0.98562591 0.010773306 0.957913674 0.98844255 0.99795951 1.00  3295
mean.phi[4, 16] 0.94021992 0.031911080 0.861175973 0.94638347 0.98408581 1.00  3431
mean.phi[5, 16] 0.95877139 0.024953384 0.896136022 0.96399106 0.99194002 1.01  2415
mean.phi[1, 17] 0.97524253 0.021167236 0.919251817 0.98113051 0.99718350 1.01  3447
mean.phi[2, 17] 0.97669365 0.019066483 0.926415795 0.98201394 0.99714761 1.00  3248
mean.phi[3, 17] 0.98588835 0.010685824 0.957581451 0.98863313 0.99805953 1.00  3330
mean.phi[4, 17] 0.97027043 0.020491322 0.917732781 0.97525592 0.99509279 1.01  3286
mean.phi[5, 17] 0.95999210 0.023830766 0.901342559 0.96444333 0.99145747 1.00  2482
mean.r[1]       0.96720481 0.016629398 0.926847174 0.96986511 0.99108971 1.01  2580
mean.r[2]       0.96717880 0.016705111 0.926503736 0.96997179 0.99096408 1.01  2465
mean.r[3]       0.96718968 0.016598448 0.927128425 0.96970125 0.99107159 1.01  2483
mean.r[4]       0.96727034 0.016580280 0.927296721 0.96999793 0.99098582 1.01  2465
mean.r[5]       0.96746650 0.016424782 0.927618019 0.97006177 0.99090555 1.01  2540
mean.r[6]       0.96724808 0.016613229 0.927743242 0.96985948 0.99097597 1.01  2502
mean.r[7]       0.96747115 0.016504270 0.927071381 0.96998130 0.99094850 1.01  2441
mean.r[8]       0.96733118 0.016413202 0.927799436 0.96986469 0.99099969 1.01  2480
mean.r[9]       0.96738516 0.016345518 0.928442675 0.96989869 0.99103044 1.01  2555
mean.r[10]      0.96750518 0.016436369 0.927497464 0.97001520 0.99100308 1.01  2465
mean.r[11]      0.96731918 0.016423278 0.927580313 0.97000449 0.99104526 1.01  2484
mean.r[12]      0.96723719 0.016570668 0.927748303 0.96999603 0.99094186 1.01  2476
mean.r[13]      0.96729221 0.016589123 0.927152289 0.97002427 0.99094745 1.01  2522
mean.r[14]      0.96724802 0.016551796 0.927051228 0.96987374 0.99110840 1.01  2483
mean.r[15]      0.96739558 0.016444423 0.927744955 0.96995303 0.99105334 1.01  2553
mean.r[16]      0.96731615 0.016527458 0.927084681 0.97003111 0.99095257 1.01  2484
mean.r[17]      0.96720833 0.016674862 0.926599140 0.96986353 0.99094055 1.01  2489
mean.r[18]      0.96716585 0.016688293 0.925969961 0.96985692 0.99109348 1.01  2473
mu.M[1]         0.12522013 0.000000000 0.125220133 0.12522013 0.12522013  NaN     0
mu.M[2]         0.11025340 0.000000000 0.110253400 0.11025340 0.11025340  NaN     0
mu.M[3]         0.01297656 0.000000000 0.012976555 0.01297656 0.01297656  NaN     0
mu.M[4]         0.09195000 0.000000000 0.091950002 0.09195000 0.09195000  NaN     0
mu.M[5]         0.06294307 0.000000000 0.062943067 0.06294307 0.06294307  NaN     0
mu.Pi           0.99558209 0.002164084 0.990348464 0.99592541 0.99879455 1.00  1844
mu.Po           0.03565902 0.007842791 0.022198923 0.03508373 0.05252952 1.00  2981
mu.R[1]         0.01115906 0.000000000 0.011159059 0.01115906 0.01115906  NaN     0
mu.R[2]         0.05679792 0.000000000 0.056797917 0.05679792 0.05679792  NaN     0
mu.R[3]         0.09473827 0.000000000 0.094738265 0.09473827 0.09473827  NaN     0
mu.R[4]         0.22406030 0.000000000 0.224060296 0.22406030 0.22406030  NaN     0
mu.R[5]         0.12179908 0.000000000 0.121799078 0.12179908 0.12179908  NaN     0
mu.phi[1]       0.96819921 0.014463307 0.933843684 0.97061738 0.98883275 1.01  1562
mu.phi[2]       0.96777588 0.014127157 0.933863128 0.97014984 0.98849175 1.00  1734
mu.phi[3]       0.97549106 0.008630843 0.955491395 0.97662072 0.98901841 1.01   893
mu.phi[4]       0.93519918 0.019545794 0.891495382 0.93752042 0.96623644 1.00   676
mu.phi[5]       0.83192560 0.037836554 0.749626311 0.83532257 0.89643068 1.00   540
mu.r            0.96738732 0.016164027 0.928424664 0.96984867 0.99101180 1.01  2444
sigma.M         0.53744911 0.174002337 0.225956372 0.53411456 0.88892163 1.01    92
sigma.Pi        0.10000000 0.000000000 0.100000000 0.10000000 0.10000000  NaN     0
sigma.Po        0.10000000 0.000000000 0.100000000 0.10000000 0.10000000  NaN     0
sigma.R         0.74654914 0.436500615 0.100386269 0.71502672 1.56023496 1.19    29
sigma.phi       0.96102097 0.139261986 0.709744403 0.95193444 1.25749270 1.00   423
sigma.r         0.10000000 0.000000000 0.100000000 0.10000000 0.10000000  NaN     0
