Information and diagnostics 
=========================== 
Total iter:                       10000 
Thin:                             1 
Num chains:                       3 
Max Rhat:                         1.03 
Min n.eff:                        0 


Model summary 
============= 
                     mean          sd        2.5%       50%     97.5% Rhat n.eff
mean.R[1, 1]    0.3855421 0.127603115 0.162007676 0.3795051 0.6558395 1.01  5405
mean.R[2, 1]    0.2580293 0.112883442 0.075483701 0.2461829 0.5074526 1.00  4798
mean.R[3, 1]    0.3255695 0.098540960 0.152820687 0.3190809 0.5329571 1.00  4655
mean.R[4, 1]    0.2927897 0.082607664 0.150815965 0.2870484 0.4718752 1.00  3254
mean.R[5, 1]    0.1403210 0.050439097 0.061875340 0.1345306 0.2529002 1.00  3170
mean.R[1, 2]    0.3706663 0.123434826 0.151468352 0.3653918 0.6286354 1.00  6150
mean.R[2, 2]    0.2457795 0.107665265 0.071828126 0.2353389 0.4812347 1.00  5613
mean.R[3, 2]    0.3114354 0.094317478 0.143003843 0.3061283 0.5084941 1.00  4884
mean.R[4, 2]    0.2792287 0.076913173 0.139629573 0.2749171 0.4389602 1.00  4868
mean.R[5, 2]    0.1318567 0.043993068 0.058074001 0.1274572 0.2292258 1.00  4115
mean.R[1, 3]    0.3727233 0.123351487 0.153695497 0.3667977 0.6344012 1.00  6053
mean.R[2, 3]    0.2475451 0.108109091 0.071743967 0.2378145 0.4839497 1.00  5556
mean.R[3, 3]    0.3133843 0.094492548 0.144111260 0.3076607 0.5110149 1.00  5002
mean.R[4, 3]    0.2808885 0.075861529 0.144200278 0.2774686 0.4382935 1.00  5124
mean.R[5, 3]    0.1330136 0.044605217 0.058525078 0.1290989 0.2312043 1.00  3886
mean.R[1, 4]    0.3686568 0.123176994 0.150244288 0.3629050 0.6263211 1.00  6321
mean.R[2, 4]    0.2442460 0.107301914 0.070085788 0.2341363 0.4817838 1.00  5627
mean.R[3, 4]    0.3095492 0.093718706 0.140785712 0.3042170 0.5053622 1.00  4947
mean.R[4, 4]    0.2774938 0.076727564 0.135393255 0.2742877 0.4367206 1.00  4530
mean.R[5, 4]    0.1309401 0.044100146 0.056264259 0.1270940 0.2296450 1.00  3894
mean.R[1, 5]    0.3899683 0.126693486 0.166431662 0.3852114 0.6556361 1.00  6111
mean.R[2, 5]    0.2613433 0.112568745 0.077734679 0.2507015 0.5100049 1.00  5593
mean.R[3, 5]    0.3294232 0.096215137 0.160826307 0.3222813 0.5342769 1.00  5113
mean.R[4, 5]    0.2966568 0.081841299 0.156556665 0.2905344 0.4752300 1.00  3718
mean.R[5, 5]    0.1423807 0.049514982 0.064601037 0.1364861 0.2562766 1.00  3267
mean.R[1, 6]    0.3611526 0.123357001 0.139680823 0.3561224 0.6183911 1.00  5294
mean.R[2, 6]    0.2384082 0.106325664 0.065851010 0.2288111 0.4728067 1.00  5215
mean.R[3, 6]    0.3024327 0.093454931 0.130760224 0.2983377 0.4935847 1.00  3622
mean.R[4, 6]    0.2703334 0.074430018 0.130834685 0.2676981 0.4215577 1.00  3463
mean.R[5, 6]    0.1269761 0.042664216 0.052410975 0.1239398 0.2203299 1.00  3263
mean.R[1, 7]    0.3797267 0.125904392 0.159991344 0.3733898 0.6442065 1.01  5856
mean.R[2, 7]    0.2529561 0.109962339 0.074346762 0.2420482 0.4954481 1.00  5159
mean.R[3, 7]    0.3197226 0.094854435 0.150556717 0.3135123 0.5191986 1.00  5175
mean.R[4, 7]    0.2873324 0.080444301 0.147572541 0.2824475 0.4584092 1.01  4232
mean.R[5, 7]    0.1368900 0.048088586 0.060936037 0.1313394 0.2436492 1.01  3331
mean.R[1, 8]    0.3902281 0.126122170 0.168051278 0.3854711 0.6543701 1.00  6339
mean.R[2, 8]    0.2614805 0.111710852 0.079950568 0.2504428 0.5079672 1.00  5625
mean.R[3, 8]    0.3294816 0.094308491 0.162600842 0.3236598 0.5295253 1.00  5531
mean.R[4, 8]    0.2964241 0.077163624 0.159675483 0.2919514 0.4619219 1.00  4335
mean.R[5, 8]    0.1421327 0.047200740 0.065371209 0.1370477 0.2480929 1.00  3739
mean.R[1, 9]    0.3837030 0.124766729 0.163604265 0.3786488 0.6463790 1.00  6296
mean.R[2, 9]    0.2562997 0.110558435 0.075328867 0.2458790 0.5023928 1.00  5726
mean.R[3, 9]    0.3233794 0.093734531 0.156443286 0.3166082 0.5211864 1.00  5563
mean.R[4, 9]    0.2904886 0.076049760 0.156302913 0.2858108 0.4521842 1.00  5341
mean.R[5, 9]    0.1386537 0.046124692 0.063385384 0.1337720 0.2422750 1.00  3892
mean.R[1, 10]   0.3874506 0.125714634 0.165733809 0.3820326 0.6491205 1.00  6390
mean.R[2, 10]   0.2592450 0.111748817 0.077723825 0.2482999 0.5049369 1.00  5502
mean.R[3, 10]   0.3271924 0.096581046 0.157630158 0.3210448 0.5325064 1.00  4954
mean.R[4, 10]   0.2941043 0.078928441 0.155947835 0.2889547 0.4639339 1.00  4798
mean.R[5, 10]   0.1411358 0.049527690 0.063421614 0.1349354 0.2551975 1.00  3357
mean.R[1, 11]   0.3761616 0.123933639 0.156279857 0.3720373 0.6344355 1.01  6345
mean.R[2, 11]   0.2499326 0.108039217 0.073033413 0.2393870 0.4862804 1.00  5732
mean.R[3, 11]   0.3164763 0.094338709 0.145393445 0.3115350 0.5126605 1.00  5165
mean.R[4, 11]   0.2841544 0.078378414 0.143099536 0.2799899 0.4490713 1.00  4660
mean.R[5, 11]   0.1348755 0.045763000 0.059328991 0.1304583 0.2359759 1.00  3780
mean.R[1, 12]   0.3669417 0.124643691 0.144050410 0.3621059 0.6273326 1.00  5513
mean.R[2, 12]   0.2427492 0.107042792 0.068329984 0.2327421 0.4781418 1.00  5514
mean.R[3, 12]   0.3076780 0.094075697 0.138163024 0.3023506 0.5010773 1.00  4225
mean.R[4, 12]   0.2755943 0.076340397 0.134415963 0.2725934 0.4326676 1.00  4370
mean.R[5, 12]   0.1298410 0.043683424 0.055667133 0.1263394 0.2263830 1.00  3518
mean.R[1, 13]   0.4027841 0.131832480 0.173755443 0.3950489 0.6862584 1.01  3352
mean.R[2, 13]   0.2727234 0.120357939 0.081589747 0.2596554 0.5432884 1.00  2924
mean.R[3, 13]   0.3422465 0.105695999 0.164693743 0.3328183 0.5773467 1.00  2115
mean.R[4, 13]   0.3090095 0.091321080 0.163252885 0.2996274 0.5179428 1.00  1756
mean.R[5, 13]   0.1503756 0.057864892 0.067740538 0.1414624 0.2901077 1.01  1002
mean.R[1, 14]   0.3761215 0.122821679 0.158279630 0.3696553 0.6377118 1.00  6507
mean.R[2, 14]   0.2500414 0.107622431 0.074212111 0.2396882 0.4842998 1.00  5884
mean.R[3, 14]   0.3166472 0.094643473 0.149124956 0.3106503 0.5143448 1.00  5530
mean.R[4, 14]   0.2842406 0.077656359 0.145496722 0.2798013 0.4472411 1.00  4894
mean.R[5, 14]   0.1346733 0.044633419 0.061349369 0.1298101 0.2349215 1.00  4210
mean.R[1, 15]   0.3786634 0.124156913 0.157083440 0.3727038 0.6403495 1.00  6464
mean.R[2, 15]   0.2519374 0.108555289 0.074867269 0.2422877 0.4898073 1.00  5800
mean.R[3, 15]   0.3188713 0.094853054 0.149505233 0.3124259 0.5190725 1.00  5437
mean.R[4, 15]   0.2864296 0.078552269 0.145272287 0.2823330 0.4540883 1.00  4960
mean.R[5, 15]   0.1361786 0.046131263 0.060882052 0.1312398 0.2397367 1.00  3957
mean.R[1, 16]   0.3777527 0.124563645 0.157433774 0.3718663 0.6394714 1.00  6158
mean.R[2, 16]   0.2514195 0.109234560 0.073747876 0.2400714 0.4917980 1.00  5577
mean.R[3, 16]   0.3181781 0.095837718 0.146169654 0.3113252 0.5205665 1.00  4789
mean.R[4, 16]   0.2855520 0.078651347 0.146713579 0.2804551 0.4534490 1.00  4634
mean.R[5, 16]   0.1358630 0.046857036 0.059658039 0.1308154 0.2414934 1.00  3699
mean.R[1, 17]   0.3775839 0.125536762 0.155831376 0.3721773 0.6425744 1.00  5647
mean.R[2, 17]   0.2515512 0.110409277 0.073371870 0.2406700 0.4934736 1.00  5316
mean.R[3, 17]   0.3180788 0.096725020 0.145099078 0.3111257 0.5216539 1.00  4624
mean.R[4, 17]   0.2854803 0.079271121 0.142881138 0.2810882 0.4525683 1.00  4231
mean.R[5, 17]   0.1360388 0.048116741 0.058605124 0.1310798 0.2443253 1.00  3178
mean.p[1]       0.7181065 0.010873672 0.696645448 0.7180436 0.7391376 1.00  6436
mean.p[2]       0.7181065 0.010873672 0.696645448 0.7180436 0.7391376 1.00  6436
mean.p[3]       0.7181065 0.010873672 0.696645448 0.7180436 0.7391376 1.00  6436
mean.p[4]       0.7181065 0.010873672 0.696645448 0.7180436 0.7391376 1.00  6436
mean.p[5]       0.7181065 0.010873672 0.696645448 0.7180436 0.7391376 1.00  6436
mean.p[6]       0.7181065 0.010873672 0.696645448 0.7180436 0.7391376 1.00  6436
mean.p[7]       0.7181065 0.010873672 0.696645448 0.7180436 0.7391376 1.00  6436
mean.p[8]       0.7181065 0.010873672 0.696645448 0.7180436 0.7391376 1.00  6436
mean.p[9]       0.7181065 0.010873672 0.696645448 0.7180436 0.7391376 1.00  6436
mean.p[10]      0.7181065 0.010873672 0.696645448 0.7180436 0.7391376 1.00  6436
mean.p[11]      0.7181065 0.010873672 0.696645448 0.7180436 0.7391376 1.00  6436
mean.p[12]      0.7181065 0.010873672 0.696645448 0.7180436 0.7391376 1.00  6436
mean.p[13]      0.7181065 0.010873672 0.696645448 0.7180436 0.7391376 1.00  6436
mean.p[14]      0.7181065 0.010873672 0.696645448 0.7180436 0.7391376 1.00  6436
mean.p[15]      0.7181065 0.010873672 0.696645448 0.7180436 0.7391376 1.00  6436
mean.p[16]      0.7181065 0.010873672 0.696645448 0.7180436 0.7391376 1.00  6436
mean.p[17]      0.7181065 0.010873672 0.696645448 0.7180436 0.7391376 1.00  6436
mean.p[18]      0.7181065 0.010873672 0.696645448 0.7180436 0.7391376 1.00  6436
mean.phi[1, 1]  0.9508637 0.047066850 0.823938742 0.9652311 0.9948546 1.00  7010
mean.phi[2, 1]  0.9511101 0.044251728 0.831923165 0.9646456 0.9947993 1.00  6682
mean.phi[3, 1]  0.9679036 0.031470721 0.880720529 0.9773235 0.9967120 1.00  6785
mean.phi[4, 1]  0.9292830 0.055238776 0.782271593 0.9442545 0.9905076 1.00  6035
mean.phi[5, 1]  0.8509795 0.074463112 0.676439517 0.8624062 0.9610938 1.00  6494
mean.phi[1, 2]  0.9578008 0.037363017 0.856722829 0.9686610 0.9951030 1.00  7107
mean.phi[2, 2]  0.9529253 0.041558872 0.841523840 0.9648113 0.9944154 1.00  6616
mean.phi[3, 2]  0.9739648 0.023673297 0.911942609 0.9807016 0.9968908 1.00  5768
mean.phi[4, 2]  0.9344811 0.049970318 0.797024841 0.9472235 0.9908500 1.00  6683
mean.phi[5, 2]  0.6416336 0.104309337 0.424441154 0.6474649 0.8265764 1.00  7241
mean.phi[1, 3]  0.9500297 0.034661211 0.859559053 0.9584970 0.9910150 1.00  7479
mean.phi[2, 3]  0.9540998 0.040057630 0.847367018 0.9657895 0.9946239 1.00  6541
mean.phi[3, 3]  0.9786958 0.017345442 0.932278601 0.9832704 0.9972397 1.00  6425
mean.phi[4, 3]  0.8489214 0.087136655 0.631386232 0.8673938 0.9654166 1.00  6747
mean.phi[5, 3]  0.7221185 0.099647014 0.505471402 0.7323970 0.8889419 1.00  6723
mean.phi[1, 4]  0.9369774 0.047245443 0.812410006 0.9493420 0.9900912 1.00  6777
mean.phi[2, 4]  0.9494291 0.033979568 0.861776692 0.9575229 0.9907548 1.00  7300
mean.phi[3, 4]  0.9392026 0.033236211 0.858004765 0.9451890 0.9847321 1.00  7176
mean.phi[4, 4]  0.9459032 0.039358422 0.843509475 0.9558251 0.9916515 1.00  6525
mean.phi[5, 4]  0.7107050 0.103030920 0.486235209 0.7196122 0.8854793 1.00  6940
mean.phi[1, 5]  0.9530062 0.043852375 0.834212380 0.9663176 0.9949510 1.00  5723
mean.phi[2, 5]  0.9590938 0.034374837 0.867122500 0.9689260 0.9949710 1.00  7160
mean.phi[3, 5]  0.9547079 0.023700012 0.895956664 0.9593042 0.9874087 1.00  7446
mean.phi[4, 5]  0.9511120 0.034286065 0.863750813 0.9591416 0.9923026 1.00  5906
mean.phi[5, 5]  0.7823855 0.086600737 0.591827143 0.7926258 0.9233692 1.00  6702
mean.phi[1, 6]  0.9586546 0.036949731 0.857066188 0.9694788 0.9950991 1.00  6470
mean.phi[2, 6]  0.9489228 0.047969496 0.817056184 0.9632983 0.9945791 1.01  6098
mean.phi[3, 6]  0.9850486 0.010841060 0.956594760 0.9877856 0.9976621 1.00  6777
mean.phi[4, 6]  0.7301583 0.089982229 0.534263935 0.7374311 0.8827200 1.00  6435
mean.phi[5, 6]  0.4255037 0.108395080 0.222427148 0.4230767 0.6397543 1.00  5702
mean.phi[1, 7]  0.9455178 0.054214871 0.795765332 0.9618978 0.9947006 1.00  6313
mean.phi[2, 7]  0.9249399 0.057194489 0.770303519 0.9399957 0.9888149 1.00  6590
mean.phi[3, 7]  0.9687368 0.017842538 0.924732127 0.9723215 0.9926062 1.00  7456
mean.phi[4, 7]  0.9556818 0.030326081 0.877045562 0.9625962 0.9928097 1.00  6540
mean.phi[5, 7]  0.7809348 0.110872638 0.521480352 0.7996781 0.9448049 1.00  7030
mean.phi[1, 8]  0.9578163 0.037291096 0.857955182 0.9689447 0.9951184 1.00  6900
mean.phi[2, 8]  0.9412470 0.057424816 0.782773702 0.9591743 0.9940942 1.00  6190
mean.phi[3, 8]  0.9417108 0.027702462 0.876453680 0.9461136 0.9821108 1.00  7601
mean.phi[4, 8]  0.8294513 0.058041957 0.701558681 0.8351586 0.9262868 1.00  7713
mean.phi[5, 8]  0.5243160 0.128881565 0.269549227 0.5287716 0.7633049 1.00  5890
mean.phi[1, 9]  0.9485200 0.049481000 0.813751710 0.9635986 0.9946899 1.00  6789
mean.phi[2, 9]  0.9551683 0.038348288 0.850696271 0.9660788 0.9946445 1.01  6757
mean.phi[3, 9]  0.9310417 0.039459810 0.833336155 0.9394615 0.9831847 1.00  6918
mean.phi[4, 9]  0.8717973 0.042680505 0.776586336 0.8763257 0.9427381 1.00  7827
mean.phi[5, 9]  0.5499846 0.113686268 0.325549150 0.5517519 0.7623260 1.00  7025
mean.phi[1, 10] 0.9732512 0.019964825 0.921696304 0.9784153 0.9961373 1.00  7394
mean.phi[2, 10] 0.9446629 0.052587220 0.804233659 0.9609207 0.9941913 1.00  6770
mean.phi[3, 10] 0.9615560 0.028392027 0.886485567 0.9689968 0.9937815 1.00  6603
mean.phi[4, 10] 0.9004288 0.038331391 0.813473357 0.9056028 0.9601539 1.00  7616
mean.phi[5, 10] 0.8954479 0.059558086 0.751725542 0.9068769 0.9769701 1.00  5807
mean.phi[1, 11] 0.8994306 0.065057029 0.733118039 0.9142406 0.9808859 1.00  6638
mean.phi[2, 11] 0.9581482 0.026611948 0.890712318 0.9641939 0.9918897 1.00  7833
mean.phi[3, 11] 0.9762940 0.020279882 0.924088283 0.9820281 0.9971270 1.00  6897
mean.phi[4, 11] 0.9654645 0.022555043 0.908926223 0.9704298 0.9939287 1.00  5771
mean.phi[5, 11] 0.9002710 0.048931048 0.785183055 0.9080203 0.9720019 1.00  6425
mean.phi[1, 12] 0.9668212 0.026578301 0.896902496 0.9741431 0.9957087 1.00  7098
mean.phi[2, 12] 0.9557106 0.038760070 0.852663356 0.9671655 0.9946633 1.00  6640
mean.phi[3, 12] 0.9725137 0.018547643 0.924738800 0.9769796 0.9948888 1.00  7006
mean.phi[4, 12] 0.9344864 0.039856089 0.834563850 0.9422334 0.9862873 1.00  6758
mean.phi[5, 12] 0.8494663 0.048240206 0.742842464 0.8547517 0.9294045 1.00  7524
mean.phi[1, 13] 0.9474621 0.036724759 0.851996946 0.9564657 0.9910341 1.00  7169
mean.phi[2, 13] 0.9643896 0.028175100 0.889242788 0.9721356 0.9952668 1.00  7451
mean.phi[3, 13] 0.9828782 0.012851352 0.949285244 0.9861091 0.9975826 1.00  6028
mean.phi[4, 13] 0.9449767 0.039349635 0.843802252 0.9544970 0.9917736 1.00  6262
mean.phi[5, 13] 0.9074910 0.036637801 0.822051549 0.9121125 0.9655983 1.00  6742
mean.phi[1, 14] 0.9431347 0.040205187 0.838128795 0.9533941 0.9900601 1.00  7678
mean.phi[2, 14] 0.9431760 0.039267735 0.840703673 0.9529957 0.9899158 1.00  7531
mean.phi[3, 14] 0.9843865 0.011295449 0.955403019 0.9872001 0.9977068 1.00  6663
mean.phi[4, 14] 0.9228814 0.047655162 0.802482189 0.9329802 0.9843497 1.00  6717
mean.phi[5, 14] 0.8116921 0.050788393 0.703082804 0.8150760 0.9003426 1.00  7707
mean.phi[1, 15] 0.9674302 0.025863188 0.898760260 0.9744798 0.9957156 1.00  6647
mean.phi[2, 15] 0.9474473 0.036053994 0.854320146 0.9561127 0.9906651 1.00  7438
mean.phi[3, 15] 0.9790008 0.013267014 0.945178027 0.9818581 0.9956582 1.00  6909
mean.phi[4, 15] 0.9412778 0.042933626 0.830583753 0.9523667 0.9916351 1.00  5872
mean.phi[5, 15] 0.9202476 0.034545295 0.840272943 0.9249051 0.9736505 1.00  6578
mean.phi[1, 16] 0.9724949 0.020387821 0.918880211 0.9776433 0.9959060 1.00  7443
mean.phi[2, 16] 0.9477401 0.035727948 0.856423254 0.9565438 0.9908175 1.00  7163
mean.phi[3, 16] 0.9844254 0.011359481 0.954590355 0.9872588 0.9976102 1.00  7054
mean.phi[4, 16] 0.9365775 0.032163896 0.858485413 0.9422143 0.9827617 1.00  7207
mean.phi[5, 16] 0.9481282 0.027839455 0.881836035 0.9527430 0.9876064 1.00  4502
mean.phi[1, 17] 0.9672627 0.025756728 0.899039897 0.9741158 0.9957069 1.00  6179
mean.phi[2, 17] 0.9499230 0.041593357 0.839146012 0.9618469 0.9943752 1.00  3746
mean.phi[3, 17] 0.9701673 0.025271738 0.901372523 0.9776221 0.9964465 1.00  3053
mean.phi[4, 17] 0.9371485 0.044019414 0.823537320 0.9476157 0.9901061 1.00  3462
mean.phi[5, 17] 0.3774870 0.087970937 0.215579094 0.3733042 0.5593223 1.00  3473
mean.rO[1]      0.2000000 0.000000000 0.200000000 0.2000000 0.2000000  NaN     0
mean.rO[2]      0.2000000 0.000000000 0.200000000 0.2000000 0.2000000  NaN     0
mean.rO[3]      0.2000000 0.000000000 0.200000000 0.2000000 0.2000000  NaN     0
mean.rO[4]      0.2000000 0.000000000 0.200000000 0.2000000 0.2000000  NaN     0
mean.rO[5]      0.2000000 0.000000000 0.200000000 0.2000000 0.2000000  NaN     0
mean.rO[6]      0.2000000 0.000000000 0.200000000 0.2000000 0.2000000  NaN     0
mean.rO[7]      0.2000000 0.000000000 0.200000000 0.2000000 0.2000000  NaN     0
mean.rO[8]      0.2000000 0.000000000 0.200000000 0.2000000 0.2000000  NaN     0
mean.rO[9]      0.2000000 0.000000000 0.200000000 0.2000000 0.2000000  NaN     0
mean.rO[10]     0.2000000 0.000000000 0.200000000 0.2000000 0.2000000  NaN     0
mean.rO[11]     0.2000000 0.000000000 0.200000000 0.2000000 0.2000000  NaN     0
mean.rO[12]     0.2000000 0.000000000 0.200000000 0.2000000 0.2000000  NaN     0
mean.rO[13]     0.2000000 0.000000000 0.200000000 0.2000000 0.2000000  NaN     0
mean.rO[14]     0.2000000 0.000000000 0.200000000 0.2000000 0.2000000  NaN     0
mean.rO[15]     0.2000000 0.000000000 0.200000000 0.2000000 0.2000000  NaN     0
mean.rO[16]     0.2000000 0.000000000 0.200000000 0.2000000 0.2000000  NaN     0
mean.rO[17]     0.2000000 0.000000000 0.200000000 0.2000000 0.2000000  NaN     0
mean.rO[18]     0.2000000 0.000000000 0.200000000 0.2000000 0.2000000  NaN     0
mean.rR[1]      0.2000000 0.000000000 0.200000000 0.2000000 0.2000000  NaN     0
mean.rR[2]      0.2000000 0.000000000 0.200000000 0.2000000 0.2000000  NaN     0
mean.rR[3]      0.2000000 0.000000000 0.200000000 0.2000000 0.2000000  NaN     0
mean.rR[4]      0.2000000 0.000000000 0.200000000 0.2000000 0.2000000  NaN     0
mean.rR[5]      0.2000000 0.000000000 0.200000000 0.2000000 0.2000000  NaN     0
mean.rR[6]      0.2000000 0.000000000 0.200000000 0.2000000 0.2000000  NaN     0
mean.rR[7]      0.2000000 0.000000000 0.200000000 0.2000000 0.2000000  NaN     0
mean.rR[8]      0.2000000 0.000000000 0.200000000 0.2000000 0.2000000  NaN     0
mean.rR[9]      0.2000000 0.000000000 0.200000000 0.2000000 0.2000000  NaN     0
mean.rR[10]     0.2000000 0.000000000 0.200000000 0.2000000 0.2000000  NaN     0
mean.rR[11]     0.2000000 0.000000000 0.200000000 0.2000000 0.2000000  NaN     0
mean.rR[12]     0.2000000 0.000000000 0.200000000 0.2000000 0.2000000  NaN     0
mean.rR[13]     0.2000000 0.000000000 0.200000000 0.2000000 0.2000000  NaN     0
mean.rR[14]     0.2000000 0.000000000 0.200000000 0.2000000 0.2000000  NaN     0
mean.rR[15]     0.2000000 0.000000000 0.200000000 0.2000000 0.2000000  NaN     0
mean.rR[16]     0.2000000 0.000000000 0.200000000 0.2000000 0.2000000  NaN     0
mean.rR[17]     0.2000000 0.000000000 0.200000000 0.2000000 0.2000000  NaN     0
mean.rR[18]     0.2000000 0.000000000 0.200000000 0.2000000 0.2000000  NaN     0
mu.R[1]         0.3767518 0.118315416 0.165877974 0.3719964 0.6242294 1.00  6793
mu.R[2]         0.2499925 0.104247596 0.077545617 0.2415575 0.4780700 1.00  6003
mu.R[3]         0.3166932 0.087554014 0.158048917 0.3116864 0.4958461 1.00  5972
mu.R[4]         0.2840144 0.069318830 0.158799301 0.2811841 0.4261705 1.00  5730
mu.R[5]         0.1343004 0.040447283 0.064593608 0.1308792 0.2234443 1.00  4060
mu.p            0.7181065 0.010873672 0.696645448 0.7180436 0.7391376 1.00  6436
mu.phi[1]       0.9585206 0.016031244 0.920562943 0.9609228 0.9824257 1.00  3563
mu.phi[2]       0.9544491 0.017326835 0.914244902 0.9573701 0.9807913 1.00  3227
mu.phi[3]       0.9743071 0.008517271 0.954865161 0.9754464 0.9879636 1.00  1932
mu.phi[4]       0.9250669 0.020760818 0.879038573 0.9268727 0.9593464 1.01  1455
mu.phi[5]       0.7527952 0.040728790 0.667709852 0.7550618 0.8264175 1.00  1385
mu.rO           0.2000000 0.000000000 0.200000000 0.2000000 0.2000000  NaN     0
mu.rR           0.2000000 0.000000000 0.200000000 0.2000000 0.2000000  NaN     0
sigma.R         0.1507007 0.132785482 0.009385953 0.1066891 0.5045757 1.03    93
sigma.phi       0.9137222 0.134132090 0.680543286 0.9047130 1.2018989 1.01   967
