Information and diagnostics 
=========================== 
Total iter:                       10000 
Thin:                             1 
Num chains:                       3 
Max Rhat:                         1.04 
Min n.eff:                        101 


Model summary 
============= 
                      mean          sd       2.5%        50%      97.5% Rhat n.eff
mean.M[1, 1]    0.25146992 0.046967565 0.15863489 0.25109983 0.34655823 1.00  4444
mean.M[2, 1]    0.22556177 0.045391339 0.13746533 0.22524890 0.31790737 1.00  4485
mean.M[3, 1]    0.15170274 0.028757372 0.09574480 0.15101568 0.21323349 1.00  4113
mean.M[4, 1]    0.06014820 0.017532412 0.02971875 0.05876414 0.09851108 1.00  3984
mean.M[5, 1]    0.02901813 0.009847859 0.01296923 0.02791138 0.05129316 1.00  4817
mean.M[1, 2]    0.26151534 0.045910494 0.17866431 0.25900394 0.36150633 1.00  5620
mean.M[2, 2]    0.23478381 0.044181912 0.15355785 0.23243565 0.33078638 1.00  5262
mean.M[3, 2]    0.15868252 0.029102959 0.10810357 0.15583968 0.22706836 1.01  4903
mean.M[4, 2]    0.06315404 0.018000700 0.03325831 0.06137119 0.10421464 1.00  5562
mean.M[5, 2]    0.03051717 0.010179617 0.01419063 0.02926882 0.05407788 1.00  5721
mean.M[1, 3]    0.24308716 0.042307007 0.15822785 0.24383601 0.32607786 1.00  2816
mean.M[2, 3]    0.21788220 0.041961515 0.13470163 0.21807483 0.29937439 1.01  2649
mean.M[3, 3]    0.14591738 0.025267008 0.09425508 0.14638560 0.19583036 1.00  3536
mean.M[4, 3]    0.05770643 0.016491675 0.02824626 0.05672705 0.09330223 1.00  3191
mean.M[5, 3]    0.02780357 0.009340675 0.01253016 0.02689380 0.04878599 1.00  2748
mean.M[1, 4]    0.23819636 0.042858579 0.15286717 0.23867110 0.32143706 1.00  1587
mean.M[2, 4]    0.21311528 0.040700462 0.13335581 0.21322553 0.29290276 1.01  1522
mean.M[3, 4]    0.14243194 0.024324532 0.09340675 0.14311787 0.18893590 1.01  2071
mean.M[4, 4]    0.05625762 0.016252608 0.02787286 0.05533241 0.09080072 1.00  2376
mean.M[5, 4]    0.02709984 0.009229022 0.01197766 0.02617616 0.04792875 1.00  2028
mean.M[1, 5]    0.23682081 0.044326058 0.14807081 0.23756167 0.32245611 1.00  1546
mean.M[2, 5]    0.21185795 0.041836858 0.12858964 0.21274923 0.29342156 1.01  1240
mean.M[3, 5]    0.14140091 0.024365134 0.09100835 0.14248683 0.18718874 1.00  1692
mean.M[4, 5]    0.05584524 0.016327814 0.02705586 0.05497876 0.09076545 1.00  1995
mean.M[5, 5]    0.02689451 0.009236966 0.01192480 0.02590557 0.04758915 1.00  1815
mean.M[1, 6]    0.22936026 0.045364602 0.13704387 0.23117498 0.31557653 1.00  1001
mean.M[2, 6]    0.20524505 0.044125045 0.11706372 0.20665946 0.28888734 1.01   875
mean.M[3, 6]    0.13644458 0.025384101 0.08334192 0.13808292 0.18342036 1.00   868
mean.M[4, 6]    0.05379686 0.016426419 0.02496494 0.05290985 0.08892461 1.00  1202
mean.M[5, 6]    0.02587845 0.009204876 0.01099891 0.02490684 0.04662644 1.00  1257
mean.M[1, 7]    0.25842415 0.043251626 0.17809609 0.25688570 0.34940664 1.00  5486
mean.M[2, 7]    0.23165266 0.039858956 0.15721975 0.22969707 0.31482516 1.00  6157
mean.M[3, 7]    0.15610517 0.023916740 0.11230255 0.15456690 0.20892872 1.00  5866
mean.M[4, 7]    0.06199577 0.016437828 0.03393840 0.06051782 0.09823181 1.00  5457
mean.M[5, 7]    0.02995742 0.009577292 0.01444709 0.02887190 0.05166779 1.00  5988
mean.M[1, 8]    0.24633194 0.043130966 0.16246297 0.24607570 0.33252107 1.00  3960
mean.M[2, 8]    0.22070568 0.041470635 0.13940121 0.22074209 0.30431516 1.00  3145
mean.M[3, 8]    0.14782602 0.023740559 0.10152179 0.14750807 0.19600389 1.00  3800
mean.M[4, 8]    0.05847739 0.016115707 0.03056552 0.05729889 0.09309660 1.00  3819
mean.M[5, 8]    0.02821199 0.009278903 0.01304543 0.02718977 0.04909610 1.00  4207
mean.M[1, 9]    0.25428048 0.044669534 0.17011690 0.25290931 0.34841696 1.00  5131
mean.M[2, 9]    0.22790944 0.041675443 0.14914748 0.22699770 0.31386149 1.00  5243
mean.M[3, 9]    0.15337208 0.025630384 0.10482899 0.15212542 0.20908623 1.01  5178
mean.M[4, 9]    0.06066531 0.016033652 0.03273534 0.05949873 0.09565440 1.00  5788
mean.M[5, 9]    0.02938291 0.009636043 0.01361443 0.02832596 0.05132318 1.00  4794
mean.M[1, 10]   0.25831896 0.041062882 0.18212518 0.25704394 0.34386548 1.00  6454
mean.M[2, 10]   0.23194804 0.041304566 0.15543023 0.23016328 0.31846814 1.00  5715
mean.M[3, 10]   0.15637911 0.025484555 0.11115146 0.15438943 0.21301630 1.00  5009
mean.M[4, 10]   0.06193752 0.016050634 0.03463649 0.06036650 0.09773454 1.00  6039
mean.M[5, 10]   0.02998517 0.009612881 0.01446496 0.02886315 0.05191488 1.00  6003
mean.M[1, 11]   0.29627778 0.055056277 0.20790962 0.28897007 0.42327778 1.02   878
mean.M[2, 11]   0.26699227 0.050031313 0.18625558 0.26074793 0.38147230 1.01   944
mean.M[3, 11]   0.18366092 0.038364836 0.12978830 0.17564160 0.27903465 1.02   575
mean.M[4, 11]   0.07403441 0.020869350 0.04190588 0.07104583 0.12329599 1.01  2005
mean.M[5, 11]   0.03606469 0.012250248 0.01770181 0.03415725 0.06550407 1.01  2330
mean.M[1, 12]   0.27502290 0.047098909 0.19478027 0.27062947 0.38231569 1.01  3818
mean.M[2, 12]   0.24713714 0.043555826 0.17324394 0.24323936 0.34461551 1.00  4714
mean.M[3, 12]   0.16801545 0.029445187 0.12218884 0.16374089 0.23831965 1.00  1594
mean.M[4, 12]   0.06709586 0.017931891 0.03802116 0.06500227 0.10808985 1.00  5730
mean.M[5, 12]   0.03247374 0.010291351 0.01617630 0.03119736 0.05643766 1.00  5933
mean.M[1, 13]   0.28134357 0.045498725 0.20226059 0.27729883 0.38047760 1.01  1860
mean.M[2, 13]   0.25323105 0.044389692 0.17712656 0.24901012 0.35284806 1.00  3132
mean.M[3, 13]   0.17258232 0.029651530 0.12703194 0.16779620 0.24305760 1.01  1222
mean.M[4, 13]   0.06919939 0.018626656 0.03936759 0.06674994 0.11198381 1.00  4620
mean.M[5, 13]   0.03346859 0.010360455 0.01674037 0.03220251 0.05724080 1.00  6165
mean.M[1, 14]   0.26135375 0.041639494 0.18518207 0.25935289 0.35015956 1.00  6657
mean.M[2, 14]   0.23435733 0.038410528 0.16380045 0.23255959 0.31437780 1.00  6544
mean.M[3, 14]   0.15824430 0.023884216 0.11592628 0.15637719 0.21108144 1.00  5463
mean.M[4, 14]   0.06288919 0.016372522 0.03487190 0.06146221 0.09912679 1.00  6122
mean.M[5, 14]   0.03034003 0.009333141 0.01501052 0.02933374 0.05139551 1.00  5682
mean.M[1, 15]   0.25160067 0.041488962 0.17184124 0.25096317 0.33604522 1.00  5732
mean.M[2, 15]   0.22544358 0.039360727 0.15056995 0.22464445 0.30634974 1.00  5155
mean.M[3, 15]   0.15139398 0.022651035 0.10836194 0.15106124 0.19782040 1.00  5874
mean.M[4, 15]   0.06004468 0.016287234 0.03217064 0.05861412 0.09578724 1.00  4779
mean.M[5, 15]   0.02888711 0.009055823 0.01412832 0.02785657 0.04952315 1.00  4913
mean.M[1, 16]   0.25250752 0.039147415 0.17885774 0.25182865 0.33279826 1.00  5926
mean.M[2, 16]   0.22646453 0.038937276 0.15350749 0.22522275 0.30598804 1.00  4954
mean.M[3, 16]   0.15219052 0.022694012 0.11038023 0.15132243 0.20071855 1.00  5582
mean.M[4, 16]   0.06026390 0.015787070 0.03302192 0.05896442 0.09494164 1.00  5334
mean.M[5, 16]   0.02903139 0.008956144 0.01429818 0.02808501 0.04923878 1.00  5073
mean.M[1, 17]   0.27940772 0.045729639 0.19959099 0.27555703 0.38149323 1.00  2584
mean.M[2, 17]   0.25112386 0.041554973 0.17990863 0.24725583 0.34350190 1.00  3244
mean.M[3, 17]   0.17103367 0.028158542 0.12639924 0.16696585 0.23697839 1.00  1221
mean.M[4, 17]   0.06844197 0.017845731 0.03950579 0.06642453 0.10943095 1.00  5549
mean.M[5, 17]   0.03311266 0.010124816 0.01669817 0.03202650 0.05615257 1.00  6192
mean.Pi[1]      0.99256506 0.004951126 0.98028613 0.99361904 0.99897115 1.00  2442
mean.Pi[2]      0.99256506 0.004951126 0.98028613 0.99361904 0.99897115 1.00  2442
mean.Pi[3]      0.99256506 0.004951126 0.98028613 0.99361904 0.99897115 1.00  2442
mean.Pi[4]      0.99256506 0.004951126 0.98028613 0.99361904 0.99897115 1.00  2442
mean.Pi[5]      0.99256506 0.004951126 0.98028613 0.99361904 0.99897115 1.00  2442
mean.Pi[6]      0.99256506 0.004951126 0.98028613 0.99361904 0.99897115 1.00  2442
mean.Pi[7]      0.99256506 0.004951126 0.98028613 0.99361904 0.99897115 1.00  2442
mean.Pi[8]      0.99256506 0.004951126 0.98028613 0.99361904 0.99897115 1.00  2442
mean.Pi[9]      0.99256506 0.004951126 0.98028613 0.99361904 0.99897115 1.00  2442
mean.Pi[10]     0.99256506 0.004951126 0.98028613 0.99361904 0.99897115 1.00  2442
mean.Pi[11]     0.99256506 0.004951126 0.98028613 0.99361904 0.99897115 1.00  2442
mean.Pi[12]     0.99256506 0.004951126 0.98028613 0.99361904 0.99897115 1.00  2442
mean.Pi[13]     0.99256506 0.004951126 0.98028613 0.99361904 0.99897115 1.00  2442
mean.Pi[14]     0.99256506 0.004951126 0.98028613 0.99361904 0.99897115 1.00  2442
mean.Pi[15]     0.99256506 0.004951126 0.98028613 0.99361904 0.99897115 1.00  2442
mean.Pi[16]     0.99256506 0.004951126 0.98028613 0.99361904 0.99897115 1.00  2442
mean.Pi[17]     0.99256506 0.004951126 0.98028613 0.99361904 0.99897115 1.00  2442
mean.Pi[18]     0.99256506 0.004951126 0.98028613 0.99361904 0.99897115 1.00  2442
mean.Po[1]      0.11519314 0.009461656 0.09731999 0.11503495 0.13452474 1.00  6901
mean.Po[2]      0.11519314 0.009461656 0.09731999 0.11503495 0.13452474 1.00  6901
mean.Po[3]      0.11519314 0.009461656 0.09731999 0.11503495 0.13452474 1.00  6901
mean.Po[4]      0.11519314 0.009461656 0.09731999 0.11503495 0.13452474 1.00  6901
mean.Po[5]      0.11519314 0.009461656 0.09731999 0.11503495 0.13452474 1.00  6901
mean.Po[6]      0.11519314 0.009461656 0.09731999 0.11503495 0.13452474 1.00  6901
mean.Po[7]      0.11519314 0.009461656 0.09731999 0.11503495 0.13452474 1.00  6901
mean.Po[8]      0.11519314 0.009461656 0.09731999 0.11503495 0.13452474 1.00  6901
mean.Po[9]      0.11519314 0.009461656 0.09731999 0.11503495 0.13452474 1.00  6901
mean.Po[10]     0.11519314 0.009461656 0.09731999 0.11503495 0.13452474 1.00  6901
mean.Po[11]     0.11519314 0.009461656 0.09731999 0.11503495 0.13452474 1.00  6901
mean.Po[12]     0.11519314 0.009461656 0.09731999 0.11503495 0.13452474 1.00  6901
mean.Po[13]     0.11519314 0.009461656 0.09731999 0.11503495 0.13452474 1.00  6901
mean.Po[14]     0.11519314 0.009461656 0.09731999 0.11503495 0.13452474 1.00  6901
mean.Po[15]     0.11519314 0.009461656 0.09731999 0.11503495 0.13452474 1.00  6901
mean.Po[16]     0.11519314 0.009461656 0.09731999 0.11503495 0.13452474 1.00  6901
mean.Po[17]     0.11519314 0.009461656 0.09731999 0.11503495 0.13452474 1.00  6901
mean.Po[18]     0.11519314 0.009461656 0.09731999 0.11503495 0.13452474 1.00  6901
mean.R[1, 1]    0.54873636 0.115959071 0.31596608 0.55160197 0.77185506 1.00  5142
mean.R[2, 1]    0.46798732 0.135221172 0.21139365 0.46684641 0.73124034 1.00  5841
mean.R[3, 1]    0.42127323 0.108658335 0.21663750 0.41820958 0.64114552 1.00  4983
mean.R[4, 1]    0.38822975 0.106187492 0.19334695 0.38402246 0.60692949 1.00  5121
mean.R[5, 1]    0.14334467 0.072745117 0.03723567 0.13241882 0.31493265 1.00  4608
mean.R[1, 2]    0.52919027 0.119972433 0.27793304 0.53460439 0.74800727 1.00  3663
mean.R[2, 2]    0.44896284 0.136720368 0.17987482 0.45007721 0.71043933 1.00  4067
mean.R[3, 2]    0.40252613 0.110203834 0.17903952 0.40278410 0.61242246 1.00  2527
mean.R[4, 2]    0.36972233 0.105419794 0.16494905 0.36939356 0.57717920 1.00  3074
mean.R[5, 2]    0.13337759 0.066124340 0.03279924 0.12345402 0.28599797 1.00  4851
mean.R[1, 3]    0.53473646 0.116075423 0.29736979 0.53724709 0.75190071 1.00  5116
mean.R[2, 3]    0.45425825 0.134228864 0.19322965 0.45387427 0.71254777 1.00  5436
mean.R[3, 3]    0.40766542 0.107666331 0.19421137 0.40705161 0.61978012 1.00  3694
mean.R[4, 3]    0.37483278 0.104176225 0.17697096 0.37311002 0.58418611 1.00  4116
mean.R[5, 3]    0.13573750 0.066599582 0.03552182 0.12636508 0.28772673 1.00  5257
mean.R[1, 4]    0.54709739 0.110700770 0.32705524 0.54803206 0.75854728 1.00  6442
mean.R[2, 4]    0.46603134 0.130680441 0.21822827 0.46619247 0.72024954 1.00  6398
mean.R[3, 4]    0.41905352 0.104773200 0.22133571 0.41664636 0.62799592 1.00  5651
mean.R[4, 4]    0.38616658 0.103219597 0.19660471 0.38327783 0.59646941 1.00  6047
mean.R[5, 4]    0.14157715 0.068929303 0.03837633 0.13121613 0.30120074 1.00  5670
mean.R[1, 5]    0.57133753 0.117151840 0.34792981 0.56890870 0.80602696 1.00  2676
mean.R[2, 5]    0.49086140 0.136581215 0.23461949 0.48800996 0.76134320 1.00  2962
mean.R[3, 5]    0.44404672 0.106777135 0.25303240 0.43771540 0.66521992 1.00  3597
mean.R[4, 5]    0.41095097 0.111593089 0.21209595 0.40407022 0.65561730 1.00  2021
mean.R[5, 5]    0.15628919 0.081447940 0.04167608 0.14206825 0.35473859 1.00  1835
mean.R[1, 6]    0.56222120 0.113654612 0.34184133 0.56204683 0.78381519 1.00  4909
mean.R[2, 6]    0.48122671 0.134240756 0.22738351 0.47891898 0.74662425 1.00  5411
mean.R[3, 6]    0.43423253 0.103292079 0.24295767 0.42987778 0.64424745 1.00  5241
mean.R[4, 6]    0.40114121 0.105297276 0.20982682 0.39693474 0.61763092 1.00  5238
mean.R[5, 6]    0.15028581 0.076085085 0.04101561 0.13832356 0.33155918 1.00  3949
mean.R[1, 7]    0.54003019 0.117781826 0.29826481 0.54328860 0.75996226 1.00  4725
mean.R[2, 7]    0.45951237 0.135415911 0.19693831 0.45928755 0.71975801 1.00  5318
mean.R[3, 7]    0.41305646 0.109953957 0.19625750 0.41121640 0.63131394 1.00  3669
mean.R[4, 7]    0.38026540 0.107353883 0.17649647 0.37829699 0.59580612 1.00  4840
mean.R[5, 7]    0.13928551 0.070503366 0.03427776 0.12873506 0.30507119 1.00  4646
mean.R[1, 8]    0.54415996 0.116713433 0.30667116 0.54726341 0.76451104 1.00  4823
mean.R[2, 8]    0.46327360 0.134144899 0.20749567 0.46275420 0.72113277 1.00  5691
mean.R[3, 8]    0.41651487 0.106307408 0.21102338 0.41496624 0.62907519 1.00  5027
mean.R[4, 8]    0.38384901 0.106116843 0.18641918 0.38070680 0.59808979 1.00  5146
mean.R[5, 8]    0.14079019 0.070212281 0.03579545 0.12994091 0.30555237 1.00  5018
mean.R[1, 9]    0.53320548 0.116879297 0.29200190 0.53727058 0.75234637 1.00  4528
mean.R[2, 9]    0.45281157 0.134161580 0.19123644 0.45335623 0.71061540 1.00  4955
mean.R[3, 9]    0.40580747 0.105760220 0.19833051 0.40506518 0.61398029 1.00  4099
mean.R[4, 9]    0.37330975 0.103863143 0.17609724 0.37207959 0.58202247 1.00  5033
mean.R[5, 9]    0.13528489 0.067121644 0.03441139 0.12555444 0.28836393 1.00  5272
mean.R[1, 10]   0.53774207 0.116214344 0.29738877 0.54042891 0.75533530 1.00  5190
mean.R[2, 10]   0.45703351 0.135004715 0.19820255 0.45771130 0.71893941 1.00  5541
mean.R[3, 10]   0.41042283 0.108092505 0.19975104 0.40805362 0.62248054 1.00  3661
mean.R[4, 10]   0.37760658 0.104127639 0.17998386 0.37628958 0.58540547 1.00  5529
mean.R[5, 10]   0.13774867 0.069363732 0.03455631 0.12738061 0.30080736 1.00  5132
mean.R[1, 11]   0.56470218 0.114822626 0.33976047 0.56523509 0.78966521 1.00  3970
mean.R[2, 11]   0.48367855 0.134924642 0.23231124 0.48076631 0.74807984 1.00  5295
mean.R[3, 11]   0.43693636 0.109188890 0.24107100 0.43164999 0.66515742 1.00  4986
mean.R[4, 11]   0.40365967 0.107886096 0.21037386 0.39881409 0.63437666 1.01  3872
mean.R[5, 11]   0.15185428 0.077628351 0.04060335 0.13925990 0.33739926 1.00  3463
mean.R[1, 12]   0.54032537 0.115749705 0.30323562 0.54321903 0.75756263 1.00  4616
mean.R[2, 12]   0.45967227 0.134434730 0.20019427 0.45922933 0.71914535 1.00  5634
mean.R[3, 12]   0.41295106 0.108236721 0.20513646 0.41130414 0.62822104 1.00  4223
mean.R[4, 12]   0.38020408 0.106054209 0.18260553 0.37669615 0.59568792 1.00  5072
mean.R[5, 12]   0.13902371 0.069805929 0.03495378 0.12840922 0.29929159 1.00  4794
mean.R[1, 13]   0.56868760 0.116639279 0.34492163 0.56832664 0.80054041 1.00  2796
mean.R[2, 13]   0.48806362 0.136732521 0.23270369 0.48630330 0.76318574 1.00  3541
mean.R[3, 13]   0.44150625 0.111190566 0.23994037 0.43525293 0.67486662 1.00  3093
mean.R[4, 13]   0.40829147 0.112932138 0.20977984 0.40177498 0.65476431 1.00  2672
mean.R[5, 13]   0.15511718 0.082318198 0.04101560 0.14032171 0.36279153 1.00  2731
mean.R[1, 14]   0.54171041 0.116584375 0.30297998 0.54475911 0.76253176 1.00  5103
mean.R[2, 14]   0.46095833 0.134199887 0.20380506 0.46029105 0.72049878 1.00  5589
mean.R[3, 14]   0.41416573 0.107480623 0.20823905 0.41231107 0.62872721 1.00  5058
mean.R[4, 14]   0.38147844 0.105544144 0.18492452 0.37868718 0.59531603 1.00  5077
mean.R[5, 14]   0.13928381 0.068754078 0.03554549 0.12920186 0.29573129 1.00  5068
mean.R[1, 15]   0.53452568 0.117636977 0.28855712 0.53850121 0.75399985 1.00  4704
mean.R[2, 15]   0.45398066 0.135108559 0.19398243 0.45324763 0.71422721 1.00  5374
mean.R[3, 15]   0.40735884 0.107797919 0.19629283 0.40697464 0.61707038 1.00  4249
mean.R[4, 15]   0.37477544 0.105802453 0.17595125 0.37283752 0.58703311 1.00  4660
mean.R[5, 15]   0.13600951 0.067596762 0.03422858 0.12610494 0.29162140 1.00  5095
mean.R[1, 16]   0.55195621 0.114916534 0.32461221 0.55230913 0.77399651 1.00  5560
mean.R[2, 16]   0.47114711 0.133698464 0.21404958 0.47079337 0.72883683 1.00  6015
mean.R[3, 16]   0.42425296 0.107578701 0.22464149 0.42006201 0.64117229 1.00  5280
mean.R[4, 16]   0.39118015 0.105979038 0.20033769 0.38681568 0.61207044 1.00  5352
mean.R[5, 16]   0.14503560 0.073335324 0.03745681 0.13352826 0.31873460 1.00  4300
mean.R[1, 17]   0.54056359 0.117667271 0.30097474 0.54281701 0.76302584 1.00  4657
mean.R[2, 17]   0.46001609 0.135028240 0.20003326 0.46049202 0.71835058 1.00  5561
mean.R[3, 17]   0.41325541 0.108852914 0.20191749 0.41219038 0.62988240 1.00  4397
mean.R[4, 17]   0.38059870 0.107586943 0.18027340 0.37752037 0.60054951 1.00  4774
mean.R[5, 17]   0.13935463 0.070609607 0.03471461 0.12826365 0.30414374 1.00  4715
mean.phi[1, 1]  0.94523189 0.060036458 0.77601437 0.96554883 0.99753031 1.00  6176
mean.phi[2, 1]  0.95127367 0.071904629 0.73667655 0.97685855 0.99867288 1.00  5419
mean.phi[3, 1]  0.96032670 0.060492457 0.79437492 0.98133950 0.99898059 1.00  5156
mean.phi[4, 1]  0.71769922 0.209085661 0.21747317 0.77223261 0.97507510 1.00  4708
mean.phi[5, 1]  0.90510333 0.089477695 0.66120717 0.93306597 0.99392531 1.00  6383
mean.phi[1, 2]  0.95854036 0.042484576 0.84147411 0.97230992 0.99786875 1.00  6907
mean.phi[2, 2]  0.96609262 0.042587006 0.84647431 0.98081309 0.99870280 1.00  6882
mean.phi[3, 2]  0.96217006 0.057594129 0.79765979 0.98189445 0.99890508 1.00  6198
mean.phi[4, 2]  0.71415278 0.212334249 0.20201821 0.76879709 0.97415412 1.00  3942
mean.phi[5, 2]  0.37874951 0.187597377 0.07180807 0.36370309 0.76796967 1.00  3505
mean.phi[1, 3]  0.95097575 0.036113959 0.85962925 0.95980194 0.99388486 1.00  7545
mean.phi[2, 3]  0.97338120 0.031003785 0.88413239 0.98384299 0.99886953 1.00  6846
mean.phi[3, 3]  0.97969810 0.024057056 0.91192116 0.98756727 0.99910406 1.00  6350
mean.phi[4, 3]  0.80830696 0.146208522 0.43327217 0.84829709 0.98032908 1.00  5936
mean.phi[5, 3]  0.52214438 0.167123251 0.19554245 0.52471933 0.82732529 1.00  5346
mean.phi[1, 4]  0.85649331 0.074629366 0.67843226 0.86911618 0.96509236 1.00  8025
mean.phi[2, 4]  0.93705096 0.042295961 0.83058368 0.94645734 0.98983937 1.00  7825
mean.phi[3, 4]  0.98535217 0.015630246 0.94331044 0.99044472 0.99918505 1.00  6604
mean.phi[4, 4]  0.85246940 0.112047299 0.56081996 0.88104041 0.98466111 1.00  6567
mean.phi[5, 4]  0.37719441 0.186292199 0.06782028 0.36457155 0.75852696 1.00  3074
mean.phi[1, 5]  0.92832807 0.083983656 0.68881634 0.95779892 0.99704705 1.00  6648
mean.phi[2, 5]  0.94920942 0.043289795 0.83089993 0.96132405 0.99552984 1.00  7451
mean.phi[3, 5]  0.92237279 0.034585406 0.84219761 0.92740713 0.97472295 1.00  7891
mean.phi[4, 5]  0.83439300 0.124494030 0.51344261 0.86687916 0.98243321 1.00  7022
mean.phi[5, 5]  0.73029153 0.183966650 0.29196227 0.77036650 0.96834394 1.00  5109
mean.phi[1, 6]  0.92071466 0.060322514 0.76543721 0.93612678 0.99112515 1.00  7381
mean.phi[2, 6]  0.95612150 0.061189941 0.77636373 0.97771091 0.99874465 1.00  6590
mean.phi[3, 6]  0.93386522 0.028910908 0.86632325 0.93806779 0.97804543 1.00  7766
mean.phi[4, 6]  0.48665834 0.209933645 0.10304934 0.48526417 0.86428395 1.00  3264
mean.phi[5, 6]  0.73316970 0.184931368 0.29075601 0.77457613 0.96963422 1.00  5841
mean.phi[1, 7]  0.89859564 0.126326569 0.52619721 0.94614436 0.99706228 1.00  5529
mean.phi[2, 7]  0.97310917 0.031548204 0.88437014 0.98356492 0.99889529 1.00  7080
mean.phi[3, 7]  0.98911794 0.010859763 0.95945922 0.99246480 0.99930110 1.00  6520
mean.phi[4, 7]  0.95301696 0.043556256 0.83586298 0.96568957 0.99698801 1.00  7158
mean.phi[5, 7]  0.85674393 0.143479511 0.44838029 0.90552154 0.99272995 1.00  6529
mean.phi[1, 8]  0.92743926 0.084332216 0.68535837 0.95675741 0.99719120 1.00  7337
mean.phi[2, 8]  0.94228784 0.091995445 0.66925744 0.97445238 0.99861255 1.00  5826
mean.phi[3, 8]  0.97922833 0.016046661 0.93692774 0.98345449 0.99757838 1.00  7178
mean.phi[4, 8]  0.96785618 0.028803777 0.89121581 0.97596523 0.99751539 1.00  7235
mean.phi[5, 8]  0.65884719 0.223959070 0.15639236 0.70049956 0.96366014 1.00  4207
mean.phi[1, 9]  0.89930565 0.128993627 0.50351435 0.94817841 0.99675947 1.00  5961
mean.phi[2, 9]  0.95565329 0.063666724 0.77216283 0.97804534 0.99861126 1.00  6613
mean.phi[3, 9]  0.94920840 0.034357927 0.86248178 0.95685791 0.99186778 1.00  7599
mean.phi[4, 9]  0.95013892 0.028732292 0.87930560 0.95568371 0.98917922 1.00  8042
mean.phi[5, 9]  0.85986224 0.142052577 0.45353430 0.90821732 0.99314155 1.00  5427
mean.phi[1, 10] 0.95044367 0.036413387 0.85581328 0.95947766 0.99356094 1.00  7618
mean.phi[2, 10] 0.94347278 0.087710041 0.68812276 0.97444631 0.99864660 1.00  5985
mean.phi[3, 10] 0.98033877 0.022716613 0.91583394 0.98791633 0.99912057 1.01  6990
mean.phi[4, 10] 0.95329414 0.026377507 0.88845719 0.95821636 0.98909740 1.00  7581
mean.phi[5, 10] 0.93992782 0.053235499 0.79864250 0.95595384 0.99534547 1.00  7141
mean.phi[1, 11] 0.92623943 0.056267358 0.77843162 0.94075964 0.99140690 1.00  7787
mean.phi[2, 11] 0.96187170 0.031212775 0.87969504 0.97039702 0.99646190 1.00  7785
mean.phi[3, 11] 0.97877522 0.025552339 0.90820383 0.98743385 0.99908332 1.00  6107
mean.phi[4, 11] 0.94320682 0.032024082 0.86503172 0.94947380 0.98732591 1.00  7815
mean.phi[5, 11] 0.93299451 0.044464803 0.82131132 0.94284789 0.98935802 1.00  7627
mean.phi[1, 12] 0.84010843 0.099315044 0.59755925 0.86099902 0.97279193 1.00  7067
mean.phi[2, 12] 0.97545041 0.027325075 0.89926302 0.98485831 0.99894384 1.00  7117
mean.phi[3, 12] 0.98406222 0.017331045 0.93628668 0.98978134 0.99921122 1.00  6030
mean.phi[4, 12] 0.96972560 0.027025042 0.89605767 0.97756094 0.99748654 1.00  7284
mean.phi[5, 12] 0.97567338 0.019176497 0.92573207 0.98069976 0.99739121 1.00  6317
mean.phi[1, 13] 0.92400529 0.046139598 0.81037323 0.93302916 0.98540405 1.00  7890
mean.phi[2, 13] 0.91964607 0.073431325 0.72087992 0.94181103 0.99415697 1.00  6777
mean.phi[3, 13] 0.97418742 0.020579350 0.91983389 0.97960456 0.99723379 1.00  6982
mean.phi[4, 13] 0.91758358 0.061226576 0.76203536 0.93350460 0.98978051 1.00  7535
mean.phi[5, 13] 0.97933118 0.015846318 0.93791232 0.98342710 0.99783039 1.00  6380
mean.phi[1, 14] 0.95704009 0.044820983 0.83105495 0.97154023 0.99765953 1.00  6856
mean.phi[2, 14] 0.98056996 0.020559207 0.92386112 0.98732935 0.99896008 1.00  7103
mean.phi[3, 14] 0.97582078 0.019223137 0.92459668 0.98093686 0.99721461 1.00  7506
mean.phi[4, 14] 0.95694910 0.040723931 0.84710308 0.96929667 0.99714683 1.00  6986
mean.phi[5, 14] 0.94098768 0.028216068 0.87470223 0.94567509 0.98264476 1.00  7846
mean.phi[1, 15] 0.94887465 0.055418152 0.79239001 0.96676583 0.99756352 1.00  7017
mean.phi[2, 15] 0.97312795 0.031251066 0.88529058 0.98373072 0.99888263 1.00  7286
mean.phi[3, 15] 0.98173929 0.013890471 0.94560261 0.98524300 0.99784025 1.00  7009
mean.phi[4, 15] 0.90690835 0.099786534 0.62608418 0.94154214 0.99554604 1.00  6589
mean.phi[5, 15] 0.98133645 0.014043240 0.94516715 0.98486368 0.99793030 1.00  6054
mean.phi[1, 16] 0.95404964 0.033240295 0.86873686 0.96223453 0.99356078 1.00  7566
mean.phi[2, 16] 0.97123230 0.034362266 0.87386031 0.98296455 0.99899220 1.00  6746
mean.phi[3, 16] 0.98908570 0.010736201 0.95897334 0.99243445 0.99928957 1.00  6867
mean.phi[4, 16] 0.94823231 0.036119099 0.85591965 0.95691020 0.99235355 1.00  7734
mean.phi[5, 16] 0.98163214 0.013910951 0.94558713 0.98520667 0.99788010 1.00  5652
mean.phi[1, 17] 0.96020754 0.040117307 0.84823683 0.97284347 0.99776270 1.00  6554
mean.phi[2, 17] 0.98019739 0.020395120 0.92481161 0.98681894 0.99895051 1.00  6538
mean.phi[3, 17] 0.98798965 0.012310812 0.95408389 0.99179584 0.99928103 1.00  6214
mean.phi[4, 17] 0.97365018 0.022906267 0.91262095 0.98018876 0.99790512 1.00  6023
mean.phi[5, 17] 0.98020761 0.015126573 0.94091163 0.98416275 0.99777249 1.00  6077
mean.r[1]       0.94319941 0.027497068 0.87841096 0.94715669 0.98423147 1.00  5003
mean.r[2]       0.94319941 0.027497068 0.87841096 0.94715669 0.98423147 1.00  5003
mean.r[3]       0.94319941 0.027497068 0.87841096 0.94715669 0.98423147 1.00  5003
mean.r[4]       0.94319941 0.027497068 0.87841096 0.94715669 0.98423147 1.00  5003
mean.r[5]       0.94319941 0.027497068 0.87841096 0.94715669 0.98423147 1.00  5003
mean.r[6]       0.94319941 0.027497068 0.87841096 0.94715669 0.98423147 1.00  5003
mean.r[7]       0.94319941 0.027497068 0.87841096 0.94715669 0.98423147 1.00  5003
mean.r[8]       0.94319941 0.027497068 0.87841096 0.94715669 0.98423147 1.00  5003
mean.r[9]       0.94319941 0.027497068 0.87841096 0.94715669 0.98423147 1.00  5003
mean.r[10]      0.94319941 0.027497068 0.87841096 0.94715669 0.98423147 1.00  5003
mean.r[11]      0.94319941 0.027497068 0.87841096 0.94715669 0.98423147 1.00  5003
mean.r[12]      0.94319941 0.027497068 0.87841096 0.94715669 0.98423147 1.00  5003
mean.r[13]      0.94319941 0.027497068 0.87841096 0.94715669 0.98423147 1.00  5003
mean.r[14]      0.94319941 0.027497068 0.87841096 0.94715669 0.98423147 1.00  5003
mean.r[15]      0.94319941 0.027497068 0.87841096 0.94715669 0.98423147 1.00  5003
mean.r[16]      0.94319941 0.027497068 0.87841096 0.94715669 0.98423147 1.00  5003
mean.r[17]      0.94319941 0.027497068 0.87841096 0.94715669 0.98423147 1.00  5003
mean.r[18]      0.94319941 0.027497068 0.87841096 0.94715669 0.98423147 1.00  5003
mu.M[1]         0.25515318 0.033028724 0.19280567 0.25461089 0.32203045 1.00  5393
mu.M[2]         0.22869846 0.032261736 0.16887766 0.22788509 0.29483040 1.00  4472
mu.M[3]         0.15374700 0.016254052 0.12347157 0.15303765 0.18705367 1.00  4427
mu.M[4]         0.06087013 0.014333308 0.03596164 0.05973028 0.09196629 1.00  4707
mu.M[5]         0.02936455 0.008537402 0.01507873 0.02848378 0.04821549 1.00  4582
mu.Pi           0.99256506 0.004951126 0.98028613 0.99361904 0.99897115 1.00  2442
mu.Po           0.11519314 0.009461656 0.09731999 0.11503495 0.13452474 1.00  6901
mu.R[1]         0.54018726 0.105334919 0.33172777 0.54167426 0.73808351 1.00  6377
mu.R[2]         0.45862588 0.125352477 0.22213068 0.45798998 0.70362160 1.00  6755
mu.R[3]         0.41136985 0.096676831 0.22787665 0.40928257 0.60339801 1.00  4875
mu.R[4]         0.37838430 0.094042282 0.20315505 0.37646592 0.56705562 1.00  5938
mu.R[5]         0.13678154 0.063181968 0.03817143 0.12872793 0.28040804 1.00  5696
mu.phi[1]       0.94189837 0.025692048 0.88042162 0.94661887 0.97889239 1.00  1559
mu.phi[2]       0.97066841 0.016661589 0.92944821 0.97403161 0.99226699 1.01  2091
mu.phi[3]       0.97920236 0.009612795 0.95565669 0.98090628 0.99261825 1.00  1144
mu.phi[4]       0.91902356 0.031606341 0.84443633 0.92375609 0.96631925 1.00  1572
mu.phi[5]       0.87899455 0.043735051 0.77650951 0.88549273 0.94602471 1.01  1454
mu.r            0.94319941 0.027497068 0.87841096 0.94715669 0.98423147 1.00  5003
sigma.M         0.16475020 0.106393337 0.01186620 0.15661405 0.39226032 1.04   186
sigma.R         0.17848316 0.171092896 0.01422122 0.11903133 0.66688296 1.04   101
sigma.phi       1.34553682 0.206524481 0.96799770 1.33718884 1.78067597 1.00   753
