Information and diagnostics 
=========================== 
Total iter:                       10000 
Thin:                             1 
Num chains:                       3 
Max Rhat:                         1.05 
Min n.eff:                        0 


Model summary 
============= 
                       mean          sd          2.5%          50%       97.5% Rhat n.eff
betaVR.R[1]      0.01386373 0.670814813 -1.2334324556 -0.014012661  1.40177825 1.00  5961
betaVR.R[2]      0.57386468 0.702513200 -0.7380162498  0.567344922  2.01830554 1.00  4069
betaVR.R[3]      0.09599902 0.602935077 -1.0409533273  0.082086421  1.34273214 1.00  4340
betaVR.R[4]     -0.65906279 0.453980895 -1.5945340011 -0.655264109  0.22118701 1.00  3093
betaVR.R[5]      0.56335344 0.618367194 -0.6465312886  0.563371319  1.79236347 1.00  4703
betaVR.R[6]      0.03175591 0.443688694 -0.8451373546  0.027356231  0.91038452 1.00  2853
betaVR.phi[1]    0.48707855 0.262276448 -0.0403136813  0.489224218  0.98935418 1.00  1542
betaVR.phi[2]    0.01826208 0.347114245 -0.6809925944  0.027565045  0.67072195 1.00  2957
betaVR.phi[3]   -0.10506988 0.314932791 -0.7492984141 -0.096546422  0.48558094 1.00  2213
betaVR.phi[4]   -0.10213484 0.246120973 -0.5826050935 -0.103610061  0.38591034 1.00  1783
betaVR.phi[5]    0.25845314 0.292935375 -0.3325023935  0.260282853  0.83133337 1.00  2057
betaVR.phi[6]    0.22798562 0.263404135 -0.3195599007  0.236562045  0.73179292 1.00  1400
betaX.R         -0.83065288 0.246165206 -1.3257237286 -0.825996734 -0.35869195 1.00  2751
betaX.phi        0.40122043 0.085809315  0.2306038526  0.401295517  0.56880723 1.00  3990
mean.R[1, 1]     0.04674210 0.093306397  0.0009586264  0.018046069  0.31613839 1.01  1137
mean.R[2, 1]     0.24304955 0.222816463  0.0177718425  0.163651144  0.87266629 1.00  1217
mean.R[3, 1]     0.15187296 0.172454761  0.0106920727  0.090028170  0.71335391 1.00   873
mean.R[4, 1]     0.16192571 0.173841770  0.0081296864  0.104971985  0.71924067 1.01  1105
mean.R[5, 1]     0.40726099 0.241803691  0.0647826727  0.355195259  0.93825959 1.00  2292
mean.R[6, 1]     0.18837295 0.172146184  0.0302633246  0.129379630  0.73135130 1.01   843
mean.R[1, 2]     0.01316311 0.014078459  0.0005062536  0.008804803  0.05059145 1.00  3258
mean.R[2, 2]     0.08705079 0.062854593  0.0072513797  0.074332403  0.24288402 1.00  3791
mean.R[3, 2]     0.05869300 0.045748357  0.0045390610  0.047997640  0.17712826 1.00  4287
mean.R[4, 2]     0.08872805 0.060170924  0.0073426746  0.077893700  0.23814592 1.00  2958
mean.R[5, 2]     0.19692395 0.109358662  0.0183726889  0.188490427  0.43496597 1.01  1671
mean.R[6, 2]     0.07700073 0.048505218  0.0075450409  0.069947180  0.19354858 1.00  3195
mean.R[1, 3]     0.01315788 0.012828238  0.0007613326  0.009177097  0.04778346 1.00  3651
mean.R[2, 3]     0.08911983 0.058578709  0.0128044465  0.077626554  0.23281367 1.00  3980
mean.R[3, 3]     0.06057311 0.046296389  0.0067837889  0.049060625  0.18040969 1.00  3757
mean.R[4, 3]     0.08839620 0.057350291  0.0113267858  0.077845513  0.22999746 1.00  3524
mean.R[5, 3]     0.20185615 0.102176379  0.0343213981  0.192370191  0.42599805 1.01  1704
mean.R[6, 3]     0.07814453 0.045371030  0.0128682234  0.071511263  0.18701094 1.00  3946
mean.R[1, 4]     0.01419160 0.015212371  0.0006993748  0.009399525  0.05463988 1.00  3895
mean.R[2, 4]     0.11444448 0.076567348  0.0168575500  0.097893849  0.30536552 1.00  5202
mean.R[3, 4]     0.06482604 0.051600924  0.0070373271  0.051664760  0.19832974 1.00  4452
mean.R[4, 4]     0.06972838 0.049255779  0.0084222561  0.058950056  0.19470856 1.00  3553
mean.R[5, 4]     0.25408428 0.140929164  0.0363569190  0.237843562  0.57194431 1.00  2528
mean.R[6, 4]     0.08145646 0.049799259  0.0127299758  0.072788965  0.20328964 1.00  3569
mean.R[1, 5]     0.02765570 0.038959030  0.0003369233  0.013475102  0.13874926 1.00  7443
mean.R[2, 5]     0.07993306 0.112868034  0.0009885592  0.034428091  0.42684334 1.00  4807
mean.R[3, 5]     0.09728286 0.110346070  0.0025308023  0.057734025  0.40976481 1.00  5221
mean.R[4, 5]     0.32138568 0.158046597  0.0765720503  0.300499931  0.67583817 1.00  7270
mean.R[5, 5]     0.13661860 0.139784704  0.0064837834  0.088625479  0.54220524 1.00  4913
mean.R[6, 5]     0.11595615 0.097771578  0.0115092860  0.088214705  0.38234694 1.01  4378
mean.R[1, 6]     0.01658398 0.024448490  0.0001895838  0.007614535  0.08626193 1.01  5358
mean.R[2, 6]     0.05358485 0.076958894  0.0006721178  0.023858974  0.28366416 1.00  3717
mean.R[3, 6]     0.06495906 0.083378256  0.0012943356  0.035451217  0.30685729 1.00  4013
mean.R[4, 6]     0.20556808 0.132667172  0.0238185493  0.182296588  0.51749342 1.00  3031
mean.R[5, 6]     0.08691407 0.076060453  0.0051769158  0.064979001  0.28677592 1.00  4548
mean.R[6, 6]     0.06794630 0.052888448  0.0069346531  0.054652676  0.20583870 1.00  3534
mean.R[1, 7]     0.01983191 0.028290982  0.0002180592  0.009496426  0.10079231 1.00  6282
mean.R[2, 7]     0.06313637 0.095149727  0.0006409898  0.025632493  0.35253481 1.00  4259
mean.R[3, 7]     0.07630719 0.094762053  0.0014909904  0.042303972  0.35654005 1.00  4671
mean.R[4, 7]     0.25056892 0.141424410  0.0417315470  0.228610213  0.57609083 1.00  5412
mean.R[5, 7]     0.10617516 0.110088737  0.0043625866  0.070595940  0.41603822 1.00  5468
mean.R[6, 7]     0.08701321 0.077692381  0.0070759140  0.064684227  0.29831701 1.01  5154
mean.R[1, 8]     0.01949190 0.018437326  0.0016395624  0.014055491  0.06851553 1.00  3829
mean.R[2, 8]     0.11006101 0.069868256  0.0225913919  0.093767298  0.28705679 1.01  3751
mean.R[3, 8]     0.08703355 0.064130461  0.0142299199  0.070276062  0.25568089 1.01  3299
mean.R[4, 8]     0.14657097 0.069963539  0.0464694579  0.134088884  0.31930070 1.01  4545
mean.R[5, 8]     0.23350774 0.086710376  0.0955634648  0.222445707  0.43393856 1.00  5980
mean.R[6, 8]     0.11096434 0.056236577  0.0361384754  0.099346489  0.25352268 1.01  3372
mean.R[1, 9]     0.01801943 0.015940106  0.0016681724  0.013527792  0.06022747 1.00  4103
mean.R[2, 9]     0.11544662 0.069874662  0.0270198098  0.099938559  0.29426832 1.01  4254
mean.R[3, 9]     0.08299415 0.058808354  0.0148692178  0.067903121  0.24020028 1.00  3874
mean.R[4, 9]     0.12394430 0.061430382  0.0369860971  0.112664508  0.27377912 1.01  5002
mean.R[5, 9]     0.24648244 0.089578479  0.0984220517  0.237238562  0.44344229 1.00  6711
mean.R[6, 9]     0.10581379 0.051663154  0.0343718933  0.095999017  0.23449701 1.01  5306
mean.R[1, 10]    0.02327661 0.025656821  0.0016123130  0.015631732  0.09259900 1.00  2960
mean.R[2, 10]    0.11505224 0.085552487  0.0177152524  0.092704008  0.34013015 1.01  3022
mean.R[3, 10]    0.10034477 0.086439838  0.0125412659  0.074869739  0.34525308 1.00  2608
mean.R[4, 10]    0.18548356 0.106210039  0.0510610801  0.161751486  0.46176320 1.01  2024
mean.R[5, 10]    0.23730151 0.112318703  0.0769377560  0.216451972  0.51486581 1.00  2738
mean.R[6, 10]    0.12753515 0.083228241  0.0331596723  0.105555457  0.35402555 1.01  1453
mean.R[1, 11]    0.02158818 0.027568135  0.0008138927  0.012604745  0.09815005 1.00  5424
mean.R[2, 11]    0.18301296 0.126234048  0.0274445624  0.151663724  0.50459953 1.01  7042
mean.R[3, 11]    0.08973547 0.074110477  0.0105316576  0.068873280  0.29039999 1.00  6801
mean.R[4, 11]    0.07697412 0.067540313  0.0070610497  0.057948257  0.25565487 1.01  4728
mean.R[5, 11]    0.35848684 0.192372914  0.0528073442  0.336536271  0.77070746 1.00  5187
mean.R[6, 11]    0.11114517 0.078201237  0.0165038806  0.093286108  0.31513023 1.00  5495
mean.R[1, 12]    0.01241016 0.015358128  0.0003150100  0.007227322  0.05461150 1.00  3191
mean.R[2, 12]    0.11484191 0.087497885  0.0092385778  0.093713647  0.33685179 1.00  2623
mean.R[3, 12]    0.05588685 0.049750027  0.0033002427  0.041824398  0.18754053 1.00  2755
mean.R[4, 12]    0.04881343 0.043352264  0.0022627737  0.036979660  0.16322571 1.00  2145
mean.R[5, 12]    0.25549790 0.168833139  0.0159809900  0.230377581  0.63729174 1.01   945
mean.R[6, 12]    0.06921347 0.049903994  0.0047267429  0.059278129  0.19222354 1.00  1098
mean.R[1, 13]    0.02298107 0.023803421  0.0013410003  0.015462006  0.08812297 1.00  4788
mean.R[2, 13]    0.18697128 0.110192491  0.0420810052  0.163440981  0.46054328 1.01  3618
mean.R[3, 13]    0.10077787 0.072402235  0.0161635660  0.082127016  0.28840811 1.01  3931
mean.R[4, 13]    0.09699923 0.069941962  0.0156158698  0.078866764  0.28449196 1.01  4070
mean.R[5, 13]    0.36844489 0.164847509  0.0967546908  0.352914823  0.71751861 1.00  5227
mean.R[6, 13]    0.12263911 0.064719249  0.0354417452  0.109961726  0.28364812 1.01  6214
mean.R[1, 14]    0.01837267 0.019528080  0.0010555523  0.012374372  0.07133809 1.00  5034
mean.R[2, 14]    0.14997817 0.095414126  0.0290045727  0.128997249  0.39215870 1.00  6366
mean.R[3, 14]    0.08244762 0.062862036  0.0115758480  0.066149345  0.24762639 1.00  5592
mean.R[4, 14]    0.08313398 0.058090629  0.0126418754  0.069224651  0.23259014 1.00  4595
mean.R[5, 14]    0.31110799 0.151241853  0.0686226704  0.294131578  0.64431625 1.00  5282
mean.R[6, 14]    0.10141476 0.056497506  0.0234314367  0.091001044  0.24156626 1.00  6306
mean.R[1, 15]    0.01606066 0.015883930  0.0009276396  0.011376834  0.05926281 1.00  4247
mean.R[2, 15]    0.12125911 0.074386823  0.0218649177  0.106057789  0.30874567 1.01  6325
mean.R[3, 15]    0.07365784 0.055717737  0.0096559536  0.059846939  0.21813447 1.00  5135
mean.R[4, 15]    0.08767843 0.058955889  0.0126456794  0.075215656  0.23674272 1.00  4902
mean.R[5, 15]    0.26700273 0.134725432  0.0467141267  0.254511083  0.56923064 1.00  4454
mean.R[6, 15]    0.09404319 0.055394374  0.0165206137  0.084007365  0.23076703 1.00  5672
mean.R[1, 16]    0.01306882 0.013261282  0.0006599178  0.008963218  0.04809208 1.00  3704
mean.R[2, 16]    0.09495238 0.057954271  0.0143882372  0.084279008  0.23612703 1.00  4577
mean.R[3, 16]    0.05945382 0.044629692  0.0068534246  0.048242623  0.17614275 1.00  3860
mean.R[4, 16]    0.07573787 0.051319832  0.0089068404  0.065377017  0.20228142 1.00  2705
mean.R[5, 16]    0.22020918 0.117331102  0.0320895241  0.207720594  0.47853628 1.01  1437
mean.R[6, 16]    0.07682181 0.045414478  0.0112866332  0.069625088  0.18248676 1.00  3251
mean.R[1, 17]    0.01309981 0.017662761  0.0003658919  0.007759804  0.05468552 1.01  4818
mean.R[2, 17]    0.09646035 0.087728636  0.0050741555  0.073083747  0.33060934 1.00  3696
mean.R[3, 17]    0.05226911 0.044439430  0.0031199680  0.040846492  0.16925474 1.00  3221
mean.R[4, 17]    0.07378430 0.061694621  0.0032563783  0.058816039  0.22977227 1.00  2823
mean.R[5, 17]    0.22186929 0.166225930  0.0136321101  0.185688960  0.65425753 1.01  2124
mean.R[6, 17]    0.07343335 0.053615008  0.0054441437  0.062856644  0.20574030 1.00  2635
mean.p[1]        0.98957036 0.014422509  0.9693819227  0.991675184  0.99791463 1.05  4539
mean.p[2]        0.99130273 0.005179569  0.9789799769  0.992084040  0.99821975 1.01  4429
mean.p[3]        0.99163192 0.004791270  0.9803348414  0.992265387  0.99831918 1.00  4759
mean.p[4]        0.99184729 0.004416101  0.9815986671  0.992399653  0.99850674 1.00  4483
mean.p[5]        0.99027470 0.005583585  0.9760277101  0.991385725  0.99715084 1.01  3602
mean.p[6]        0.99209987 0.004066074  0.9826507691  0.992549971  0.99840305 1.00  4316
mean.p[7]        0.98814646 0.007704748  0.9666720775  0.990202218  0.99618788 1.00  1126
mean.p[8]        0.99030255 0.005364650  0.9763242399  0.991368930  0.99714010 1.00  4526
mean.p[9]        0.99011602 0.005615158  0.9753674565  0.991255699  0.99711463 1.01  4166
mean.p[10]       0.99198220 0.004230531  0.9820234004  0.992489506  0.99842220 1.00  4671
mean.p[11]       0.99204369 0.004202769  0.9823206826  0.992538912  0.99839003 1.00  4242
mean.p[12]       0.99232582 0.003990425  0.9833528927  0.992732576  0.99858467 1.01  4087
mean.p[13]       0.99233155 0.003929652  0.9832596330  0.992729183  0.99855718 1.00  4410
mean.p[14]       0.99218258 0.004070298  0.9827802841  0.992645310  0.99848314 1.01  3703
mean.p[15]       0.99082154 0.004695959  0.9787070068  0.991643622  0.99726243 1.00  5130
mean.p[16]       0.99113291 0.004348780  0.9802194058  0.991803179  0.99743905 1.00  5495
mean.p[17]       0.99124034 0.004294997  0.9808446131  0.991912089  0.99743111 1.00  5260
mean.p[18]       0.98999379 0.007732817  0.9699047596  0.991577493  0.99810217 1.04  2019
mean.phi[1, 1]   0.83176269 0.096434690  0.6019011330  0.848443697  0.96906329 1.00  5963
mean.phi[2, 1]   0.89089945 0.075009769  0.6970843147  0.908632180  0.98125260 1.00  7036
mean.phi[3, 1]   0.88353903 0.071835706  0.7031590536  0.898976575  0.97729303 1.00  6714
mean.phi[4, 1]   0.92019562 0.058050997  0.7648906131  0.934523270  0.98703235 1.00  5668
mean.phi[5, 1]   0.92071920 0.056834250  0.7750363886  0.934383184  0.98842208 1.00  6015
mean.phi[6, 1]   0.82995203 0.077014920  0.6539993176  0.839674789  0.95057476 1.00  5655
mean.phi[1, 2]   0.84714845 0.065938598  0.6958793036  0.855873575  0.95181204 1.00  5207
mean.phi[2, 2]   0.90181463 0.059305309  0.7525855459  0.913944648  0.97957720 1.00  6260
mean.phi[3, 2]   0.74940966 0.111104453  0.4898025582  0.767177166  0.91342149 1.00  4477
mean.phi[4, 2]   0.92047077 0.044420326  0.8108612575  0.929415440  0.97970540 1.00  6746
mean.phi[5, 2]   0.92033258 0.048131658  0.8005242943  0.930556814  0.98319519 1.00  5259
mean.phi[6, 2]   0.62829746 0.099250477  0.4217636237  0.633375656  0.80748223 1.00  7351
mean.phi[1, 3]   0.71806490 0.087610898  0.5268562792  0.725033075  0.86731951 1.00  6681
mean.phi[2, 3]   0.91804539 0.040293531  0.8218985050  0.924592203  0.97724628 1.00  6106
mean.phi[3, 3]   0.79963616 0.093921413  0.5770207963  0.814172725  0.93913431 1.00  6107
mean.phi[4, 3]   0.95328230 0.027118887  0.8853352478  0.958766465  0.98933253 1.00  5390
mean.phi[5, 3]   0.85500296 0.074716363  0.6695644600  0.869578182  0.95812798 1.00  6101
mean.phi[6, 3]   0.67947412 0.094404391  0.4798713658  0.686242069  0.84575604 1.00  7154
mean.phi[1, 4]   0.58981678 0.117368727  0.3416555419  0.597580733  0.79547518 1.00  3941
mean.phi[2, 4]   0.89233215 0.056430228  0.7548742833  0.902558593  0.97249412 1.00  6912
mean.phi[3, 4]   0.90791996 0.045057560  0.7984252876  0.915421988  0.97298312 1.00  4266
mean.phi[4, 4]   0.89301587 0.045066410  0.7888892417  0.899539247  0.96110664 1.00  6754
mean.phi[5, 4]   0.93588326 0.039023198  0.8397031002  0.944287266  0.98656269 1.00  6424
mean.phi[6, 4]   0.70429872 0.097023685  0.4951709333  0.712954585  0.86953052 1.00  7093
mean.phi[1, 5]   0.53732808 0.114859069  0.3126751504  0.537972177  0.75643229 1.00  7616
mean.phi[2, 5]   0.83566466 0.110548872  0.5525698535  0.860782415  0.97616257 1.00  4857
mean.phi[3, 5]   0.84912006 0.084495690  0.6432270338  0.864464860  0.96726363 1.00  6335
mean.phi[4, 5]   0.93009423 0.030404466  0.8572113496  0.934484089  0.97600503 1.00  8623
mean.phi[5, 5]   0.91161886 0.052373851  0.7858353391  0.921494204  0.98331393 1.00  4306
mean.phi[6, 5]   0.71426204 0.103617272  0.4923657070  0.722255411  0.88941844 1.00  3849
mean.phi[1, 6]   0.55896464 0.176493950  0.2083829187  0.564720777  0.87477028 1.00  4018
mean.phi[2, 6]   0.86779782 0.083446272  0.6619963723  0.885331977  0.97620851 1.00  5603
mean.phi[3, 6]   0.88047896 0.086737756  0.6552950049  0.902095262  0.98324098 1.00  4505
mean.phi[4, 6]   0.96315544 0.019240800  0.9161838090  0.966623651  0.99006102 1.00  5542
mean.phi[5, 6]   0.72164869 0.091316715  0.5239168110  0.728287172  0.87602053 1.00  7945
mean.phi[6, 6]   0.39412967 0.109504740  0.1938316976  0.390780904  0.61750667 1.00  5371
mean.phi[1, 7]   0.42771547 0.124155685  0.1991078155  0.423916051  0.67313679 1.00  6300
mean.phi[2, 7]   0.85375521 0.117099212  0.5479901519  0.887569114  0.98502731 1.00  4474
mean.phi[3, 7]   0.86584262 0.085226578  0.6588775829  0.884661976  0.97652722 1.00  4728
mean.phi[4, 7]   0.93526799 0.027174251  0.8722711533  0.939350935  0.97657518 1.00  8722
mean.phi[5, 7]   0.91480830 0.051140103  0.7890857838  0.924985422  0.98403007 1.00  3787
mean.phi[6, 7]   0.65534963 0.141938850  0.3568601589  0.666200131  0.89557654 1.00  4273
mean.phi[1, 8]   0.61061836 0.138987778  0.3176476586  0.621344428  0.84922224 1.00  5767
mean.phi[2, 8]   0.83219516 0.084855433  0.6237244449  0.847878801  0.95045574 1.00  6271
mean.phi[3, 8]   0.85162317 0.094368667  0.6084629962  0.873409024  0.97024050 1.00  5725
mean.phi[4, 8]   0.90850285 0.034740629  0.8274412962  0.913396559  0.96305133 1.00  6890
mean.phi[5, 8]   0.76331292 0.070978232  0.6066193550  0.769115393  0.88246886 1.00  5756
mean.phi[6, 8]   0.48319832 0.122322881  0.2454894784  0.484232852  0.71920466 1.00  5235
mean.phi[1, 9]   0.71240079 0.068235480  0.5717706810  0.715934134  0.83534592 1.00  7741
mean.phi[2, 9]   0.87543833 0.079828367  0.6725793040  0.893380103  0.97641145 1.00  6398
mean.phi[3, 9]   0.88091230 0.069831522  0.7050136054  0.895955653  0.97334313 1.00  6504
mean.phi[4, 9]   0.82680639 0.065664541  0.6748423665  0.835432977  0.93043693 1.00  4432
mean.phi[5, 9]   0.82694661 0.052950303  0.7081447816  0.832380086  0.91653382 1.00  7158
mean.phi[6, 9]   0.40206740 0.118122912  0.1814436706  0.399660855  0.63252084 1.00  2517
mean.phi[1, 10]  0.71202205 0.096571023  0.5024659796  0.719048955  0.87811600 1.00  6834
mean.phi[2, 10]  0.90578046 0.042168406  0.8075365104  0.911775676  0.96936848 1.00  6949
mean.phi[3, 10]  0.85991200 0.087805362  0.6385711739  0.879298474  0.97278679 1.00  5704
mean.phi[4, 10]  0.92654390 0.041170958  0.8239192880  0.935078806  0.98155796 1.00  6744
mean.phi[5, 10]  0.87006553 0.046695904  0.7638331113  0.876106132  0.94496374 1.00  7880
mean.phi[6, 10]  0.71112772 0.115086892  0.4597104466  0.722305516  0.90201655 1.00  6443
mean.phi[1, 11]  0.86916154 0.060675421  0.7281030172  0.878816529  0.95975609 1.00  6056
mean.phi[2, 11]  0.84104284 0.080739587  0.6470120058  0.855332439  0.95448718 1.00  7290
mean.phi[3, 11]  0.86752070 0.053574103  0.7459812012  0.874020848  0.95203350 1.00  8050
mean.phi[4, 11]  0.93771719 0.039311588  0.8386535271  0.945955284  0.98839219 1.00  5722
mean.phi[5, 11]  0.95240984 0.028688242  0.8825091727  0.958305619  0.99046577 1.00  4487
mean.phi[6, 11]  0.81688370 0.080902885  0.6318244307  0.827402807  0.94240262 1.00  6028
mean.phi[1, 12]  0.67117149 0.085347069  0.4908609152  0.676280350  0.82452514 1.00  6678
mean.phi[2, 12]  0.87574704 0.059696105  0.7318693033  0.885684412  0.96340815 1.00  8214
mean.phi[3, 12]  0.74864642 0.105756955  0.5080967724  0.762410068  0.91500148 1.00  5769
mean.phi[4, 12]  0.90964928 0.039803171  0.8156796255  0.915606681  0.96956594 1.00  7498
mean.phi[5, 12]  0.92089003 0.045408813  0.8092842417  0.930295451  0.98125576 1.00  6331
mean.phi[6, 12]  0.70208086 0.076851581  0.5414906976  0.707014362  0.83867497 1.00  8063
mean.phi[1, 13]  0.75592110 0.071258539  0.6008303130  0.761508081  0.87733567 1.00  7567
mean.phi[2, 13]  0.83531721 0.072179145  0.6665651074  0.846014984  0.94359952 1.00  6936
mean.phi[3, 13]  0.77318080 0.086697603  0.5763371010  0.783209668  0.91192862 1.00  6672
mean.phi[4, 13]  0.92833981 0.033864367  0.8489926427  0.933619994  0.97799864 1.00  7212
mean.phi[5, 13]  0.89970413 0.060853506  0.7435350653  0.913204847  0.97863337 1.00  5718
mean.phi[6, 13]  0.72393875 0.074781469  0.5633590284  0.729460498  0.85491162 1.00  7883
mean.phi[1, 14]  0.80202539 0.068189239  0.6533756512  0.808834299  0.91615909 1.00  7096
mean.phi[2, 14]  0.91334889 0.043800879  0.8080448680  0.920900056  0.97684887 1.00  6978
mean.phi[3, 14]  0.86893055 0.065894177  0.7114239572  0.879771062  0.96423033 1.00  6284
mean.phi[4, 14]  0.93312014 0.031682937  0.8571189346  0.938222825  0.97908792 1.00  7147
mean.phi[5, 14]  0.90102876 0.058702978  0.7522323368  0.913707187  0.97757682 1.00  6020
mean.phi[6, 14]  0.55903960 0.093558369  0.3725859006  0.560981169  0.73769138 1.00  6799
mean.phi[1, 15]  0.80661869 0.058039939  0.6789940154  0.811581876  0.90604782 1.00  7502
mean.phi[2, 15]  0.86041552 0.059540411  0.7212661643  0.868903707  0.95140895 1.00  7726
mean.phi[3, 15]  0.90133830 0.047876899  0.7876134355  0.908991187  0.97170440 1.00  6859
mean.phi[4, 15]  0.92536762 0.031908436  0.8515105971  0.929993627  0.97323429 1.00  7355
mean.phi[5, 15]  0.91663709 0.054912812  0.7746534365  0.929570214  0.98360523 1.00  6150
mean.phi[6, 15]  0.71262171 0.090105324  0.5225207363  0.719339520  0.86692589 1.00  6969
mean.phi[1, 16]  0.89280506 0.051098059  0.7717971458  0.900208101  0.96957204 1.00  2988
mean.phi[2, 16]  0.82488816 0.059988450  0.6896725947  0.832019487  0.92100808 1.00  7131
mean.phi[3, 16]  0.85821431 0.062637217  0.7128482005  0.867421581  0.95257077 1.00  7458
mean.phi[4, 16]  0.93683154 0.029328012  0.8655227803  0.941880669  0.97908803 1.00  6380
mean.phi[5, 16]  0.90647347 0.045146945  0.7984782010  0.914114302  0.97148769 1.00  7018
mean.phi[6, 16]  0.76103999 0.089273054  0.5632538238  0.769324357  0.91145582 1.00  6649
mean.phi[1, 17]  0.73020853 0.117078871  0.4652791779  0.743882648  0.91773856 1.00  6457
mean.phi[2, 17]  0.89995624 0.048999374  0.7842742667  0.907849757  0.97260544 1.00  7316
mean.phi[3, 17]  0.81862414 0.067706719  0.6667758603  0.826515405  0.92842044 1.00  7336
mean.phi[4, 17]  0.89521667 0.041822624  0.8012810072  0.900302594  0.96180690 1.00  5807
mean.phi[5, 17]  0.94693295 0.031353581  0.8701250122  0.953128770  0.98930468 1.00  4892
mean.phi[6, 17]  0.77091843 0.090160468  0.5732443649  0.779362872  0.92002615 1.00  6720
mu.R[1]          0.01699325 0.013835341  0.0017466362  0.013270216  0.05356043 1.00  2719
mu.R[2]          0.10485180 0.053721765  0.0293268775  0.095410951  0.23857168 1.01  3028
mu.R[3]          0.07714101 0.046455849  0.0170575380  0.066901397  0.19528072 1.00  2507
mu.R[4]          0.12399399 0.052143290  0.0454084969  0.115651869  0.24716554 1.01  2743
mu.R[5]          0.23166693 0.073585933  0.1091557305  0.224341556  0.39627264 1.00  3204
mu.R[6]          0.10047499 0.041218462  0.0420063022  0.093669243  0.20436094 1.01  1456
mu.p             0.99134535 0.002831560  0.9848836133  0.991678165  0.99586160 1.01  3302
mu.phi[1]        0.69643725 0.046366707  0.5981224778  0.698882663  0.77995030 1.01  1623
mu.phi[2]        0.88279793 0.029485102  0.8194721305  0.885155195  0.93242498 1.00  2306
mu.phi[3]        0.86221573 0.032516065  0.7929479622  0.864703979  0.91864402 1.00  2510
mu.phi[4]        0.93016927 0.015530326  0.8960940920  0.931314151  0.95668317 1.00  1868
mu.phi[5]        0.90192119 0.023113488  0.8523499090  0.903510172  0.94175712 1.00  2063
mu.phi[6]        0.66538482 0.044908687  0.5744732574  0.666651472  0.75055437 1.00  1914
sigma.R          0.68424739 0.522368956  0.0779434691  0.546169506  2.04605175 1.02   161
sigma.p          0.45130742 0.371143446  0.0272178622  0.372797200  1.41566207 1.02   166
sigma.phi        0.72230860 0.135096909  0.4735682278  0.720659231  1.00527510 1.00   441
vegr[1]          0.72611130 0.994670760 -1.2841201430  0.747636497  2.64656751 1.00  2607
vegr[2]          0.15900000 0.000000000  0.1590000000  0.159000000  0.15900000  NaN     0
vegr[3]          0.19500000 0.000000000  0.1950000000  0.195000000  0.19500000  NaN     0
vegr[4]          0.66200000 0.000000000  0.6620000000  0.662000000  0.66200000  NaN     0
vegr[5]         -1.87200000 0.000000000 -1.8720000000 -1.872000000 -1.87200000  NaN     0
vegr[6]         -1.61200000 0.000000000 -1.6120000000 -1.612000000 -1.61200000  NaN     0
vegr[7]         -1.79500000 0.000000000 -1.7950000000 -1.795000000 -1.79500000  NaN     0
vegr[8]         -0.14500000 0.000000000 -0.1450000000 -0.145000000 -0.14500000  NaN     0
vegr[9]          0.08100000 0.000000000  0.0810000000  0.081000000  0.08100000  NaN     0
vegr[10]        -0.36000000 0.000000000 -0.3600000000 -0.360000000 -0.36000000  NaN     0
vegr[11]         1.08500000 0.000000000  1.0850000000  1.085000000  1.08500000  NaN     0
vegr[12]         1.02700000 0.000000000  1.0270000000  1.027000000  1.02700000  NaN     0
vegr[13]         0.86700000 0.000000000  0.8670000000  0.867000000  0.86700000  NaN     0
vegr[14]         0.76500000 0.000000000  0.7650000000  0.765000000  0.76500000  NaN     0
vegr[15]         0.51600000 0.000000000  0.5160000000  0.516000000  0.51600000  NaN     0
vegr[16]         0.42700000 0.000000000  0.4270000000  0.427000000  0.42700000  NaN     0
vegr[17]         0.46156499 0.787293379 -1.1231468939  0.471441235  2.02429912 1.00  2673
