Information and diagnostics 
=========================== 
Total iter:                       10000 
Thin:                             1 
Num chains:                       3 
Max Rhat:                         1.04 
Min n.eff:                        0 


Model summary 
============= 
                       mean         sd          2.5%          50%       97.5% Rhat n.eff
betaD.R[1]      -0.65048827 0.51762800 -1.6826321161 -0.646969027  0.33377274 1.01   946
betaD.R[2]      -0.13826152 0.54621501 -1.2397897283 -0.127421411  0.91034354 1.00  1849
betaD.R[3]       0.36254033 0.64644175 -0.9182333151  0.365236159  1.61140896 1.00  1898
betaD.R[4]       0.66585177 0.51562698 -0.3359955198  0.677881916  1.66716487 1.00  3295
betaD.R[5]       0.82763656 0.58498615 -0.3388203187  0.825945087  1.95821208 1.01  3850
betaD.R[6]       0.25870834 0.66737605 -1.0809361282  0.263727327  1.54819977 1.00  3586
betaD.phi[1]    -1.12078350 0.36246965 -1.8054319669 -1.133879080 -0.35403197 1.02   400
betaD.phi[2]     0.26570183 0.40620931 -0.5283629798  0.259671826  1.04835472 1.01   645
betaD.phi[3]     0.33937719 0.43642148 -0.5018345450  0.335773490  1.19642832 1.00   863
betaD.phi[4]    -0.07712313 0.33249667 -0.7185873017 -0.073959255  0.56577440 1.00  1103
betaD.phi[5]    -0.42173795 0.42709823 -1.2856102346 -0.423101320  0.41016406 1.01  1602
betaD.phi[6]    -0.10842962 0.48397378 -1.0799614496 -0.097642463  0.82011041 1.00  1160
betaV.R[1]       1.06343699 0.49475680  0.1425264223  1.042980348  2.09766809 1.01   938
betaV.R[2]       0.24346230 0.56792691 -0.8471060238  0.239062054  1.38051826 1.00  1605
betaV.R[3]      -0.22984701 0.68910080 -1.5645983638 -0.230023659  1.14372046 1.00  1675
betaV.R[4]      -0.44298823 0.60629189 -1.6793341904 -0.427878000  0.73695519 1.00  3235
betaV.R[5]      -0.99955160 0.69264441 -2.3629614362 -0.996650654  0.33114142 1.00  3222
betaV.R[6]      -0.98216153 0.73892571 -2.4477794942 -0.981209802  0.43672968 1.00  3815
betaV.phi[1]     0.99977122 0.38363210  0.1947280486  1.018826070  1.70938514 1.01   370
betaV.phi[2]    -0.05550500 0.42132356 -0.8809928850 -0.055878791  0.76793756 1.01   611
betaV.phi[3]    -0.61782123 0.44308091 -1.5065935350 -0.608616805  0.23566323 1.00   836
betaV.phi[4]     0.33730575 0.36088695 -0.3851849772  0.332694401  1.06374876 1.01  1228
betaV.phi[5]    -0.04602444 0.46239171 -0.9718770896 -0.047093657  0.85703790 1.01  1732
betaV.phi[6]    -0.72435971 0.55500895 -1.7800161757 -0.728141541  0.38739349 1.00  1055
betaX.R         -0.56348832 0.20180335 -0.9645773390 -0.563660584 -0.17108764 1.00  3345
betaX.phi        0.21204384 0.08213022  0.0524684020  0.212020995  0.37531740 1.00  3634
mean.R[1, 1]     0.09052515 0.08952474  0.0046209055  0.064006359  0.34225027 1.02  3085
mean.R[2, 1]     0.18231238 0.13173967  0.0201724137  0.151510526  0.52241451 1.00  4726
mean.R[3, 1]     0.26105651 0.18552389  0.0294218897  0.215438233  0.74186167 1.00  3335
mean.R[4, 1]     0.21078543 0.15077278  0.0232428889  0.175415388  0.59830649 1.00  4383
mean.R[5, 1]     0.40695539 0.22413770  0.0617875983  0.377863516  0.88715001 1.00  2774
mean.R[6, 1]     0.13330636 0.15407135  0.0053238988  0.079228863  0.61483983 1.01  2518
mean.R[1, 2]     0.24069625 0.10407060  0.0813050869  0.225470669  0.48427402 1.00  5497
mean.R[2, 2]     0.28978823 0.16999378  0.0500293456  0.258962851  0.68324027 1.00  3968
mean.R[3, 2]     0.32263306 0.18503569  0.0490581698  0.295665408  0.73558141 1.00  6050
mean.R[4, 2]     0.28560102 0.21925167  0.0138283876  0.233337174  0.79334207 1.00  4959
mean.R[5, 2]     0.32530334 0.23069736  0.0174361993  0.282923611  0.82587222 1.00  5771
mean.R[6, 2]     0.06400690 0.07355567  0.0012072150  0.038027128  0.27158772 1.00  9550
mean.R[1, 3]     0.10994810 0.06898996  0.0176339210  0.095763407  0.28035952 1.01  3149
mean.R[2, 3]     0.12571735 0.09908995  0.0128563096  0.099156937  0.38224936 1.00  7624
mean.R[3, 3]     0.15316739 0.12772457  0.0104229673  0.117066307  0.48546523 1.00  8308
mean.R[4, 3]     0.14905230 0.16032246  0.0027617625  0.091509240  0.59637277 1.00  6169
mean.R[5, 3]     0.16518089 0.17935483  0.0024727525  0.096987332  0.66450625 1.00  6186
mean.R[6, 3]     0.02178040 0.03586297  0.0001298188  0.008546283  0.12655827 1.01  9760
mean.R[1, 4]     0.14692145 0.07142254  0.0402387583  0.135845717  0.31469918 1.00  4789
mean.R[2, 4]     0.15226934 0.08802345  0.0319918600  0.134930013  0.36716229 1.00  8086
mean.R[3, 4]     0.15132904 0.09867875  0.0233400107  0.129549797  0.39516283 1.00  9160
mean.R[4, 4]     0.12326908 0.11903391  0.0057396941  0.085261918  0.44965960 1.00  5041
mean.R[5, 4]     0.14586585 0.13491326  0.0070781673  0.103298016  0.51376449 1.00  5310
mean.R[6, 4]     0.02628246 0.03148209  0.0007089772  0.015482724  0.11316873 1.00  7775
mean.R[1, 5]     0.05297858 0.03882241  0.0083920062  0.042742111  0.15570580 1.00  1776
mean.R[2, 5]     0.21924480 0.14798893  0.0302153922  0.184654768  0.58957199 1.00  2601
mean.R[3, 5]     0.37008044 0.22081161  0.0465079313  0.339075575  0.83518690 1.00  2118
mean.R[4, 5]     0.32065087 0.12419279  0.1135492480  0.309476854  0.58811499 1.00  6454
mean.R[5, 5]     0.62105467 0.19055358  0.2222599681  0.642909624  0.92127387 1.00  4026
mean.R[6, 5]     0.25898264 0.18605092  0.0243665001  0.215554662  0.71301581 1.00  3488
mean.R[1, 6]     0.05580817 0.03798619  0.0106658955  0.046327749  0.15621772 1.00  2276
mean.R[2, 6]     0.19866029 0.11831701  0.0378235635  0.175198997  0.48669579 1.00  2961
mean.R[3, 6]     0.32825372 0.19687230  0.0469029652  0.294394806  0.76262282 1.00  2164
mean.R[4, 6]     0.26690127 0.10944860  0.0931100622  0.252964099  0.51609934 1.00  6770
mean.R[5, 6]     0.55081594 0.17197985  0.2086755967  0.558618240  0.85607589 1.01  4732
mean.R[6, 6]     0.21217989 0.15447269  0.0231877770  0.173474557  0.60600925 1.00  4144
mean.R[1, 7]     0.01944445 0.01509149  0.0020218321  0.015589257  0.05857025 1.00  2207
mean.R[2, 7]     0.08888357 0.07846179  0.0067729673  0.065818535  0.29920894 1.00  2096
mean.R[3, 7]     0.15160998 0.13604892  0.0088271541  0.110014208  0.51529697 1.00  2325
mean.R[4, 7]     0.09929498 0.06881545  0.0116222766  0.084088063  0.27143920 1.01  2022
mean.R[5, 7]     0.30823941 0.18292836  0.0401852788  0.280311131  0.70574544 1.01  2426
mean.R[6, 7]     0.12408916 0.11599832  0.0072768021  0.087278051  0.44203994 1.01  3420
mean.R[1, 8]     0.09023614 0.06073521  0.0191833712  0.074784628  0.25430288 1.00  4532
mean.R[2, 8]     0.18604422 0.10405899  0.0436099532  0.165294545  0.44268781 1.00  6280
mean.R[3, 8]     0.20722459 0.12698963  0.0373161516  0.180851475  0.52053756 1.00  5390
mean.R[4, 8]     0.12764384 0.07885306  0.0275218903  0.109750352  0.33202876 1.00  6670
mean.R[5, 8]     0.29965634 0.14103367  0.0809910542  0.279213142  0.62287597 1.00  7475
mean.R[6, 8]     0.14220765 0.10214357  0.0205888648  0.116021296  0.40974964 1.00  6384
mean.R[1, 9]     0.07613093 0.03840513  0.0228278406  0.069034541  0.16977378 1.00  6239
mean.R[2, 9]     0.16271276 0.08901948  0.0401503164  0.146123257  0.37872228 1.00  5001
mean.R[3, 9]     0.17484618 0.10729448  0.0323281114  0.153130370  0.43888619 1.00  4985
mean.R[4, 9]     0.10092480 0.05758218  0.0239402016  0.089189700  0.24347008 1.00  6734
mean.R[5, 9]     0.24939603 0.11451692  0.0730237634  0.233658196  0.51304232 1.00  7171
mean.R[6, 9]     0.12116046 0.08679759  0.0174883543  0.098857561  0.34986132 1.00  5729
mean.R[1, 10]    0.04849824 0.03195701  0.0080754153  0.041428542  0.13045766 1.00  5717
mean.R[2, 10]    0.11719701 0.07241884  0.0200905502  0.103497601  0.29465103 1.00  4587
mean.R[3, 10]    0.14014773 0.10198346  0.0168149831  0.114270974  0.39824144 1.00  4327
mean.R[4, 10]    0.08298569 0.05832538  0.0120127022  0.068954456  0.22992328 1.00  5995
mean.R[5, 10]    0.21985422 0.12054387  0.0428139969  0.201234899  0.50133859 1.00  5095
mean.R[6, 10]    0.10306786 0.08397608  0.0104103936  0.079919754  0.32592722 1.01  6363
mean.R[1, 11]    0.16258421 0.10245410  0.0348854989  0.137690139  0.42759292 1.01  2238
mean.R[2, 11]    0.25385439 0.11847948  0.0751540297  0.236222295  0.52655590 1.00  4472
mean.R[3, 11]    0.23704032 0.12697929  0.0512689821  0.217374019  0.52672964 1.01  5484
mean.R[4, 11]    0.14219362 0.09880606  0.0245646113  0.116881701  0.40210392 1.01  3681
mean.R[5, 11]    0.29947408 0.14202623  0.0797964116  0.279729106  0.62162402 1.00  4523
mean.R[6, 11]    0.17342071 0.11715359  0.0253932287  0.146896646  0.46966074 1.00  5016
mean.R[1, 12]    0.07238901 0.04831970  0.0120852286  0.061600635  0.19225559 1.00  3911
mean.R[2, 12]    0.12279423 0.07603091  0.0213874072  0.108289516  0.30856458 1.00  4131
mean.R[3, 12]    0.11690152 0.08619648  0.0147013148  0.096014226  0.33757571 1.00  3963
mean.R[4, 12]    0.06150502 0.04700045  0.0085244801  0.049322910  0.18416861 1.00  5385
mean.R[5, 12]    0.14468516 0.08918521  0.0251676013  0.127418730  0.36463941 1.00  5275
mean.R[6, 12]    0.07063464 0.05622251  0.0076634416  0.056014009  0.22068630 1.01  6853
mean.R[1, 13]    0.18397825 0.09860383  0.0511280984  0.162859497  0.42524953 1.01  2535
mean.R[2, 13]    0.25574308 0.10898066  0.0880067107  0.240999045  0.50552165 1.01  3601
mean.R[3, 13]    0.24075018 0.11811183  0.0655259377  0.222456092  0.51643352 1.01  4243
mean.R[4, 13]    0.14758384 0.08597288  0.0346861119  0.128831156  0.36238853 1.01  2893
mean.R[5, 13]    0.27447107 0.12862040  0.0813336114  0.255202566  0.57030598 1.01  3533
mean.R[6, 13]    0.11786088 0.08264441  0.0199788752  0.096990466  0.33651923 1.00  3955
mean.R[1, 14]    0.07260416 0.04979058  0.0119054353  0.061271585  0.20043066 1.00  3787
mean.R[2, 14]    0.12190370 0.07459692  0.0206802234  0.108075782  0.30503994 1.01  4319
mean.R[3, 14]    0.11566837 0.07581575  0.0171013659  0.099183342  0.30461180 1.00  3457
mean.R[4, 14]    0.06397441 0.04449910  0.0095496990  0.053478347  0.17867580 1.00  5073
mean.R[5, 14]    0.14861743 0.09011519  0.0246060642  0.131743806  0.36728376 1.01  4809
mean.R[6, 14]    0.06463172 0.05071818  0.0070415001  0.051406034  0.19723663 1.01  5573
mean.R[1, 15]    0.06610450 0.04511936  0.0105095484  0.055996163  0.18271574 1.00  4273
mean.R[2, 15]    0.12755675 0.08139602  0.0196371857  0.111172118  0.32819105 1.00  4911
mean.R[3, 15]    0.12894091 0.09292253  0.0157370108  0.105577151  0.36278231 1.00  5045
mean.R[4, 15]    0.06966606 0.04900475  0.0104604380  0.057764262  0.19613651 1.00  5810
mean.R[5, 15]    0.17774644 0.10927116  0.0289364978  0.157469576  0.44198400 1.00  5459
mean.R[6, 15]    0.08512550 0.06593658  0.0094393914  0.067786155  0.25909120 1.01  7027
mean.R[1, 16]    0.07329237 0.04774923  0.0146212724  0.062457430  0.19565356 1.00  4504
mean.R[2, 16]    0.13318620 0.07000275  0.0319725413  0.121943980  0.29790237 1.00  6627
mean.R[3, 16]    0.13865431 0.08980999  0.0234451541  0.118884667  0.36255303 1.00  5236
mean.R[4, 16]    0.07832345 0.05203239  0.0147894033  0.065951832  0.21135771 1.00  5698
mean.R[5, 16]    0.18626221 0.09657135  0.0456460884  0.171223906  0.41238908 1.00  7147
mean.R[6, 16]    0.08581267 0.06469452  0.0118999522  0.069129070  0.25251729 1.01  6215
mean.R[1, 17]    0.10960365 0.12042789  0.0070223079  0.070212863  0.46199076 1.00  1618
mean.R[2, 17]    0.10742182 0.08607663  0.0108804299  0.085450688  0.32919558 1.00  2847
mean.R[3, 17]    0.08870291 0.07955341  0.0064298144  0.065710760  0.29829274 1.00  2832
mean.R[4, 17]    0.04551804 0.04459218  0.0027235115  0.032311940  0.16504323 1.00  3759
mean.R[5, 17]    0.08893798 0.08453090  0.0037708358  0.064451552  0.31233533 1.01  3394
mean.R[6, 17]    0.03962378 0.04828027  0.0011909865  0.023612740  0.17129870 1.00  4127
mean.p[1]        0.88671658 0.15522711  0.3889473186  0.943851846  0.99699109 1.01  2684
mean.p[2]        0.96808546 0.03061244  0.8858631027  0.977007103  0.99846968 1.00  6270
mean.p[3]        0.97777225 0.02019521  0.9247794882  0.983499295  0.99902999 1.00  5031
mean.p[4]        0.98356119 0.01411529  0.9475982506  0.987407574  0.99910249 1.00  5040
mean.p[5]        0.97175804 0.01922245  0.9235274705  0.976271203  0.99600394 1.00  6570
mean.p[6]        0.98441605 0.01334339  0.9497494142  0.987974697  0.99915194 1.00  3509
mean.p[7]        0.98177348 0.01594380  0.9388325904  0.986073391  0.99903115 1.00  3983
mean.p[8]        0.96680598 0.02258172  0.9118477221  0.971911755  0.99549648 1.00  6986
mean.p[9]        0.97951228 0.01851046  0.9304953677  0.984448651  0.99905963 1.00  4835
mean.p[10]       0.97066624 0.02035823  0.9191749610  0.975395868  0.99613029 1.00  6712
mean.p[11]       0.96126269 0.02225442  0.9071289221  0.965642919  0.99112387 1.00  7056
mean.p[12]       0.92916821 0.03173283  0.8551649115  0.933785253  0.97714505 1.00  7161
mean.p[13]       0.90042431 0.03475099  0.8224387216  0.904198288  0.95631100 1.00  7639
mean.p[14]       0.72967282 0.05680072  0.6122902277  0.732546323  0.83404483 1.00  6740
mean.p[15]       0.91637218 0.03415085  0.8385177276  0.920586695  0.96978052 1.00  7176
mean.p[16]       0.95562493 0.02218771  0.9030468289  0.959424016  0.98754740 1.00  7217
mean.p[17]       0.95277605 0.02369400  0.8959262473  0.956623718  0.98715306 1.00  7313
mean.p[18]       0.81035648 0.08539659  0.6492426649  0.806454998  0.97397349 1.00  1073
mean.phi[1, 1]   0.58543934 0.13415511  0.3176075040  0.588509804  0.82931885 1.00  5671
mean.phi[2, 1]   0.78299838 0.10511271  0.5373154625  0.798869279  0.94025795 1.00  4059
mean.phi[3, 1]   0.83203409 0.11602100  0.5397079640  0.857953480  0.97965264 1.00  3371
mean.phi[4, 1]   0.82865777 0.10828072  0.5529921068  0.853409339  0.96577280 1.01  3338
mean.phi[5, 1]   0.57184591 0.17290604  0.2131534088  0.583977674  0.86831023 1.00  4424
mean.phi[6, 1]   0.68198729 0.15528247  0.3612524783  0.693818138  0.94489790 1.01  2164
mean.phi[1, 2]   0.65198531 0.07810959  0.4924783286  0.654801009  0.79394560 1.00  8300
mean.phi[2, 2]   0.83606231 0.08093688  0.6458704057  0.849206130  0.95712825 1.00  6079
mean.phi[3, 2]   0.70194579 0.12984835  0.4135957693  0.717731053  0.90774130 1.00  6615
mean.phi[4, 2]   0.87646999 0.09392751  0.6261334486  0.901468192  0.98304367 1.00  4544
mean.phi[5, 2]   0.48327379 0.19822365  0.1229993257  0.481744938  0.85448304 1.00  5488
mean.phi[6, 2]   0.21653911 0.12581268  0.0378596232  0.193825220  0.51325164 1.00  6192
mean.phi[1, 3]   0.57358015 0.08635101  0.3996425750  0.575696457  0.73878917 1.00  9582
mean.phi[2, 3]   0.83841347 0.06278780  0.6951054846  0.846110933  0.93847043 1.00 10792
mean.phi[3, 3]   0.70463358 0.11718624  0.4478098603  0.715825858  0.89846348 1.00  9037
mean.phi[4, 3]   0.87340825 0.07624690  0.6849853764  0.888559646  0.97542094 1.00  6547
mean.phi[5, 3]   0.53477207 0.19266532  0.1673590685  0.539063349  0.88391580 1.00  6705
mean.phi[6, 3]   0.25191307 0.13542057  0.0505523268  0.230250469  0.56201686 1.00  8947
mean.phi[1, 4]   0.37333476 0.11032274  0.1694266010  0.370145101  0.59640515 1.00  1723
mean.phi[2, 4]   0.68180171 0.09179765  0.4872476320  0.687794240  0.84301224 1.00  7521
mean.phi[3, 4]   0.78452298 0.07437979  0.6224416255  0.790914050  0.90944909 1.00  8726
mean.phi[4, 4]   0.91025490 0.04912972  0.7913619941  0.919656493  0.97933418 1.00  6828
mean.phi[5, 4]   0.65407668 0.14836839  0.3422578409  0.667302001  0.90143796 1.00  7053
mean.phi[6, 4]   0.23339465 0.12894580  0.0454707863  0.212124433  0.53470146 1.01  4579
mean.phi[1, 5]   0.37882486 0.08760042  0.2163927349  0.375896794  0.55765978 1.01  1897
mean.phi[2, 5]   0.74730014 0.13898468  0.4145321850  0.771628871  0.94408239 1.01  1547
mean.phi[3, 5]   0.89815961 0.06158442  0.7469289765  0.910830455  0.97987673 1.00  2457
mean.phi[4, 5]   0.79884905 0.05752097  0.6765349030  0.803529956  0.89885998 1.00  7367
mean.phi[5, 5]   0.65975815 0.14851636  0.3423031715  0.673998414  0.90528966 1.00  3902
mean.phi[6, 5]   0.62812399 0.17805339  0.2460969397  0.647290983  0.91143138 1.00  2139
mean.phi[1, 6]   0.17419683 0.08585047  0.0453329187  0.161828554  0.37306194 1.00  1715
mean.phi[2, 6]   0.77280850 0.09304411  0.5621320394  0.784018509  0.92197848 1.00  2748
mean.phi[3, 6]   0.87697877 0.08703233  0.6522136091  0.898736747  0.98004666 1.00  2456
mean.phi[4, 6]   0.81525686 0.05231413  0.7015099750  0.820012254  0.90470000 1.00  7641
mean.phi[5, 6]   0.50336145 0.16643788  0.1815138800  0.506916497  0.80839906 1.01  2514
mean.phi[6, 6]   0.61404595 0.17076482  0.2540955866  0.630802304  0.89164779 1.00  2543
mean.phi[1, 7]   0.14417655 0.05464228  0.0556866066  0.137681800  0.26850271 1.00  2268
mean.phi[2, 7]   0.73399222 0.14797620  0.3791172050  0.762216432  0.94275582 1.00  2325
mean.phi[3, 7]   0.91289329 0.05537209  0.7709785254  0.924662071  0.98280093 1.00  2750
mean.phi[4, 7]   0.77117782 0.06417331  0.6342571781  0.775606053  0.88290287 1.00  7482
mean.phi[5, 7]   0.80641425 0.09883263  0.5737402028  0.822819784  0.95172084 1.00  4385
mean.phi[6, 7]   0.73829229 0.15033084  0.3790930150  0.768321689  0.94828537 1.00  2718
mean.phi[1, 8]   0.44398621 0.14308986  0.1657954968  0.446072109  0.71746560 1.00  3243
mean.phi[2, 8]   0.69272483 0.13033418  0.3969092688  0.710511149  0.89575291 1.00  6081
mean.phi[3, 8]   0.82715675 0.10320540  0.5699838443  0.848955952  0.96218077 1.00  4969
mean.phi[4, 8]   0.85949397 0.04887146  0.7493947739  0.864786906  0.93968022 1.00  7089
mean.phi[5, 8]   0.80678811 0.08453370  0.6109586637  0.818825645  0.93733253 1.00  7172
mean.phi[6, 8]   0.62041540 0.15001880  0.2965716370  0.633302250  0.87189560 1.00  5807
mean.phi[1, 9]   0.53027741 0.06974010  0.3918850654  0.531224086  0.66386310 1.00  7244
mean.phi[2, 9]   0.70526543 0.14105977  0.3818749812  0.724010844  0.92137381 1.00  4818
mean.phi[3, 9]   0.83511341 0.09552685  0.5979926292  0.854345685  0.96244862 1.00  5928
mean.phi[4, 9]   0.70308384 0.08335817  0.5240519469  0.709448920  0.84661837 1.00  6081
mean.phi[5, 9]   0.80569012 0.07085080  0.6484680973  0.813081829  0.92262636 1.00  7906
mean.phi[6, 9]   0.70851870 0.13240023  0.4099995780  0.723764119  0.91723188 1.00  6516
mean.phi[1, 10]  0.54482298 0.08891489  0.3690934622  0.545488395  0.71600510 1.00  7522
mean.phi[2, 10]  0.76077334 0.07149287  0.6058768878  0.766598978  0.88410163 1.00  7722
mean.phi[3, 10]  0.83480601 0.09934979  0.5800856640  0.856056198  0.96488838 1.00  5571
mean.phi[4, 10]  0.86433711 0.06844076  0.7009709204  0.876099097  0.96353764 1.00  5328
mean.phi[5, 10]  0.84113478 0.06289625  0.6994051684  0.849506491  0.93972734 1.00  7078
mean.phi[6, 10]  0.76590919 0.11097121  0.5108457035  0.780026194  0.93848363 1.00  5630
mean.phi[1, 11]  0.78041875 0.08840321  0.5788153053  0.791145034  0.92208055 1.00  4970
mean.phi[2, 11]  0.69078753 0.09781221  0.4813149146  0.697952139  0.86292765 1.00  6537
mean.phi[3, 11]  0.78010242 0.07493783  0.6141784860  0.787493407  0.90497717 1.00  8205
mean.phi[4, 11]  0.82424315 0.08674353  0.6142995972  0.838301836  0.95006006 1.00  5326
mean.phi[5, 11]  0.77169376 0.08122329  0.5926961834  0.779700919  0.90469746 1.00  8066
mean.phi[6, 11]  0.63953947 0.12283199  0.3784585891  0.648741577  0.85206641 1.00  7334
mean.phi[1, 12]  0.75232039 0.06681547  0.6097638917  0.757276288  0.86621245 1.00  7012
mean.phi[2, 12]  0.62792918 0.11331580  0.3933054304  0.634265572  0.83068370 1.00  6151
mean.phi[3, 12]  0.87200463 0.06718984  0.7115870928  0.882986931  0.96946855 1.00  4381
mean.phi[4, 12]  0.85031056 0.06263552  0.7056873063  0.858712759  0.94799233 1.00  6538
mean.phi[5, 12]  0.73876143 0.10079313  0.5107941185  0.750690243  0.89965591 1.00  7017
mean.phi[6, 12]  0.65781841 0.10617886  0.4312519038  0.665106279  0.84595781 1.00  8026
mean.phi[1, 13]  0.75459556 0.08808255  0.5578641613  0.764282092  0.90123619 1.00  5942
mean.phi[2, 13]  0.74228950 0.07357619  0.5860123486  0.746691631  0.87033810 1.00  7009
mean.phi[3, 13]  0.67682250 0.12500482  0.3973493235  0.690340254  0.87940616 1.00  3814
mean.phi[4, 13]  0.81404937 0.06245088  0.6739582028  0.821015239  0.91684367 1.00  6579
mean.phi[5, 13]  0.76208789 0.10341371  0.5281897435  0.774569805  0.92376334 1.00  6114
mean.phi[6, 13]  0.72477563 0.10191815  0.5028857599  0.733827631  0.89987534 1.00  4408
mean.phi[1, 14]  0.75449077 0.08770647  0.5626031692  0.762506054  0.90171797 1.00  5945
mean.phi[2, 14]  0.75065315 0.09499331  0.5399745106  0.759400606  0.90929578 1.00  5339
mean.phi[3, 14]  0.76128106 0.07956811  0.5840839680  0.768644335  0.89412749 1.00  7383
mean.phi[4, 14]  0.82286046 0.06314030  0.6796969347  0.829398330  0.92510949 1.00  7326
mean.phi[5, 14]  0.77898167 0.09909821  0.5498598202  0.793016841  0.93160619 1.00  6421
mean.phi[6, 14]  0.58519834 0.12114113  0.3363456834  0.590873913  0.80484082 1.00  7091
mean.phi[1, 15]  0.76396184 0.06458362  0.6257783284  0.767499082  0.87858959 1.00  6786
mean.phi[2, 15]  0.77811792 0.09136147  0.5724773031  0.788805942  0.92699093 1.00  5781
mean.phi[3, 15]  0.84306825 0.07588461  0.6669499581  0.855330961  0.95597235 1.00  6277
mean.phi[4, 15]  0.81053104 0.05903922  0.6804358169  0.815723225  0.90936255 1.00  7728
mean.phi[5, 15]  0.78975964 0.11229515  0.5143924243  0.810061172  0.94784807 1.00  6003
mean.phi[6, 15]  0.59115660 0.12557547  0.3232678549  0.600814418  0.81120530 1.00  7230
mean.phi[1, 16]  0.77514830 0.08003630  0.6009390189  0.782480665  0.91050501 1.00  4981
mean.phi[2, 16]  0.63696511 0.08025660  0.4693082489  0.640795944  0.78252833 1.00  7011
mean.phi[3, 16]  0.83740008 0.07728891  0.6538455175  0.849632134  0.95240039 1.00  6319
mean.phi[4, 16]  0.85612092 0.05389292  0.7351354622  0.862207371  0.94314806 1.00  6981
mean.phi[5, 16]  0.67842033 0.10832619  0.4390101433  0.688657935  0.85961127 1.00  5286
mean.phi[6, 16]  0.66775072 0.12948601  0.3842762917  0.679308982  0.88413629 1.00  7645
mean.phi[1, 17]  0.81320925 0.10241680  0.5823996251  0.825607054  0.97111028 1.00  2192
mean.phi[2, 17]  0.68571952 0.12634162  0.4300290067  0.691525277  0.91281304 1.00  2345
mean.phi[3, 17]  0.76199081 0.11489442  0.5074409947  0.775130525  0.94436645 1.00  2613
mean.phi[4, 17]  0.84380852 0.08472325  0.6478535173  0.855961142  0.97055595 1.00  1727
mean.phi[5, 17]  0.73495280 0.12355447  0.4653836068  0.748670409  0.93366278 1.00  3128
mean.phi[6, 17]  0.57137040 0.18664844  0.1853870024  0.586981400  0.88691795 1.00  3442
mu.R[1]          0.08065328 0.02875344  0.0367302482  0.076652186  0.14931160 1.00  2823
mu.R[2]          0.15705283 0.05308634  0.0713347668  0.150264902  0.27523691 1.00  3836
mu.R[3]          0.18105682 0.07419923  0.0643705069  0.171969156  0.34979286 1.00  3426
mu.R[4]          0.11652580 0.04473335  0.0474643104  0.110665623  0.21860176 1.00  2985
mu.R[5]          0.25112722 0.07916059  0.1153594284  0.243523797  0.42302583 1.00  5090
mu.R[6]          0.08225840 0.04493692  0.0197756596  0.073631479  0.19051114 1.00  4415
mu.p             0.93747137 0.02623946  0.8666319896  0.942960443  0.97027374 1.04   316
mu.phi[1]        0.55265729 0.04702220  0.4564264101  0.553650808  0.64120747 1.00  1579
mu.phi[2]        0.75274026 0.04391014  0.6624623036  0.754457600  0.83283557 1.00  1681
mu.phi[3]        0.82972933 0.03835013  0.7497352745  0.832035364  0.89610819 1.00  2376
mu.phi[4]        0.84460822 0.02839874  0.7852665643  0.845949840  0.89570106 1.00  1736
mu.phi[5]        0.72403937 0.04918236  0.6229012299  0.726396341  0.81489543 1.00  3127
mu.phi[6]        0.59127195 0.05847591  0.4746114869  0.592954031  0.70337369 1.00  3810
sigma.R          0.76435659 0.32644009  0.2208864231  0.735267504  1.46816064 1.04   501
sigma.p          1.43276281 0.48088746  0.7417012209  1.344889741  2.62283201 1.01   789
sigma.phi        0.66176955 0.13048880  0.4228083748  0.654734275  0.93463129 1.01   412
veg[1]           0.15436460 0.73337091 -1.4221682296  0.193064871  1.52173980 1.02  1111
veg[2]           1.78600000 0.00000000  1.7860000000  1.786000000  1.78600000  NaN     0
veg[3]           2.19000000 0.00000000  2.1900000000  2.190000000  2.19000000  NaN     0
veg[4]           1.65100000 0.00000000  1.6510000000  1.651000000  1.65100000  NaN     0
veg[5]          -0.54900000 0.00000000 -0.5490000000 -0.549000000 -0.54900000  NaN     0
veg[6]          -0.44700000 0.00000000 -0.4470000000 -0.447000000 -0.44700000  NaN     0
veg[7]          -0.95300000 0.00000000 -0.9530000000 -0.953000000 -0.95300000  NaN     0
veg[8]          -0.51800000 0.00000000 -0.5180000000 -0.518000000 -0.51800000  NaN     0
veg[9]          -0.53700000 0.00000000 -0.5370000000 -0.537000000 -0.53700000  NaN     0
veg[10]         -0.66400000 0.00000000 -0.6640000000 -0.664000000 -0.66400000  NaN     0
veg[11]         -0.50900000 0.00000000 -0.5090000000 -0.509000000 -0.50900000  NaN     0
veg[12]         -0.37700000 0.00000000 -0.3770000000 -0.377000000 -0.37700000  NaN     0
veg[13]          0.07500000 0.00000000  0.0750000000  0.075000000  0.07500000  NaN     0
veg[14]         -0.24300000 0.00000000 -0.2430000000 -0.243000000 -0.24300000  NaN     0
veg[15]         -0.51000000 0.00000000 -0.5100000000 -0.510000000 -0.51000000  NaN     0
veg[16]         -0.39400000 0.00000000 -0.3940000000 -0.394000000 -0.39400000  NaN     0
veg[17]          0.29716407 0.62461726 -0.8907026310  0.282784040  1.61637568 1.00  1994
