Information and diagnostics 
=========================== 
Total iter:                       10000 
Thin:                             1 
Num chains:                       3 
Max Rhat:                         1.27 
Min n.eff:                        0 


Model summary 
============= 
                       mean         sd          2.5%          50%       97.5% Rhat n.eff
betaV.R[1]       0.60521542 0.31634421  0.0002693464  0.598633920  1.25433381 1.02  2089
betaV.R[2]       0.15584273 0.41727148 -0.6382679639  0.153719510  1.01218272 1.02  2220
betaV.R[3]       0.04599360 0.50093822 -0.9274156761  0.046161726  1.03373339 1.01  3569
betaV.R[4]      -0.19742514 0.60809479 -1.4592777397 -0.172707746  0.92102500 1.01  3574
betaV.R[5]      -0.74067946 0.67214910 -2.1115355224 -0.714455139  0.48835090 1.00  4129
betaV.R[6]      -0.82273421 0.66279683 -2.2209727516 -0.777641825  0.36010616 1.00  6007
betaV.phi[1]     0.04215312 0.25165710 -0.4530761546  0.046124011  0.53416036 1.01   800
betaV.phi[2]     0.14580524 0.27483269 -0.3880793886  0.145028083  0.68661874 1.00  1506
betaV.phi[3]    -0.38976536 0.30501892 -0.9968341775 -0.388702166  0.19728321 1.00  1711
betaV.phi[4]     0.24271405 0.32174098 -0.3676097902  0.238578615  0.90946290 1.00  1736
betaV.phi[5]    -0.27458491 0.37334440 -1.0145266897 -0.274551928  0.45641921 1.00  2824
betaV.phi[6]    -0.93944095 0.37662259 -1.7009879700 -0.932603706 -0.22506362 1.00  3096
betaX.R         -0.52336703 0.19331288 -0.9067140534 -0.522764799 -0.14674447 1.01  3838
betaX.phi        0.21771146 0.08273179  0.0579777648  0.216405048  0.38300259 1.00  3644
mean.R[1, 1]     0.07058128 0.06774505  0.0056250109  0.051385954  0.25969322 1.01  3954
mean.R[2, 1]     0.18702333 0.12654526  0.0238019375  0.159634347  0.51879761 1.01  5750
mean.R[3, 1]     0.22141869 0.15991760  0.0224871829  0.181403895  0.63929194 1.00  5604
mean.R[4, 1]     0.19084463 0.14491703  0.0233676971  0.151499911  0.59703589 1.00  5847
mean.R[5, 1]     0.40959802 0.22130123  0.0793820059  0.370932721  0.89492047 1.00  6098
mean.R[6, 1]     0.20648107 0.19509772  0.0138524205  0.138017002  0.76706990 1.01  5975
mean.R[1, 2]     0.26430959 0.11307179  0.0934129670  0.247623319  0.52339464 1.04  1860
mean.R[2, 2]     0.30132760 0.17129949  0.0597894655  0.268853914  0.69248029 1.03  1639
mean.R[3, 2]     0.28309993 0.17005104  0.0434325343  0.253419469  0.67490052 1.03  2915
mean.R[4, 2]     0.19185884 0.17816573  0.0076755200  0.133242568  0.66174563 1.02  3469
mean.R[5, 2]     0.17102049 0.17384431  0.0050349298  0.107730399  0.64378587 1.00  3791
mean.R[6, 2]     0.05317209 0.06376296  0.0013316977  0.030376855  0.23512936 1.01  6125
mean.R[1, 3]     0.13766920 0.07999260  0.0240821579  0.124114421  0.32690873 1.07  1270
mean.R[2, 3]     0.13981950 0.10081068  0.0181547389  0.113902503  0.39915524 1.02  5142
mean.R[3, 3]     0.13339321 0.11200715  0.0100236125  0.102195573  0.42948056 1.01  5785
mean.R[4, 3]     0.08782890 0.11035310  0.0012809174  0.046104643  0.41356719 1.01  4165
mean.R[5, 3]     0.06942685 0.10301232  0.0006702460  0.028605041  0.38477911 1.03  4820
mean.R[6, 3]     0.01817747 0.02993848  0.0001490331  0.007191969  0.10464480 1.04  5227
mean.R[1, 4]     0.13751415 0.06571995  0.0366774883  0.129049261  0.28967444 1.01  4975
mean.R[2, 4]     0.16451806 0.09066246  0.0375354908  0.148286884  0.38294658 1.00  7421
mean.R[3, 4]     0.15877245 0.10254147  0.0248802962  0.137772613  0.41277505 1.00  8480
mean.R[4, 4]     0.10692666 0.10971628  0.0043765795  0.070641630  0.41195117 1.00  4149
mean.R[5, 4]     0.09839373 0.10960525  0.0031902630  0.059083573  0.41495865 1.01  4691
mean.R[6, 4]     0.02807479 0.03453635  0.0007981490  0.015923026  0.12564221 1.01  6947
mean.R[1, 5]     0.09512192 0.05143144  0.0281636767  0.083544202  0.22480234 1.05  1976
mean.R[2, 5]     0.24569121 0.11560298  0.0779083551  0.225245963  0.51884577 1.05  1903
mean.R[3, 5]     0.27504736 0.14020828  0.0702465248  0.251811917  0.60266869 1.04  2874
mean.R[4, 5]     0.22229564 0.09548614  0.0826762441  0.205736709  0.44728512 1.05  1996
mean.R[5, 5]     0.42894975 0.14944237  0.1750191578  0.415953093  0.73565484 1.05  2907
mean.R[6, 5]     0.20744829 0.12644348  0.0395232631  0.180361312  0.52208372 1.04  2556
mean.R[1, 6]     0.09270834 0.05107977  0.0275886362  0.080259697  0.22320086 1.03  2464
mean.R[2, 6]     0.23072996 0.10368977  0.0781712141  0.212476731  0.47303116 1.04  2712
mean.R[3, 6]     0.25897959 0.13353782  0.0673743150  0.235680728  0.57853984 1.03  3224
mean.R[4, 6]     0.20364064 0.08753393  0.0756757057  0.188426468  0.41175936 1.04  2377
mean.R[5, 6]     0.39106893 0.13554084  0.1625520011  0.378396699  0.67716115 1.03  2899
mean.R[6, 6]     0.18098256 0.11280175  0.0353915864  0.155430918  0.46766233 1.03  3130
mean.R[1, 7]     0.02579384 0.01986923  0.0021337680  0.020847467  0.07595878 1.11   855
mean.R[2, 7]     0.09557925 0.07591334  0.0066117011  0.076348537  0.28488960 1.08   921
mean.R[3, 7]     0.11728891 0.10195074  0.0070736984  0.087012528  0.38464202 1.06  1283
mean.R[4, 7]     0.09332142 0.06853899  0.0076930988  0.077267346  0.26195527 1.12   783
mean.R[5, 7]     0.24883681 0.15879342  0.0245333811  0.223092947  0.60249856 1.05  1260
mean.R[6, 7]     0.11109346 0.10112302  0.0058975270  0.080969922  0.38116434 1.04  2498
mean.R[1, 8]     0.06789056 0.04644860  0.0140117660  0.056548037  0.19198553 1.01  4670
mean.R[2, 8]     0.17994580 0.10022485  0.0418340467  0.161579015  0.43109688 1.01  5706
mean.R[3, 8]     0.20540496 0.12412821  0.0371375404  0.180906470  0.51476883 1.01  4852
mean.R[4, 8]     0.16014294 0.08483055  0.0403335500  0.144494464  0.37454094 1.01  6368
mean.R[5, 8]     0.33003958 0.14126659  0.0976588741  0.315714708  0.64747956 1.01  6607
mean.R[6, 8]     0.14692171 0.10268972  0.0223621775  0.122092632  0.41642940 1.01  5806
mean.R[1, 9]     0.05688660 0.02865081  0.0164529916  0.051976474  0.12669996 1.00  5879
mean.R[2, 9]     0.16270395 0.08358810  0.0406699306  0.149649363  0.36393337 1.01  4760
mean.R[3, 9]     0.18751637 0.10940805  0.0372863082  0.166189939  0.45769845 1.00  4299
mean.R[4, 9]     0.14338013 0.06482825  0.0447142684  0.134325187  0.29667086 1.01  7433
mean.R[5, 9]     0.30895907 0.11975798  0.1056093325  0.299718363  0.57324496 1.00  7119
mean.R[6, 9]     0.13462347 0.09051728  0.0217793227  0.113563721  0.36678907 1.01  5689
mean.R[1, 10]    0.04140794 0.02737808  0.0061749863  0.036269896  0.10863906 1.02  3664
mean.R[2, 10]    0.12505865 0.07586552  0.0189404875  0.112206109  0.30420053 1.02  3140
mean.R[3, 10]    0.14953812 0.10492835  0.0170632219  0.126360432  0.40960613 1.01  3088
mean.R[4, 10]    0.11722372 0.07216875  0.0183784450  0.105703578  0.28881642 1.02  3519
mean.R[5, 10]    0.26722276 0.13166936  0.0540281384  0.255906101  0.55175204 1.02  2787
mean.R[6, 10]    0.11628896 0.09040941  0.0116828340  0.093293117  0.35053913 1.01  5493
mean.R[1, 11]    0.08740782 0.05444974  0.0233092035  0.073098911  0.22959986 1.02  2754
mean.R[2, 11]    0.22025572 0.10128363  0.0736438038  0.201543278  0.46518781 1.02  3465
mean.R[3, 11]    0.24627038 0.11946427  0.0678303937  0.227437006  0.52095402 1.02  4784
mean.R[4, 11]    0.20076904 0.09944397  0.0646068519  0.179385638  0.44748948 1.02  3093
mean.R[5, 11]    0.38960431 0.13854314  0.1559078607  0.376562250  0.68796099 1.02  2658
mean.R[6, 11]    0.17984677 0.11016547  0.0348849746  0.155417817  0.45785189 1.02  3494
mean.R[1, 12]    0.04338524 0.02761234  0.0068223521  0.038076401  0.10870845 1.04  2431
mean.R[2, 12]    0.11646611 0.06832235  0.0185176878  0.105496653  0.27355025 1.04  2085
mean.R[3, 12]    0.13421011 0.08927337  0.0178357639  0.115776063  0.35480269 1.02  2524
mean.R[4, 12]    0.09937424 0.05840652  0.0161825858  0.089671640  0.23584882 1.05  2220
mean.R[5, 12]    0.21048200 0.10669847  0.0410848105  0.199648251  0.44426248 1.04  2335
mean.R[6, 12]    0.08151516 0.05743828  0.0093736377  0.068454387  0.22308661 1.02  3328
mean.R[1, 13]    0.12052099 0.06844218  0.0366340022  0.103142312  0.29951584 1.03  2475
mean.R[2, 13]    0.23934847 0.10390534  0.0874806021  0.220228275  0.48480519 1.04  2143
mean.R[3, 13]    0.25451609 0.11926531  0.0775498132  0.234533743  0.54038355 1.04  2665
mean.R[4, 13]    0.18866575 0.09487112  0.0572527180  0.169464365  0.41982918 1.04  2843
mean.R[5, 13]    0.30742425 0.13426065  0.1044555961  0.286645306  0.61681027 1.02  2558
mean.R[6, 13]    0.12551040 0.08429987  0.0238514189  0.104921042  0.35063529 1.02  2910
mean.R[1, 14]    0.04571269 0.02934086  0.0067302558  0.040240434  0.11430755 1.04  2218
mean.R[2, 14]    0.11537206 0.06750349  0.0188600348  0.105560084  0.26997358 1.04  2220
mean.R[3, 14]    0.12776861 0.07866430  0.0197108673  0.113675766  0.31352610 1.04  2014
mean.R[4, 14]    0.09419512 0.05478174  0.0154591324  0.085649939  0.21924574 1.05  1573
mean.R[5, 14]    0.19189635 0.10167584  0.0343074094  0.180815551  0.41710974 1.05  2566
mean.R[6, 14]    0.07220212 0.05239528  0.0084487999  0.060071418  0.20379740 1.03  3257
mean.R[1, 15]    0.04315541 0.02797508  0.0070212911  0.037669980  0.11150959 1.03  3346
mean.R[2, 15]    0.12290423 0.07365713  0.0198791669  0.111599256  0.29229042 1.03  3134
mean.R[3, 15]    0.14195036 0.09426549  0.0193135130  0.121974036  0.37185485 1.02  2865
mean.R[4, 15]    0.10721297 0.06015368  0.0198170420  0.099121918  0.24544813 1.04  2958
mean.R[5, 15]    0.24015862 0.12202402  0.0479210324  0.228584786  0.50722972 1.03  4323
mean.R[6, 15]    0.09623851 0.06796259  0.0120330757  0.081102031  0.26503832 1.02  4477
mean.R[1, 16]    0.04803622 0.02877938  0.0096028330  0.042503839  0.11831378 1.02  3938
mean.R[2, 16]    0.12714701 0.06501663  0.0282717191  0.118549531  0.27502120 1.03  3306
mean.R[3, 16]    0.14705506 0.08873389  0.0257747242  0.131107133  0.36022546 1.02  4114
mean.R[4, 16]    0.11022584 0.05880149  0.0242063963  0.102115977  0.24860978 1.03  3340
mean.R[5, 16]    0.23266408 0.10477438  0.0618806629  0.223210778  0.46373083 1.03  3488
mean.R[6, 16]    0.09333748 0.06503345  0.0131223801  0.078437462  0.25626078 1.01  5422
mean.R[1, 17]    0.04907361 0.04483778  0.0025854445  0.036593073  0.16412391 1.05  1495
mean.R[2, 17]    0.09724933 0.07067497  0.0076954840  0.082482617  0.26309934 1.05  1278
mean.R[3, 17]    0.10791961 0.08573540  0.0074509141  0.087102519  0.32006785 1.04  1073
mean.R[4, 17]    0.07518177 0.06297807  0.0048842446  0.058611126  0.23002876 1.04  1267
mean.R[5, 17]    0.13824193 0.11607748  0.0069349849  0.107146797  0.42945999 1.03  1913
mean.R[6, 17]    0.05915364 0.07908057  0.0016916472  0.034587596  0.26668657 1.01  2558
mean.p[1]        0.84311397 0.22299368  0.1164361457  0.938683872  0.99863055 1.00  1636
mean.p[2]        0.97122355 0.03149835  0.8854188870  0.981665156  0.99958034 1.01  5833
mean.p[3]        0.98145864 0.01900627  0.9319604128  0.987416779  0.99969167 1.00  4604
mean.p[4]        0.98663337 0.01351068  0.9509994663  0.990751884  0.99982928 1.00  3513
mean.p[5]        0.97386746 0.01891430  0.9261390647  0.978255723  0.99726239 1.00  7009
mean.p[6]        0.98726991 0.01259055  0.9539252232  0.991171529  0.99973431 1.01  3706
mean.p[7]        0.98520214 0.01498623  0.9449311554  0.989783668  0.99975393 1.00  3704
mean.p[8]        0.96931971 0.02280915  0.9123320319  0.974682125  0.99702448 1.00  6054
mean.p[9]        0.98270462 0.01770798  0.9354945329  0.987932107  0.99968759 1.00  4274
mean.p[10]       0.97222085 0.02043834  0.9205118784  0.976959806  0.99723577 1.00  6211
mean.p[11]       0.96200190 0.02303700  0.9045450087  0.966620614  0.99300273 1.00  6833
mean.p[12]       0.92857627 0.03297061  0.8505090587  0.933859027  0.97789260 1.00  7067
mean.p[13]       0.89826031 0.03560954  0.8177634223  0.902089048  0.95594243 1.00  7348
mean.p[14]       0.72250791 0.05748146  0.6017201380  0.725935916  0.82742275 1.00  6322
mean.p[15]       0.91456329 0.03574930  0.8310920223  0.919796271  0.96878237 1.00  6990
mean.p[16]       0.95571424 0.02238556  0.9026211598  0.959454253  0.98831849 1.00  7443
mean.p[17]       0.95287368 0.02428388  0.8948670926  0.956676703  0.98788807 1.00  7577
mean.p[18]       0.81052514 0.09071472  0.6452409761  0.805034720  0.98577291 1.00   883
mean.phi[1, 1]   0.67436587 0.11779004  0.4287540731  0.681081992  0.88027784 1.00  6567
mean.phi[2, 1]   0.75266180 0.12053771  0.4745596450  0.772031772  0.93316635 1.00  6273
mean.phi[3, 1]   0.84687910 0.11344069  0.5606609654  0.874716672  0.98337645 1.00  5172
mean.phi[4, 1]   0.80792783 0.12995826  0.4727615687  0.839296183  0.96915223 1.00  5769
mean.phi[5, 1]   0.65223847 0.17943249  0.2460535891  0.678349785  0.92404423 1.00  5913
mean.phi[6, 1]   0.80960717 0.12972875  0.4955688736  0.836391077  0.98082837 1.00  6601
mean.phi[1, 2]   0.67389225 0.07856297  0.5089109827  0.678431868  0.81475257 1.00  7942
mean.phi[2, 2]   0.83729098 0.08661561  0.6300283515  0.853069436  0.96126359 1.00  5857
mean.phi[3, 2]   0.66541168 0.14335263  0.3499138409  0.680942456  0.89777871 1.00  5377
mean.phi[4, 2]   0.87051354 0.10962263  0.5723989285  0.903034466  0.98706235 1.00  3830
mean.phi[5, 2]   0.52359919 0.21082826  0.1317757551  0.527584920  0.89406124 1.00  4453
mean.phi[6, 2]   0.17634923 0.11993361  0.0237579240  0.148293238  0.47909239 1.00  6524
mean.phi[1, 3]   0.59255733 0.08809051  0.4133948970  0.593897388  0.75903730 1.00  8877
mean.phi[2, 3]   0.83893475 0.06448911  0.6954313790  0.846245967  0.94188091 1.00  7902
mean.phi[3, 3]   0.68074171 0.12264797  0.4168743001  0.690461235  0.88888544 1.00  7333
mean.phi[4, 3]   0.86640116 0.07953001  0.6711948584  0.881661391  0.97437058 1.00  5074
mean.phi[5, 3]   0.61452125 0.18949984  0.2227767996  0.631497454  0.92366788 1.00  5139
mean.phi[6, 3]   0.23705305 0.13433786  0.0435632715  0.213286182  0.54687753 1.00  7996
mean.phi[1, 4]   0.30920274 0.10328439  0.1260555700  0.302585746  0.52514386 1.00  3467
mean.phi[2, 4]   0.66650488 0.09845686  0.4577540271  0.672757872  0.84020157 1.00  7655
mean.phi[3, 4]   0.79291315 0.07402942  0.6288889176  0.800919148  0.91468161 1.00  9397
mean.phi[4, 4]   0.91486811 0.05023437  0.7906576588  0.925125327  0.98233848 1.00  6354
mean.phi[5, 4]   0.68895144 0.14903120  0.3598769529  0.706185845  0.92627678 1.00  6095
mean.phi[6, 4]   0.19176747 0.12235113  0.0288534989  0.166406678  0.48911390 1.00  5931
mean.phi[1, 5]   0.46572910 0.08624991  0.2981066811  0.465110227  0.63496214 1.00  7288
mean.phi[2, 5]   0.69793583 0.14006548  0.3847185559  0.715846428  0.91686425 1.00  6681
mean.phi[3, 5]   0.87930257 0.06542423  0.7222668853  0.891100069  0.97093275 1.00  7048
mean.phi[4, 5]   0.80078185 0.05764741  0.6742607807  0.805860875  0.89947722 1.00  7517
mean.phi[5, 5]   0.72892783 0.13029692  0.4354358038  0.746990152  0.93042083 1.00  6965
mean.phi[6, 5]   0.65435096 0.15715011  0.3052087959  0.674141970  0.90120161 1.00  6554
mean.phi[1, 6]   0.24092813 0.10722226  0.0668591800  0.228902604  0.48012674 1.00  3151
mean.phi[2, 6]   0.75280810 0.09315468  0.5453847699  0.762375112  0.90517499 1.00  6969
mean.phi[3, 6]   0.84388014 0.10337715  0.5772836678  0.867689716  0.97375918 1.00  6210
mean.phi[4, 6]   0.81921774 0.05243003  0.7042608152  0.823504018  0.90709858 1.00  7532
mean.phi[5, 6]   0.51248886 0.16652043  0.1842972785  0.518856093  0.81423990 1.00  3920
mean.phi[6, 6]   0.63210035 0.15958260  0.2872106008  0.647972180  0.89321495 1.00  6597
mean.phi[1, 7]   0.15271881 0.05898612  0.0582045212  0.145363943  0.28297884 1.00  2814
mean.phi[2, 7]   0.69697083 0.16918522  0.3007977796  0.725215776  0.94197076 1.00  5266
mean.phi[3, 7]   0.90812472 0.06093825  0.7545187815  0.922244950  0.98434692 1.00  5396
mean.phi[4, 7]   0.77267622 0.06550869  0.6294558995  0.777938533  0.88396447 1.00  7897
mean.phi[5, 7]   0.84489567 0.09141908  0.6225737716  0.862846039  0.96919084 1.00  6084
mean.phi[6, 7]   0.77438416 0.13974509  0.4263179963  0.803052901  0.95958690 1.00  6154
mean.phi[1, 8]   0.36759008 0.15222505  0.1045918285  0.359593726  0.67873107 1.00  4355
mean.phi[2, 8]   0.68365924 0.14936142  0.3401981230  0.704499466  0.91344038 1.00  5667
mean.phi[3, 8]   0.82533853 0.12221122  0.5040935158  0.854954435  0.97300777 1.00  5866
mean.phi[4, 8]   0.86497090 0.05051072  0.7504766931  0.870991076  0.94548518 1.00  7014
mean.phi[5, 8]   0.80596827 0.09312219  0.5915241722  0.820044093  0.94575383 1.00  7022
mean.phi[6, 8]   0.60187676 0.17369634  0.2351658744  0.618690045  0.88315853 1.00  6206
mean.phi[1, 9]   0.51461292 0.07199253  0.3751633477  0.514388103  0.65553682 1.00  7666
mean.phi[2, 9]   0.70899619 0.16007984  0.3355149765  0.736313907  0.94021177 1.00  6024
mean.phi[3, 9]   0.84326174 0.10748239  0.5689879252  0.868736935  0.97518662 1.00  5838
mean.phi[4, 9]   0.68168582 0.08858084  0.4938302145  0.687357029  0.83778019 1.00  6590
mean.phi[5, 9]   0.80423042 0.07540097  0.6374180173  0.812694857  0.92647593 1.00  7349
mean.phi[6, 9]   0.71755185 0.15035999  0.3740876402  0.742091620  0.94005834 1.00  6676
mean.phi[1, 10]  0.53421849 0.09637126  0.3424333342  0.535893673  0.71818827 1.00  7101
mean.phi[2, 10]  0.76808758 0.07533615  0.6072083007  0.774729770  0.89719595 1.00  7725
mean.phi[3, 10]  0.83183459 0.12056627  0.5206965407  0.862928766  0.97559813 1.00  5615
mean.phi[4, 10]  0.88049701 0.07027663  0.7081665786  0.894465567  0.97571844 1.00  5586
mean.phi[5, 10]  0.84923265 0.06496252  0.7010212991  0.857746297  0.95071183 1.00  7305
mean.phi[6, 10]  0.79313189 0.11327431  0.5230984502  0.812289571  0.95679676 1.00  6815
mean.phi[1, 11]  0.74297835 0.10485711  0.5178849955  0.753409892  0.91542961 1.00  4987
mean.phi[2, 11]  0.70166886 0.10157446  0.4825742910  0.710261536  0.87246029 1.00  6961
mean.phi[3, 11]  0.78487191 0.07573241  0.6183546895  0.792573472  0.90953341 1.00  7455
mean.phi[4, 11]  0.82127789 0.09367499  0.6000551139  0.837020129  0.95720543 1.00  6653
mean.phi[5, 11]  0.74918837 0.08738772  0.5549954235  0.758509946  0.89510157 1.00  8272
mean.phi[6, 11]  0.62646391 0.12891520  0.3531239743  0.635790512  0.84854669 1.00  7691
mean.phi[1, 12]  0.72976177 0.07170688  0.5788235964  0.733366460  0.85790903 1.00  6750
mean.phi[2, 12]  0.62796223 0.12087936  0.3724662904  0.635944938  0.83964719 1.00  6857
mean.phi[3, 12]  0.89845881 0.06124395  0.7492983938  0.910607355  0.98054860 1.00  5022
mean.phi[4, 12]  0.85372852 0.06642955  0.6991906846  0.863504377  0.95481182 1.00  7052
mean.phi[5, 12]  0.70542531 0.11195802  0.4659812130  0.716298002  0.89034821 1.00  7334
mean.phi[6, 12]  0.65067374 0.11213556  0.4151638262  0.658592165  0.84691368 1.00  7770
mean.phi[1, 13]  0.72337350 0.10224270  0.5025008771  0.732673128  0.89533711 1.00  5782
mean.phi[2, 13]  0.74985855 0.07625809  0.5842629479  0.756489311  0.88113351 1.00  7443
mean.phi[3, 13]  0.65552045 0.13844239  0.3497902496  0.669844677  0.88106028 1.00  5924
mean.phi[4, 13]  0.80783685 0.06822907  0.6559023138  0.815399410  0.91752384 1.00  6731
mean.phi[5, 13]  0.74609592 0.11834275  0.4740050346  0.762693406  0.92652668 1.00  6937
mean.phi[6, 13]  0.74574564 0.10626258  0.5105012127  0.757461941  0.91898396 1.00  5696
mean.phi[1, 14]  0.72621809 0.09925321  0.5109301585  0.733639441  0.89546245 1.00  6012
mean.phi[2, 14]  0.76749785 0.09677602  0.5482943119  0.779227218  0.92223030 1.00  6899
mean.phi[3, 14]  0.76168266 0.08376369  0.5753843108  0.770355896  0.90025317 1.00  7088
mean.phi[4, 14]  0.82011443 0.06694729  0.6674415328  0.828160273  0.92812180 1.00  6837
mean.phi[5, 14]  0.76118997 0.11534471  0.4964029479  0.779417022  0.93686646 1.00  6863
mean.phi[6, 14]  0.56557524 0.12817696  0.3068822888  0.568844435  0.80151289 1.00  7418
mean.phi[1, 15]  0.75605489 0.06872670  0.6103684565  0.759730539  0.87748363 1.00  7047
mean.phi[2, 15]  0.80660081 0.09155441  0.5910489636  0.819777475  0.94592363 1.00  6644
mean.phi[3, 15]  0.85761126 0.07720934  0.6730266890  0.871640937  0.96702858 1.00  6250
mean.phi[4, 15]  0.80781841 0.06280600  0.6690018534  0.814137862  0.91157517 1.00  7336
mean.phi[5, 15]  0.76474683 0.13703088  0.4343078127  0.790649856  0.95404514 1.00  6703
mean.phi[6, 15]  0.57154718 0.13337086  0.2982851535  0.577313778  0.81105666 1.00  6754
mean.phi[1, 16]  0.76968271 0.08641575  0.5825210001  0.777884180  0.91462823 1.00  5550
mean.phi[2, 16]  0.63403438 0.08437725  0.4614344554  0.637887277  0.78826836 1.00  7281
mean.phi[3, 16]  0.84934949 0.08195406  0.6506722129  0.865022779  0.96303024 1.00  6786
mean.phi[4, 16]  0.86294802 0.05563880  0.7362460580  0.869650686  0.95166119 1.00  7233
mean.phi[5, 16]  0.63294636 0.12108752  0.3805414158  0.641017686  0.84158119 1.00  6600
mean.phi[6, 16]  0.66671311 0.14408996  0.3479920433  0.680152217  0.90111569 1.00  6919
mean.phi[1, 17]  0.74140617 0.10837836  0.5109787981  0.748994587  0.92702080 1.00  3432
mean.phi[2, 17]  0.69755065 0.13007383  0.4290710257  0.703285295  0.92456793 1.00  2625
mean.phi[3, 17]  0.79255426 0.11586351  0.5327976087  0.808413361  0.96633568 1.00  2040
mean.phi[4, 17]  0.83738520 0.08953133  0.6321624924  0.850873917  0.97145575 1.00  1753
mean.phi[5, 17]  0.70482487 0.13804267  0.4077860653  0.717607959  0.93421040 1.00  3090
mean.phi[6, 17]  0.57555217 0.20749790  0.1663888444  0.586300743  0.93205378 1.00  4291
mu.R[1]          0.07386164 0.02660494  0.0330222925  0.070467300  0.13630529 1.00  2205
mu.R[2]          0.16544680 0.05366272  0.0758000971  0.160734855  0.28616748 1.00  3532
mu.R[3]          0.17988581 0.07148300  0.0662866046  0.171663073  0.34525471 1.00  3931
mu.R[4]          0.12891125 0.04775550  0.0524506718  0.123120600  0.23627829 1.00  2915
mu.R[5]          0.23151685 0.07672382  0.1016850032  0.225763518  0.39807019 1.00  4095
mu.R[6]          0.08611306 0.04632304  0.0209441468  0.077961921  0.20094335 1.00  4012
mu.p             0.92309198 0.04397948  0.7939300016  0.937018150  0.97068833 1.06   147
mu.phi[1]        0.54462876 0.05062891  0.4425855462  0.546450454  0.64018287 1.00  1304
mu.phi[2]        0.75063254 0.04509129  0.6569336184  0.752781362  0.83275265 1.00  1911
mu.phi[3]        0.82527538 0.04104205  0.7361415606  0.828466696  0.89785702 1.00  2274
mu.phi[4]        0.84654839 0.03239036  0.7789622619  0.848264896  0.90407255 1.00  1272
mu.phi[5]        0.72952616 0.05187222  0.6216714159  0.731640501  0.82438925 1.00  2799
mu.phi[6]        0.58607845 0.06002197  0.4663584105  0.586824638  0.70397288 1.00  4088
sigma.R          0.75331070 0.46754672  0.0204200786  0.758784632  1.75814971 1.27   226
sigma.p          1.86989756 0.79307435  0.8187369446  1.676617827  3.87613555 1.01   388
sigma.phi        0.81831962 0.14126764  0.5629500651  0.810551859  1.11496498 1.00   541
veg[1]          -0.80295778 0.82635195 -2.4060626673 -0.803254990  0.82047628 1.00  3870
veg[2]           1.78600000 0.00000000  1.7860000000  1.786000000  1.78600000  NaN     0
veg[3]           2.19000000 0.00000000  2.1900000000  2.190000000  2.19000000  NaN     0
veg[4]           1.65100000 0.00000000  1.6510000000  1.651000000  1.65100000  NaN     0
veg[5]          -0.54900000 0.00000000 -0.5490000000 -0.549000000 -0.54900000  NaN     0
veg[6]          -0.44700000 0.00000000 -0.4470000000 -0.447000000 -0.44700000  NaN     0
veg[7]          -0.95300000 0.00000000 -0.9530000000 -0.953000000 -0.95300000  NaN     0
veg[8]          -0.51800000 0.00000000 -0.5180000000 -0.518000000 -0.51800000  NaN     0
veg[9]          -0.53700000 0.00000000 -0.5370000000 -0.537000000 -0.53700000  NaN     0
veg[10]         -0.66400000 0.00000000 -0.6640000000 -0.664000000 -0.66400000  NaN     0
veg[11]         -0.50900000 0.00000000 -0.5090000000 -0.509000000 -0.50900000  NaN     0
veg[12]         -0.37700000 0.00000000 -0.3770000000 -0.377000000 -0.37700000  NaN     0
veg[13]          0.07500000 0.00000000  0.0750000000  0.075000000  0.07500000  NaN     0
veg[14]         -0.24300000 0.00000000 -0.2430000000 -0.243000000 -0.24300000  NaN     0
veg[15]         -0.51000000 0.00000000 -0.5100000000 -0.510000000 -0.51000000  NaN     0
veg[16]         -0.39400000 0.00000000 -0.3940000000 -0.394000000 -0.39400000  NaN     0
veg[17]          0.07690119 0.81140199 -1.5670960610  0.096664277  1.65914344 1.00  2267
