Information and diagnostics 
=========================== 
Total iter:                       5000 
Thin:                             1 
Num chains:                       3 
Max Rhat:                         2.2 
Min n.eff:                        0 


Model summary 
============= 
                       mean          sd         2.5%         50%       97.5% Rhat n.eff
B.veg[1]        -0.26014523 0.441769904 -1.085463612 -0.27158690  0.64333125 1.00  1938
B.veg[2]        -0.28631923 0.374210281 -0.982315400 -0.29651073  0.46499607 1.01  1078
B.veg[3]        -0.15651073 0.389775480 -0.899325196 -0.16593915  0.64767647 1.01   860
B.veg[4]        -0.21632075 0.381290019 -0.924717006 -0.23275133  0.58513135 1.02   852
B.veg[5]        -0.48730811 0.325683953 -1.109557520 -0.49814414  0.17890296 1.01   460
mean.M[1, 1]     0.21712502 0.052295111  0.109101705  0.21819435  0.32300936 1.09  1672
mean.M[2, 1]     0.08463253 0.024753399  0.040260033  0.08321152  0.14146928 1.03  2587
mean.M[3, 1]     0.02850007 0.010360862  0.012177938  0.02727102  0.05338825 1.05  2384
mean.M[4, 1]     0.01557142 0.007634678  0.004878533  0.01425834  0.03404245 1.02  2667
mean.M[5, 1]     0.03753529 0.013701938  0.014920107  0.03598897  0.06873753 1.03  2239
mean.M[1, 2]     0.20957848 0.048598895  0.108548504  0.21220871  0.30100084 1.10  1148
mean.M[2, 2]     0.10694406 0.036064035  0.060451856  0.09859111  0.20049571 1.20   351
mean.M[3, 2]     0.03036359 0.011155988  0.014065691  0.02860867  0.05789906 1.04  2246
mean.M[4, 2]     0.01557093 0.007678915  0.004913195  0.01435290  0.03373084 1.03  2691
mean.M[5, 2]     0.03820044 0.014602722  0.015279188  0.03630205  0.07163727 1.03  2488
mean.M[1, 3]     0.23887180 0.050526531  0.145480091  0.23558856  0.35092877 1.05  2648
mean.M[2, 3]     0.08650754 0.022921400  0.045070672  0.08455572  0.13922889 1.04  2877
mean.M[3, 3]     0.02717666 0.009701719  0.011205529  0.02628668  0.04931863 1.04  2208
mean.M[4, 3]     0.01548116 0.007696998  0.004803923  0.01410656  0.03401543 1.03  2527
mean.M[5, 3]     0.04099563 0.015721931  0.018199090  0.03840459  0.07896201 1.05  2656
mean.M[1, 4]     0.27632478 0.067189972  0.181155754  0.26232871  0.44713803 1.19   383
mean.M[2, 4]     0.07842520 0.021384838  0.037269984  0.07827076  0.12140972 1.07  1075
mean.M[3, 4]     0.02745181 0.009589522  0.011503663  0.02662625  0.04912560 1.05  2662
mean.M[4, 4]     0.01527311 0.007291249  0.004860560  0.01410119  0.03240089 1.02  2783
mean.M[5, 4]     0.03811518 0.014078656  0.016496924  0.03625119  0.07084291 1.02  2733
mean.M[1, 5]     0.26396419 0.061331881  0.169604461  0.25376072  0.41702839 1.12   792
mean.M[2, 5]     0.09230970 0.025052350  0.051344845  0.08900525  0.15185495 1.06  2662
mean.M[3, 5]     0.02818552 0.009300855  0.013012965  0.02714288  0.04921332 1.03  2943
mean.M[4, 5]     0.01526301 0.007442918  0.004961652  0.01398646  0.03271488 1.02  2629
mean.M[5, 5]     0.03779828 0.013998322  0.015839858  0.03595402  0.07003551 1.03  2843
mean.M[1, 6]     0.23244979 0.058118924  0.122681464  0.23007606  0.36289909 1.05  2666
mean.M[2, 6]     0.08240440 0.022312154  0.040531666  0.08180517  0.12983077 1.06  2334
mean.M[3, 6]     0.02697540 0.008777083  0.012432740  0.02628524  0.04612474 1.04  2652
mean.M[4, 6]     0.01677676 0.008592426  0.005341544  0.01522820  0.03823009 1.07  2095
mean.M[5, 6]     0.03877859 0.014686208  0.016271316  0.03683308  0.07379075 1.05  2544
mean.M[1, 7]     0.28787080 0.073529823  0.186228713  0.27075440  0.46994752 1.27   231
mean.M[2, 7]     0.08242877 0.023326008  0.040278991  0.08135751  0.13460686 1.07  2223
mean.M[3, 7]     0.02826959 0.008971519  0.013631956  0.02733764  0.04904817 1.02  2963
mean.M[4, 7]     0.01514376 0.007129476  0.004790714  0.01401689  0.03216495 1.02  2906
mean.M[5, 7]     0.03842967 0.014397652  0.015840636  0.03660475  0.07331915 1.02  2652
mean.M[1, 8]     0.25049341 0.060703645  0.149480007  0.24290125  0.40133306 1.07  1861
mean.M[2, 8]     0.09182000 0.026672876  0.048423002  0.08833305  0.15668328 1.05  2544
mean.M[3, 8]     0.02688067 0.008612604  0.011981959  0.02621231  0.04592587 1.04  2723
mean.M[4, 8]     0.01791632 0.009270087  0.005995517  0.01619398  0.04081058 1.06  2093
mean.M[5, 8]     0.03865634 0.014950042  0.016245404  0.03649398  0.07308191 1.02  2471
mean.M[1, 9]     0.24821993 0.045219402  0.171680447  0.24376751  0.35203442 1.07  2587
mean.M[2, 9]     0.08530327 0.023751907  0.042728543  0.08373975  0.14000545 1.05  2606
mean.M[3, 9]     0.03213570 0.011499082  0.015873469  0.03011039  0.06101361 1.08  2067
mean.M[4, 9]     0.01599328 0.007505273  0.005591400  0.01478908  0.03392857 1.03  2605
mean.M[5, 9]     0.04158895 0.016081143  0.018276413  0.03898560  0.08035817 1.06  2573
mean.M[1, 10]    0.22481335 0.049558453  0.128317700  0.22471814  0.32930560 1.07  2796
mean.M[2, 10]    0.08086342 0.021156581  0.040955800  0.07976502  0.12431278 1.05  2090
mean.M[3, 10]    0.02644368 0.008885626  0.011461223  0.02582169  0.04597411 1.04  2418
mean.M[4, 10]    0.01467073 0.006738061  0.004637568  0.01358843  0.03066127 1.01  3086
mean.M[5, 10]    0.04021523 0.015527346  0.017863256  0.03783553  0.07646698 1.03  2515
mean.M[1, 11]    0.20548819 0.049460822  0.101098286  0.20862182  0.29444443 1.16   684
mean.M[2, 11]    0.07809245 0.020332022  0.039410266  0.07789343  0.11891742 1.08  1017
mean.M[3, 11]    0.02682407 0.009161059  0.011445079  0.02605343  0.04741845 1.03  2630
mean.M[4, 11]    0.01586012 0.007269337  0.005392288  0.01471627  0.03315570 1.02  3115
mean.M[5, 11]    0.03645039 0.013008218  0.015035168  0.03514388  0.06637004 1.03  2575
mean.M[1, 12]    0.26523178 0.055621466  0.179365348  0.25611799  0.39861709 1.16   704
mean.M[2, 12]    0.10216949 0.030361771  0.058375923  0.09632816  0.18039647 1.11   758
mean.M[3, 12]    0.02717583 0.008800995  0.012047307  0.02657685  0.04697206 1.04  2804
mean.M[4, 12]    0.01490105 0.006819028  0.004831649  0.01376024  0.03106507 1.02  2983
mean.M[5, 12]    0.03988582 0.013834318  0.018454705  0.03789461  0.07297007 1.02  2881
mean.M[1, 13]    0.23045452 0.044193559  0.146643057  0.22919067  0.32492449 1.03  3392
mean.M[2, 13]    0.10041005 0.026774917  0.059253698  0.09620659  0.16517305 1.10  1647
mean.M[3, 13]    0.02867255 0.009082175  0.013626895  0.02776337  0.04907625 1.02  2866
mean.M[4, 13]    0.01636503 0.007906196  0.005472420  0.01497123  0.03582900 1.03  2388
mean.M[5, 13]    0.04403550 0.015258938  0.021338606  0.04171975  0.08057463 1.07  2011
mean.M[1, 14]    0.22303330 0.046026834  0.131854744  0.22297619  0.31859054 1.03  2441
mean.M[2, 14]    0.07715704 0.020470203  0.037096029  0.07749455  0.11776544 1.10  1002
mean.M[3, 14]    0.02833136 0.008910031  0.013567025  0.02739985  0.04893765 1.02  3029
mean.M[4, 14]    0.01531510 0.007272332  0.004880433  0.01426459  0.03262368 1.01  2766
mean.M[5, 14]    0.03620529 0.012076923  0.016355733  0.03481827  0.06382346 1.03  2705
mean.M[1, 15]    0.21869197 0.043010719  0.132407838  0.21833082  0.30379585 1.06  2125
mean.M[2, 15]    0.08540495 0.021180527  0.047241887  0.08406607  0.13100712 1.04  2775
mean.M[3, 15]    0.02821922 0.009166522  0.013680796  0.02717659  0.04969306 1.04  2744
mean.M[4, 15]    0.01522340 0.007150689  0.004819990  0.01408689  0.03223586 1.01  2889
mean.M[5, 15]    0.03743237 0.011965852  0.017176680  0.03613873  0.06492338 1.01  2931
mean.M[1, 16]    0.18856009 0.050805946  0.085303562  0.19238634  0.27865262 1.29   163
mean.M[2, 16]    0.09591970 0.024216130  0.058335741  0.09235155  0.15440597 1.09  1331
mean.M[3, 16]    0.02885768 0.009197662  0.014048988  0.02782641  0.05035102 1.02  3102
mean.M[4, 16]    0.01479552 0.006788481  0.004858091  0.01373555  0.03091478 1.01  2921
mean.M[5, 16]    0.03968435 0.012758756  0.019674137  0.03803087  0.06933504 1.01  3319
mean.M[1, 17]    0.23786802 0.054839282  0.135830338  0.23428227  0.36649138 1.07  2674
mean.M[2, 17]    0.09451139 0.022783090  0.056571643  0.09146105  0.14739461 1.06  2569
mean.M[3, 17]    0.03388006 0.011663990  0.017364387  0.03171116  0.06312092 1.14   939
mean.M[4, 17]    0.01471510 0.006841348  0.004676024  0.01363353  0.03078370 1.01  2833
mean.M[5, 17]    0.03635516 0.011953548  0.016508416  0.03507006  0.06346918 1.02  2664
mean.Pi[1]       0.99665679 0.002079732  0.991743581  0.99704137  0.99950949 1.00  1825
mean.Pi[2]       0.99666789 0.002051084  0.991775008  0.99705058  0.99950371 1.00  1596
mean.Pi[3]       0.99667686 0.002012818  0.991816624  0.99705461  0.99949696 1.00  1626
mean.Pi[4]       0.99666928 0.002040862  0.991866252  0.99705644  0.99952564 1.00  1594
mean.Pi[5]       0.99664408 0.002049304  0.991618594  0.99703116  0.99951539 1.00  1547
mean.Pi[6]       0.99667910 0.002010125  0.991900714  0.99705597  0.99950306 1.00  1624
mean.Pi[7]       0.99667889 0.002050089  0.991749581  0.99706476  0.99952362 1.00  1567
mean.Pi[8]       0.99669478 0.002056107  0.991760464  0.99708203  0.99952541 1.00  1491
mean.Pi[9]       0.99670157 0.001989137  0.991940920  0.99706790  0.99952879 1.00  1621
mean.Pi[10]      0.99670872 0.001982293  0.991993388  0.99706637  0.99951522 1.00  1605
mean.Pi[11]      0.99662602 0.002090384  0.991773743  0.99702114  0.99952316 1.00  1569
mean.Pi[12]      0.99671993 0.001977826  0.992025425  0.99706452  0.99951296 1.00  1639
mean.Pi[13]      0.99667675 0.002035903  0.991829231  0.99706063  0.99949135 1.00  1610
mean.Pi[14]      0.99668206 0.002015398  0.991894730  0.99705605  0.99953138 1.00  1601
mean.Pi[15]      0.99665679 0.002040377  0.991782776  0.99704133  0.99952312 1.00  1501
mean.Pi[16]      0.99661533 0.002100790  0.991607529  0.99699612  0.99950451 1.00  1558
mean.Pi[17]      0.99662673 0.002045316  0.991665017  0.99701739  0.99949746 1.00  1594
mean.Pi[18]      0.99658618 0.002293371  0.991442625  0.99702818  0.99952217 1.03  1577
mean.Po[1]       0.01774264 0.005160354  0.009636263  0.01722693  0.02908731 1.02  4007
mean.Po[2]       0.01784273 0.005037796  0.009822810  0.01736075  0.02950153 1.02  1797
mean.Po[3]       0.01810466 0.005228698  0.010138570  0.01753769  0.03002139 1.02  1957
mean.Po[4]       0.01809174 0.005255958  0.009922294  0.01755694  0.03006945 1.02  1658
mean.Po[5]       0.01788841 0.005033363  0.009776814  0.01742815  0.02959578 1.02  1978
mean.Po[6]       0.01807651 0.005219669  0.010008676  0.01749218  0.03037294 1.03  1350
mean.Po[7]       0.01755377 0.004839816  0.009678503  0.01710786  0.02813319 1.02  2182
mean.Po[8]       0.01776265 0.005068830  0.009626382  0.01732559  0.02872477 1.02  1578
mean.Po[9]       0.01784797 0.004955140  0.009882016  0.01736214  0.02918452 1.01  2014
mean.Po[10]      0.01836799 0.005267309  0.010260992  0.01771379  0.03048690 1.03  1615
mean.Po[11]      0.01830899 0.005464603  0.010244540  0.01761331  0.03099582 1.06  1478
mean.Po[12]      0.01845091 0.005162449  0.010470563  0.01779819  0.03099902 1.02  1439
mean.Po[13]      0.01732120 0.004760815  0.009348755  0.01698675  0.02770131 1.01  2068
mean.Po[14]      0.01704916 0.004665725  0.009029254  0.01675666  0.02693155 1.02  2003
mean.Po[15]      0.01706022 0.004429512  0.009278750  0.01678651  0.02656109 1.00  2365
mean.Po[16]      0.01688270 0.004465404  0.008870180  0.01665324  0.02622335 1.00  2313
mean.Po[17]      0.01705663 0.004432449  0.009317487  0.01679558  0.02677269 1.00  2432
mean.Po[18]      0.01705937 0.004364518  0.009360383  0.01683882  0.02643131 1.00  2647
mean.R[1, 1]     0.09287503 0.087476717  0.002088104  0.06761114  0.31573416 1.00  1545
mean.R[2, 1]     0.33652080 0.108442738  0.142060614  0.33157049  0.56030271 1.00  3309
mean.R[3, 1]     0.29711919 0.095930992  0.127193974  0.28963559  0.50008523 1.00  3007
mean.R[4, 1]     0.26816304 0.077937461  0.130358924  0.26277159  0.43349385 1.01  3071
mean.R[5, 1]     0.12962703 0.048236392  0.055924734  0.12322974  0.23729455 1.01  2542
mean.R[1, 2]     0.09177642 0.085642435  0.001987272  0.06708188  0.31479793 1.00  1485
mean.R[2, 2]     0.33580961 0.107774263  0.145010207  0.33022935  0.55794311 1.00  3321
mean.R[3, 2]     0.29751209 0.096292019  0.126944131  0.28891169  0.50304925 1.01  2977
mean.R[4, 2]     0.27051755 0.080312571  0.131330651  0.26468829  0.44005843 1.01  2947
mean.R[5, 2]     0.12275471 0.042721739  0.049481223  0.11884224  0.21812143 1.01  2981
mean.R[1, 3]     0.09253097 0.086463231  0.002086226  0.06729135  0.31804231 1.00  1555
mean.R[2, 3]     0.34140115 0.109618031  0.146561410  0.33522073  0.57176313 1.00  3103
mean.R[3, 3]     0.29709636 0.096986209  0.125182727  0.28988634  0.50464404 1.01  2897
mean.R[4, 3]     0.26587856 0.077550084  0.126476358  0.26179511  0.42893881 1.01  2979
mean.R[5, 3]     0.12364062 0.043162505  0.052091857  0.11922677  0.21991579 1.00  3322
mean.R[1, 4]     0.09259933 0.086651684  0.002023622  0.06716444  0.31703805 1.00  1503
mean.R[2, 4]     0.33752791 0.107894472  0.147821880  0.33126754  0.56362383 1.00  3219
mean.R[3, 4]     0.29208597 0.093602323  0.124462967  0.28550480  0.49048675 1.01  3164
mean.R[4, 4]     0.26981864 0.080670226  0.130350739  0.26392439  0.44505368 1.01  2868
mean.R[5, 4]     0.12293399 0.043224051  0.050156649  0.11917042  0.21928541 1.01  2957
mean.R[1, 5]     0.09203036 0.085318048  0.002008606  0.06739230  0.31143281 1.00  1492
mean.R[2, 5]     0.33688951 0.107627319  0.145716471  0.33159008  0.55957636 1.00  3289
mean.R[3, 5]     0.31092525 0.102057387  0.141122568  0.29978520  0.53888452 1.00  2472
mean.R[4, 5]     0.26890506 0.079776438  0.130516027  0.26318622  0.44011698 1.01  3221
mean.R[5, 5]     0.12428490 0.044046474  0.051606205  0.11976192  0.22491744 1.01  3158
mean.R[1, 6]     0.09286276 0.086957772  0.002098951  0.06752314  0.31745051 1.00  1485
mean.R[2, 6]     0.33672480 0.108521702  0.142384902  0.33107201  0.56359543 1.00  3218
mean.R[3, 6]     0.29583342 0.096807767  0.124606458  0.28913109  0.50024745 1.01  2896
mean.R[4, 6]     0.25886833 0.076075720  0.116203885  0.25676891  0.41361892 1.01  2576
mean.R[5, 6]     0.12496183 0.043364198  0.054223770  0.12049157  0.22500494 1.00  3150
mean.R[1, 7]     0.09257679 0.086545404  0.002096788  0.06710564  0.31745495 1.00  1534
mean.R[2, 7]     0.33242565 0.107697781  0.135801488  0.32769684  0.55614183 1.00  3213
mean.R[3, 7]     0.29182867 0.093441219  0.123167666  0.28556885  0.48928840 1.01  3209
mean.R[4, 7]     0.27060255 0.078789527  0.132246226  0.26538565  0.44317133 1.01  3092
mean.R[5, 7]     0.12946068 0.050696483  0.055578296  0.12249490  0.24401989 1.02  2619
mean.R[1, 8]     0.09212449 0.086725778  0.002033432  0.06703982  0.31477921 1.00  1568
mean.R[2, 8]     0.33627126 0.107837356  0.146075994  0.33092979  0.56339248 1.00  3292
mean.R[3, 8]     0.30195042 0.094197152  0.136450218  0.29477526  0.50618054 1.00  3257
mean.R[4, 8]     0.27459872 0.077317190  0.141190302  0.26912730  0.44586933 1.01  3137
mean.R[5, 8]     0.12649477 0.044992163  0.054761279  0.12206998  0.23010491 1.01  3210
mean.R[1, 9]     0.09236830 0.086325008  0.001987904  0.06750081  0.31604899 1.00  1509
mean.R[2, 9]     0.33421609 0.107119610  0.140950411  0.32886713  0.55544446 1.00  3332
mean.R[3, 9]     0.30357961 0.095895291  0.134281209  0.29513195  0.51042629 1.00  2904
mean.R[4, 9]     0.27439430 0.077390267  0.139991154  0.26767111  0.44129106 1.01  3167
mean.R[5, 9]     0.12271755 0.042629453  0.050591499  0.11910108  0.21871924 1.01  3196
mean.R[1, 10]    0.09242750 0.087116807  0.002076937  0.06771482  0.31586668 1.00  1524
mean.R[2, 10]    0.33589452 0.109664692  0.139755082  0.32962955  0.56435745 1.00  2968
mean.R[3, 10]    0.29543791 0.094964359  0.127363774  0.28758944  0.49768502 1.01  3056
mean.R[4, 10]    0.28017900 0.082100358  0.141786668  0.27328942  0.46501049 1.01  2543
mean.R[5, 10]    0.12616961 0.047206939  0.051365569  0.12073953  0.23334971 1.01  2971
mean.R[1, 11]    0.09366274 0.089627420  0.002079156  0.06743708  0.32596080 1.01  1446
mean.R[2, 11]    0.33533253 0.106623968  0.143527610  0.33043699  0.55406721 1.00  3473
mean.R[3, 11]    0.29869732 0.097197845  0.131041683  0.29004774  0.50674522 1.00  2799
mean.R[4, 11]    0.26898142 0.078860588  0.129844154  0.26390977  0.43567675 1.00  3112
mean.R[5, 11]    0.12612823 0.046517382  0.052381289  0.12075070  0.23262399 1.01  3002
mean.R[1, 12]    0.09331277 0.087718505  0.002061765  0.06712634  0.32017824 1.00  1506
mean.R[2, 12]    0.33515232 0.108457174  0.138457971  0.32988414  0.56050726 1.00  3213
mean.R[3, 12]    0.29653201 0.094868258  0.128240398  0.28948939  0.49751602 1.01  3113
mean.R[4, 12]    0.26846499 0.078018888  0.129495408  0.26398660  0.43235871 1.00  3088
mean.R[5, 12]    0.12303246 0.043522148  0.050999726  0.11835991  0.22259195 1.01  3081
mean.R[1, 13]    0.09274512 0.086685026  0.002094096  0.06830728  0.31505509 1.00  1503
mean.R[2, 13]    0.33978746 0.108413980  0.148946641  0.33438589  0.56649112 1.00  3244
mean.R[3, 13]    0.29753140 0.096867875  0.126027107  0.28938342  0.50807566 1.01  3177
mean.R[4, 13]    0.26998576 0.077908903  0.131199158  0.26502559  0.43641821 1.00  3142
mean.R[5, 13]    0.13760679 0.058867890  0.059201461  0.12748959  0.28346659 1.06  2286
mean.R[1, 14]    0.09273136 0.086475673  0.002086782  0.06720200  0.31682724 1.00  1566
mean.R[2, 14]    0.33086474 0.107054629  0.138338181  0.32647131  0.55153478 1.00  3183
mean.R[3, 14]    0.29527098 0.095583020  0.123436862  0.28751287  0.49823577 1.01  3095
mean.R[4, 14]    0.27535486 0.082397487  0.137640215  0.26706609  0.45831185 1.01  2779
mean.R[5, 14]    0.12488972 0.043456347  0.052599856  0.12003689  0.22393487 1.01  3134
mean.R[1, 15]    0.09276532 0.087489801  0.002072769  0.06712564  0.31646878 1.00  1477
mean.R[2, 15]    0.34186700 0.109743610  0.148959990  0.33542413  0.57645574 1.00  3091
mean.R[3, 15]    0.29354330 0.094595676  0.121959131  0.28623690  0.49092540 1.01  3078
mean.R[4, 15]    0.26960806 0.077801067  0.132853355  0.26407702  0.43379650 1.00  3206
mean.R[5, 15]    0.12528981 0.044662070  0.050878746  0.12083761  0.22462506 1.01  3174
mean.R[1, 16]    0.09230090 0.086904726  0.002087097  0.06708662  0.31576375 1.00  1498
mean.R[2, 16]    0.34074584 0.108895883  0.145589732  0.33378865  0.56894248 1.00  3138
mean.R[3, 16]    0.29654233 0.096360660  0.125770350  0.28871766  0.50322811 1.01  3087
mean.R[4, 16]    0.26489105 0.076280400  0.126416160  0.26054636  0.42187397 1.00  3034
mean.R[5, 16]    0.12638505 0.045689282  0.052339436  0.12147228  0.22820622 1.01  3322
mean.R[1, 17]    0.09261754 0.087618194  0.002098455  0.06745362  0.32172376 1.00  1428
mean.R[2, 17]    0.33488672 0.108399485  0.139520582  0.32766195  0.56044965 1.00  3145
mean.R[3, 17]    0.29764827 0.095260031  0.134043523  0.28947493  0.50472081 1.01  3159
mean.R[4, 17]    0.27049352 0.081152908  0.132308894  0.26450558  0.44709526 1.01  2850
mean.R[5, 17]    0.12692847 0.046203499  0.053466264  0.12182532  0.23248133 1.02  2768
mean.phi[1, 1]   0.97494465 0.031123271  0.890229498  0.98522719  0.99881068 1.01  3773
mean.phi[2, 1]   0.97171617 0.031084490  0.887141909  0.98166604  0.99807609 1.01  2899
mean.phi[3, 1]   0.96871263 0.037249456  0.868598298  0.98041643  0.99791179 1.00  3319
mean.phi[4, 1]   0.93838168 0.056236356  0.786184572  0.95511560  0.99488649 1.00  3788
mean.phi[5, 1]   0.88751709 0.068752633  0.717345847  0.90154290  0.97970604 1.00  4497
mean.phi[1, 2]   0.97017108 0.030206421  0.887338025  0.97976365  0.99842262 1.00  4432
mean.phi[2, 2]   0.96139676 0.036253187  0.863676056  0.97268528  0.99714661 1.00  3013
mean.phi[3, 2]   0.96737399 0.034385184  0.873472904  0.97842052  0.99814026 1.00  2506
mean.phi[4, 2]   0.91980038 0.070328207  0.730749139  0.94004620  0.99407510 1.00  2794
mean.phi[5, 2]   0.61441157 0.112964116  0.382417773  0.61915035  0.81787605 1.00  3641
mean.phi[1, 3]   0.94611257 0.046771886  0.821741029  0.95897972  0.99608072 1.00  4690
mean.phi[2, 3]   0.95327024 0.034637680  0.863865835  0.96212824  0.99424277 1.00  4131
mean.phi[3, 3]   0.97432832 0.024444221  0.908473919  0.98191138  0.99847317 1.00  2466
mean.phi[4, 3]   0.81140548 0.113427513  0.536038087  0.83216509  0.97072640 1.00  2942
mean.phi[5, 3]   0.68910275 0.111115063  0.457580093  0.69507210  0.88332651 1.00  3521
mean.phi[1, 4]   0.96804616 0.034173207  0.872466573  0.97930437  0.99845331 1.00  3985
mean.phi[2, 4]   0.94841148 0.031638809  0.869265011  0.95522893  0.98961134 1.00  4533
mean.phi[3, 4]   0.92996163 0.039815475  0.832493557  0.93746061  0.98400263 1.00  4556
mean.phi[4, 4]   0.93868723 0.050968360  0.804481171  0.95254764  0.99421543 1.01  2734
mean.phi[5, 4]   0.68967442 0.112352428  0.446119831  0.69832402  0.87982439 1.00  3804
mean.phi[1, 5]   0.98111591 0.020464408  0.925041139  0.98752436  0.99861856 1.01  3467
mean.phi[2, 5]   0.98096528 0.017219122  0.933915137  0.98592733  0.99810484 1.01  3510
mean.phi[3, 5]   0.95533633 0.023740730  0.898512375  0.95971457  0.98836913 1.00  4043
mean.phi[4, 5]   0.95979978 0.031507858  0.877847243  0.96839664  0.99499646 1.00  2872
mean.phi[5, 5]   0.81856209 0.082230444  0.631745623  0.83090128  0.94405746 1.01  3332
mean.phi[1, 6]   0.97155185 0.038959218  0.863324892  0.98429698  0.99850499 1.00  2894
mean.phi[2, 6]   0.98056633 0.017324990  0.932722969  0.98581010  0.99813309 1.00  3056
mean.phi[3, 6]   0.98772373 0.009723524  0.961857096  0.99031548  0.99850839 1.01  3228
mean.phi[4, 6]   0.72476119 0.092243372  0.521666016  0.73320352  0.88265206 1.00  3314
mean.phi[5, 6]   0.44349641 0.111387688  0.236346465  0.44196622  0.66312287 1.00  2678
mean.phi[1, 7]   0.98038135 0.023057530  0.915130552  0.98780693  0.99876989 1.01  3085
mean.phi[2, 7]   0.95905742 0.034606268  0.866174624  0.96884204  0.99531170 1.00  3166
mean.phi[3, 7]   0.97366677 0.015531059  0.935432308  0.97684617  0.99416954 1.00  4005
mean.phi[4, 7]   0.96494317 0.027824714  0.890333557  0.97239419  0.99585994 1.00  3144
mean.phi[5, 7]   0.85058807 0.098404843  0.601387846  0.87279935  0.97598316 1.00  3316
mean.phi[1, 8]   0.97550342 0.031299889  0.890912308  0.98556184  0.99853062 1.01  3060
mean.phi[2, 8]   0.97664627 0.023312861  0.913293865  0.98386110  0.99791634 1.00  3447
mean.phi[3, 8]   0.95228094 0.022733013  0.899096062  0.95616670  0.98480445 1.00  3835
mean.phi[4, 8]   0.82917197 0.058047117  0.699487881  0.83596962  0.92432543 1.00  3902
mean.phi[5, 8]   0.56211385 0.135576966  0.289882210  0.56777231  0.80684785 1.00  2391
mean.phi[1, 9]   0.98646180 0.012851847  0.950708234  0.99049836  0.99889521 1.00  3339
mean.phi[2, 9]   0.97917123 0.019736954  0.925776632  0.98495221  0.99806984 1.00  3667
mean.phi[3, 9]   0.94967028 0.027505784  0.880780390  0.95480574  0.98723276 1.00  3789
mean.phi[4, 9]   0.87652417 0.042434709  0.781937224  0.88122661  0.94620076 1.01  3807
mean.phi[5, 9]   0.58128264 0.119874073  0.333242188  0.58655759  0.80218105 1.00  2605
mean.phi[1, 10]  0.96252136 0.034499988  0.868789150  0.97300550  0.99659007 1.00  3687
mean.phi[2, 10]  0.98498403 0.012878206  0.951596148  0.98873395  0.99843486 1.01  3464
mean.phi[3, 10]  0.97421459 0.018705519  0.926011126  0.97901315  0.99622827 1.00  3646
mean.phi[4, 10]  0.91136853 0.035371510  0.829767893  0.91611177  0.96566578 1.00  4064
mean.phi[5, 10]  0.93435380 0.046756591  0.811431899  0.94505670  0.99110230 1.00  2957
mean.phi[1, 11]  0.98218292 0.018445495  0.931726555  0.98811900  0.99876016 1.01  3577
mean.phi[2, 11]  0.95375114 0.024446880  0.894175697  0.95822290  0.98806100 1.00  3700
mean.phi[3, 11]  0.98272800 0.015348981  0.939768027  0.98724441  0.99830408 1.00  3423
mean.phi[4, 11]  0.97613419 0.017166499  0.933168036  0.98006161  0.99666801 1.00  3172
mean.phi[5, 11]  0.92579828 0.042405010  0.819616175  0.93315706  0.98433415 1.00  3366
mean.phi[1, 12]  0.98361038 0.015982820  0.939734684  0.98872011  0.99857475 1.00  3367
mean.phi[2, 12]  0.98116728 0.016235221  0.938248645  0.98560682  0.99817290 1.00  3257
mean.phi[3, 12]  0.97887445 0.014147737  0.942814457  0.98209756  0.99648744 1.00  3668
mean.phi[4, 12]  0.95861326 0.025537480  0.894651858  0.96411541  0.99157227 1.00  3693
mean.phi[5, 12]  0.86527456 0.046253286  0.761686519  0.87056660  0.94104040 1.00  3800
mean.phi[1, 13]  0.98331318 0.015563046  0.943270996  0.98787409  0.99847164 1.00  3915
mean.phi[2, 13]  0.97221274 0.019787135  0.919925594  0.97700913  0.99543380 1.00  3621
mean.phi[3, 13]  0.98700625 0.010164433  0.960893720  0.98971217  0.99823527 1.01  3553
mean.phi[4, 13]  0.96434841 0.026148003  0.896412805  0.97094723  0.99527841 1.00  3071
mean.phi[5, 13]  0.92594595 0.032251196  0.850023142  0.93033303  0.97509350 1.00  3279
mean.phi[1, 14]  0.98262892 0.016773572  0.936511188  0.98768411  0.99856379 1.01  3717
mean.phi[2, 14]  0.96532075 0.021295550  0.910718338  0.97009593  0.99254281 1.00  3918
mean.phi[3, 14]  0.98774249 0.009860207  0.962235035  0.99048414  0.99855924 1.00  3166
mean.phi[4, 14]  0.94908947 0.031237648  0.872347480  0.95564185  0.99016375 1.00  3762
mean.phi[5, 14]  0.85414744 0.041747036  0.762750789  0.85743551  0.92533161 1.00  3706
mean.phi[1, 15]  0.98578186 0.013693325  0.949592635  0.98985512  0.99888815 1.00  3656
mean.phi[2, 15]  0.97671212 0.016306889  0.934175048  0.98060260  0.99628010 1.00  3600
mean.phi[3, 15]  0.98358861 0.010850754  0.955488538  0.98605291  0.99694438 1.00  3937
mean.phi[4, 15]  0.96223531 0.029811320  0.883876940  0.96981045  0.99569796 1.01  3573
mean.phi[5, 15]  0.95061522 0.023332346  0.895301749  0.95388387  0.98552187 1.00  3619
mean.phi[1, 16]  0.98332834 0.016268590  0.939052085  0.98855012  0.99861992 1.00  3802
mean.phi[2, 16]  0.97816764 0.015168547  0.939252243  0.98177706  0.99631364 1.00  3671
mean.phi[3, 16]  0.98836007 0.009166621  0.963724970  0.99080301  0.99849077 1.00  3389
mean.phi[4, 16]  0.95571224 0.023609901  0.897886483  0.95996334  0.98863123 1.00  3223
mean.phi[5, 16]  0.97089461 0.018219671  0.925339135  0.97506757  0.99466546 1.00  2448
mean.phi[1, 17]  0.97829661 0.028940892  0.899035217  0.98782103  0.99925600 1.00  3460
mean.phi[2, 17]  0.98716533 0.011341506  0.957728286  0.99041643  0.99900425 1.00  3545
mean.phi[3, 17]  0.98922081 0.009203390  0.964512379  0.99193859  0.99900237 1.00  3395
mean.phi[4, 17]  0.97928354 0.016029929  0.937265191  0.98347783  0.99765025 1.00  3515
mean.phi[5, 17]  0.97703490 0.015901069  0.936576873  0.98067020  0.99689730 1.00  2863
mean.rO[1]       0.95971819 0.020301264  0.912424634  0.96288604  0.98890387 1.00  2702
mean.rO[2]       0.95961378 0.020512193  0.912338755  0.96300917  0.98866954 1.00  2439
mean.rO[3]       0.96003415 0.019948184  0.913787854  0.96315731  0.98894274 1.00  2514
mean.rO[4]       0.95990926 0.019954179  0.914432534  0.96300899  0.98904223 1.00  2501
mean.rO[5]       0.96010968 0.019797361  0.914093067  0.96322745  0.98893079 1.00  2583
mean.rO[6]       0.95983518 0.020138693  0.911993893  0.96328224  0.98890258 1.00  2440
mean.rO[7]       0.96015635 0.019744640  0.914097412  0.96340033  0.98888143 1.00  2682
mean.rO[8]       0.95992547 0.020008691  0.912586946  0.96314660  0.98884338 1.00  2529
mean.rO[9]       0.96007274 0.019933538  0.913789798  0.96324975  0.98886419 1.00  2555
mean.rO[10]      0.96026239 0.019607326  0.914910383  0.96328896  0.98895113 1.00  2550
mean.rO[11]      0.96007758 0.019958440  0.913629278  0.96311072  0.98918283 1.00  2515
mean.rO[12]      0.95991005 0.020396259  0.911761918  0.96328499  0.98892331 1.00  2419
mean.rO[13]      0.96013167 0.019733331  0.914306945  0.96318319  0.98870834 1.00  2616
mean.rO[14]      0.95964866 0.020485904  0.911173760  0.96311870  0.98867636 1.00  2432
mean.rO[15]      0.95988916 0.020091774  0.911733949  0.96314800  0.98866811 1.00  2529
mean.rO[16]      0.95993303 0.019901675  0.914037502  0.96301226  0.98878508 1.00  2630
mean.rO[17]      0.95996343 0.020027369  0.913378157  0.96314729  0.98891634 1.00  2545
mean.rO[18]      0.95967957 0.020275574  0.912415921  0.96286748  0.98871567 1.00  2583
mean.rR[1]       0.89273479 0.051305782  0.771586313  0.90036556  0.96945176 1.00  2935
mean.rR[2]       0.89322158 0.050782065  0.772854208  0.90033516  0.96934636 1.00  2686
mean.rR[3]       0.89281836 0.051139132  0.773969841  0.90068336  0.96951756 1.00  2623
mean.rR[4]       0.89223176 0.051192123  0.772532586  0.90012824  0.96888821 1.00  2588
mean.rR[5]       0.89326694 0.051140981  0.773210926  0.90060980  0.96971561 1.00  2526
mean.rR[6]       0.89374841 0.049843387  0.777571009  0.90133277  0.96827076 1.00  2783
mean.rR[7]       0.89384419 0.050600505  0.777185415  0.90150750  0.96945460 1.00  2613
mean.rR[8]       0.89298249 0.050942953  0.772114153  0.90067732  0.96951838 1.00  2561
mean.rR[9]       0.89373925 0.049950313  0.776091436  0.90125079  0.96971555 1.00  2738
mean.rR[10]      0.89389482 0.049753259  0.776845281  0.90135341  0.96897679 1.00  2709
mean.rR[11]      0.89328807 0.050177851  0.774541506  0.90068630  0.96867211 1.00  2755
mean.rR[12]      0.89364288 0.050413547  0.777010352  0.90162084  0.96959183 1.00  2539
mean.rR[13]      0.89330241 0.050966474  0.774850824  0.90131857  0.96959822 1.00  2645
mean.rR[14]      0.89423599 0.049257219  0.782224115  0.90174976  0.96929925 1.00  2735
mean.rR[15]      0.89419442 0.050154553  0.777272798  0.90149771  0.96950277 1.00  2635
mean.rR[16]      0.89387570 0.049926821  0.777187386  0.90112260  0.96963462 1.00  2798
mean.rR[17]      0.89340725 0.050531381  0.777802670  0.90102228  0.96928719 1.00  2664
mean.rR[18]      0.89186241 0.052198756  0.768867443  0.89986575  0.96941731 1.00  2494
mu.M[1]          0.23140083 0.028232393  0.176749102  0.23097071  0.28830178 1.00  2227
mu.M[2]          0.08646460 0.013643909  0.061031067  0.08598958  0.11492789 1.00  2191
mu.M[3]          0.02773384 0.006172432  0.016669653  0.02742525  0.04072879 1.01  2475
mu.M[4]          0.01513219 0.005842720  0.005998889  0.01443424  0.02854270 1.00  2577
mu.M[5]          0.03775740 0.009476713  0.021855396  0.03677614  0.05868859 1.01  2430
mu.Pi            0.99669592 0.001957922  0.992059376  0.99705413  0.99951730 1.00  1550
mu.Po            0.01752873 0.003978909  0.010593507  0.01730144  0.02599528 1.00  2992
mu.R[1]          0.09160557 0.084174204  0.002208255  0.06771473  0.30845146 1.00  1481
mu.R[2]          0.33493178 0.101426579  0.152762858  0.32979151  0.54374984 1.00  3383
mu.R[3]          0.29561358 0.088671288  0.139228742  0.28914312  0.48144893 1.01  3215
mu.R[4]          0.26773076 0.070787713  0.139628826  0.26261518  0.41793355 1.00  3214
mu.R[5]          0.12482460 0.040001919  0.057460295  0.12117250  0.21512935 1.00  3246
mu.phi[1]        0.97955999 0.010595875  0.953989707  0.98180861  0.99367501 1.02  1465
mu.phi[2]        0.97296545 0.009903764  0.949712415  0.97451259  0.98803118 1.00  1117
mu.phi[3]        0.97572221 0.008354784  0.956094784  0.97696992  0.98841268 1.01   894
mu.phi[4]        0.93058363 0.021942475  0.881003513  0.93278732  0.96468225 1.00   631
mu.phi[5]        0.82859487 0.040736178  0.738736283  0.83175455  0.89864533 1.01   511
mu.rO            0.96002557 0.019351683  0.914987116  0.96291785  0.98845169 1.00  2560
mu.rR            0.89366217 0.048532280  0.783782514  0.90026670  0.96786538 1.00  2751
sigma.M          0.25184939 0.145615821  0.034356242  0.24607089  0.54033036 1.71    33
sigma.Pi         0.11598492 0.101614265  0.011321645  0.08718591  0.40776506 1.05    58
sigma.Po         0.11836358 0.116160066  0.006330264  0.08027722  0.44457365 1.14    59
sigma.R          0.12169111 0.152321695  0.003889718  0.06103602  0.60528190 2.20    17
sigma.phi        1.02927840 0.163156992  0.741096458  1.01741423  1.37907306 1.00   399
sigma.rO         0.10117472 0.081528455  0.015324294  0.07870957  0.31641110 1.18    78
sigma.rR         0.11233401 0.097587785  0.009800187  0.08505212  0.37005271 1.02    58
veg[1]          -0.35342182 0.916358805 -2.162867212 -0.35255775  1.42597731 1.01  2550
veg[2]           1.78600000 0.000000000  1.786000000  1.78600000  1.78600000  NaN     0
veg[3]           2.19000000 0.000000000  2.190000000  2.19000000  2.19000000  NaN     0
veg[4]           1.65100000 0.000000000  1.651000000  1.65100000  1.65100000  NaN     0
veg[5]          -0.54900000 0.000000000 -0.549000000 -0.54900000 -0.54900000  NaN     0
veg[6]          -0.44700000 0.000000000 -0.447000000 -0.44700000 -0.44700000  NaN     0
veg[7]          -0.95300000 0.000000000 -0.953000000 -0.95300000 -0.95300000  NaN     0
veg[8]          -0.51800000 0.000000000 -0.518000000 -0.51800000 -0.51800000  NaN     0
veg[9]          -0.53700000 0.000000000 -0.537000000 -0.53700000 -0.53700000  NaN     0
veg[10]         -0.66400000 0.000000000 -0.664000000 -0.66400000 -0.66400000  NaN     0
veg[11]         -0.50900000 0.000000000 -0.509000000 -0.50900000 -0.50900000  NaN     0
veg[12]         -0.37700000 0.000000000 -0.377000000 -0.37700000 -0.37700000  NaN     0
veg[13]          0.07500000 0.000000000  0.075000000  0.07500000  0.07500000  NaN     0
veg[14]         -0.24300000 0.000000000 -0.243000000 -0.24300000 -0.24300000  NaN     0
veg[15]         -0.51000000 0.000000000 -0.510000000 -0.51000000 -0.51000000  NaN     0
veg[16]         -0.39400000 0.000000000 -0.394000000 -0.39400000 -0.39400000  NaN     0
veg[17]         -1.10049477 1.098566489 -3.152815767 -1.16050284  1.23215571 1.01   735
