Information and diagnostics 
=========================== 
Total iter:                       10000 
Thin:                             1 
Num chains:                       3 
Max Rhat:                         1.01 
Min n.eff:                        0 


Model summary 
============= 
                      mean          sd       2.5%        50%      97.5% Rhat n.eff
mean.R[1, 1]    0.29564234 0.015721997 0.26455382 0.29543084 0.32785785 1.00  6166
mean.R[2, 1]    0.09791366 0.006688922 0.08501717 0.09772419 0.11189698 1.00  6152
mean.R[3, 1]    0.15531469 0.009924346 0.13603622 0.15507634 0.17594487 1.00  6156
mean.R[4, 1]    0.15232541 0.009768291 0.13335741 0.15208860 0.17263722 1.00  6156
mean.R[5, 1]    0.15337049 0.009823004 0.13429368 0.15313314 0.17379395 1.00  6156
mean.R[1, 2]    0.29362114 0.015596918 0.26352933 0.29337905 0.32571443 1.00  5831
mean.R[2, 2]    0.09705672 0.006617529 0.08460795 0.09685673 0.11093241 1.00  5707
mean.R[3, 2]    0.15404174 0.009826097 0.13541778 0.15378656 0.17453671 1.00  5721
mean.R[4, 2]    0.15107254 0.009671191 0.13274928 0.15081924 0.17125003 1.00  5720
mean.R[5, 2]    0.15211059 0.009725500 0.13368193 0.15185661 0.17239941 1.00  5720
mean.R[1, 3]    0.29420721 0.015575826 0.26384231 0.29403293 0.32560663 1.00  5930
mean.R[2, 3]    0.09730443 0.006635157 0.08473288 0.09713281 0.11088401 1.00  5893
mean.R[3, 3]    0.15440994 0.009839293 0.13560662 0.15419721 0.17446599 1.00  5916
mean.R[4, 3]    0.15143491 0.009684808 0.13293498 0.15122338 0.17118037 1.00  5915
mean.R[5, 3]    0.15247500 0.009738972 0.13386873 0.15226304 0.17232938 1.00  5915
mean.R[1, 4]    0.27181749 0.000000000 0.27181749 0.27181749 0.27181749  NaN     0
mean.R[2, 4]    0.08794086 0.000000000 0.08794086 0.08794086 0.08794086  NaN     0
mean.R[3, 4]    0.14044512 0.000000000 0.14044512 0.14044512 0.14044512  NaN     0
mean.R[4, 4]    0.13769333 0.000000000 0.13769333 0.13769333 0.13769333  NaN     0
mean.R[5, 4]    0.13865517 0.000000000 0.13865517 0.13865517 0.13865517  NaN     0
mean.R[1, 5]    0.27723562 0.000000000 0.27723562 0.27723562 0.27723562  NaN     0
mean.R[2, 5]    0.09014753 0.000000000 0.09014753 0.09014753 0.09014753  NaN     0
mean.R[3, 5]    0.14376159 0.000000000 0.14376159 0.14376159 0.14376159  NaN     0
mean.R[4, 5]    0.14095548 0.000000000 0.14095548 0.14095548 0.14095548  NaN     0
mean.R[5, 5]    0.14193635 0.000000000 0.14193635 0.14193635 0.14193635  NaN     0
mean.R[1, 6]    0.29316020 0.000000000 0.29316020 0.29316020 0.29316020  NaN     0
mean.R[2, 6]    0.09676440 0.000000000 0.09676440 0.09676440 0.09676440  NaN     0
mean.R[3, 6]    0.15364920 0.000000000 0.15364920 0.15364920 0.15364920  NaN     0
mean.R[4, 6]    0.15068406 0.000000000 0.15068406 0.15068406 0.15068406  NaN     0
mean.R[5, 6]    0.15172067 0.000000000 0.15172067 0.15172067 0.15172067  NaN     0
mean.R[1, 7]    0.30990626 0.000000000 0.30990626 0.30990626 0.30990626  NaN     0
mean.R[2, 7]    0.10394154 0.000000000 0.10394154 0.10394154 0.10394154  NaN     0
mean.R[3, 7]    0.16427817 0.000000000 0.16427817 0.16427817 0.16427817  NaN     0
mean.R[4, 7]    0.16114697 0.000000000 0.16114697 0.16114697 0.16114697  NaN     0
mean.R[5, 7]    0.16224181 0.000000000 0.16224181 0.16224181 0.16224181  NaN     0
mean.R[1, 8]    0.29861782 0.015658505 0.26885771 0.29803814 0.33233031 1.00  5763
mean.R[2, 8]    0.09917848 0.006717647 0.08674477 0.09883140 0.11392274 1.00  5724
mean.R[3, 8]    0.15719199 0.009942966 0.13864347 0.15672048 0.17889657 1.00  5736
mean.R[4, 8]    0.15417315 0.009787849 0.13592140 0.15370683 0.17554526 1.00  5735
mean.R[5, 8]    0.15522860 0.009842239 0.13687282 0.15476045 0.17671732 1.00  5735
mean.R[1, 9]    0.30671987 0.000000000 0.30671987 0.30671987 0.30671987  NaN     0
mean.R[2, 9]    0.10255812 0.000000000 0.10255812 0.10255812 0.10255812  NaN     0
mean.R[3, 9]    0.16223709 0.000000000 0.16223709 0.16223709 0.16223709  NaN     0
mean.R[4, 9]    0.15913738 0.000000000 0.15913738 0.15913738 0.15913738  NaN     0
mean.R[5, 9]    0.16022118 0.000000000 0.16022118 0.16022118 0.16022118  NaN     0
mean.R[1, 10]   0.29693731 0.015708146 0.26777222 0.29612800 0.33026145 1.00  6008
mean.R[2, 10]   0.09846376 0.006730362 0.08630775 0.09801971 0.11298345 1.00  5976
mean.R[3, 10]   0.15613123 0.009964943 0.13798449 0.15551540 0.17752891 1.00  5986
mean.R[4, 10]   0.15312908 0.009809310 0.13527333 0.15252073 0.17419778 1.00  5985
mean.R[5, 10]   0.15417868 0.009863880 0.13622093 0.15356769 0.17536276 1.00  5985
mean.R[1, 11]   0.29443273 0.015574691 0.26413975 0.29417351 0.32606029 1.00  6179
mean.R[2, 11]   0.09739948 0.006613850 0.08485168 0.09719221 0.11108778 1.00  6136
mean.R[3, 11]   0.15455148 0.009818048 0.13578616 0.15428555 0.17476364 1.00  6150
mean.R[4, 11]   0.15157421 0.009663398 0.13311152 0.15131032 0.17147358 1.00  6149
mean.R[5, 11]   0.15261508 0.009717618 0.13404632 0.15235047 0.17262415 1.00  6149
mean.R[1, 12]   0.29279813 0.015409376 0.26293817 0.29292292 0.32350002 1.00  6330
mean.R[2, 12]   0.09670674 0.006509510 0.08437218 0.09666434 0.10994014 1.00  6329
mean.R[3, 12]   0.15352240 0.009678512 0.13506130 0.15350031 0.17308626 1.00  6330
mean.R[4, 12]   0.15056137 0.009525287 0.13239875 0.15053753 0.16982129 1.00  6330
mean.R[5, 12]   0.15159655 0.009579004 0.13332932 0.15157332 0.17096305 1.00  6330
mean.R[1, 13]   0.29825112 0.015731952 0.26894110 0.29760075 0.33180085 1.00  6201
mean.R[2, 13]   0.09902323 0.006753967 0.08677838 0.09864527 0.11368200 1.00  6165
mean.R[3, 13]   0.15696123 0.009994307 0.13869413 0.15644426 0.17854619 1.00  6176
mean.R[4, 13]   0.15394604 0.009838505 0.13597123 0.15343496 0.17520004 1.00  6176
mean.R[5, 13]   0.15500021 0.009893136 0.13692294 0.15448705 0.17637029 1.00  6176
mean.R[1, 14]   0.29393537 0.015426381 0.26332604 0.29405557 0.32460964 1.00  6013
mean.R[2, 14]   0.09718700 0.006522877 0.08452684 0.09714237 0.11043682 1.00  6024
mean.R[3, 14]   0.15423665 0.009695601 0.13529516 0.15421143 0.17381251 1.00  6021
mean.R[4, 14]   0.15126430 0.009542247 0.13262871 0.15123738 0.17053666 1.00  6021
mean.R[5, 14]   0.15230345 0.009596009 0.13356064 0.15227711 0.17168224 1.00  6021
mean.R[1, 15]   0.29729080 0.000000000 0.29729080 0.29729080 0.29729080  NaN     0
mean.R[2, 15]   0.09851347 0.000000000 0.09851347 0.09851347 0.09851347  NaN     0
mean.R[3, 15]   0.15624862 0.000000000 0.15624862 0.15624862 0.15624862  NaN     0
mean.R[4, 15]   0.15324240 0.000000000 0.15324240 0.15324240 0.15324240  NaN     0
mean.R[5, 15]   0.15429342 0.000000000 0.15429342 0.15429342 0.15429342  NaN     0
mean.R[1, 16]   0.30495254 0.000000000 0.30495254 0.30495254 0.30495254  NaN     0
mean.R[2, 16]   0.10179445 0.000000000 0.10179445 0.10179445 0.10179445  NaN     0
mean.R[3, 16]   0.16110881 0.000000000 0.16110881 0.16110881 0.16110881  NaN     0
mean.R[4, 16]   0.15802659 0.000000000 0.15802659 0.15802659 0.15802659  NaN     0
mean.R[5, 16]   0.15910425 0.000000000 0.15910425 0.15910425 0.15910425  NaN     0
mean.R[1, 17]   0.28557313 0.000000000 0.28557313 0.28557313 0.28557313  NaN     0
mean.R[2, 17]   0.09358714 0.000000000 0.09358714 0.09358714 0.09358714  NaN     0
mean.R[3, 17]   0.14891206 0.000000000 0.14891206 0.14891206 0.14891206  NaN     0
mean.R[4, 17]   0.14602256 0.000000000 0.14602256 0.14602256 0.14602256  NaN     0
mean.R[5, 17]   0.14703266 0.000000000 0.14703266 0.14703266 0.14703266  NaN     0
mean.p[1]       0.81527089 0.009825742 0.79556671 0.81535887 0.83389511 1.00  6561
mean.p[2]       0.81527089 0.009825742 0.79556671 0.81535887 0.83389511 1.00  6561
mean.p[3]       0.81527089 0.009825742 0.79556671 0.81535887 0.83389511 1.00  6561
mean.p[4]       0.81527089 0.009825742 0.79556671 0.81535887 0.83389511 1.00  6561
mean.p[5]       0.81527089 0.009825742 0.79556671 0.81535887 0.83389511 1.00  6561
mean.p[6]       0.81527089 0.009825742 0.79556671 0.81535887 0.83389511 1.00  6561
mean.p[7]       0.81527089 0.009825742 0.79556671 0.81535887 0.83389511 1.00  6561
mean.p[8]       0.81527089 0.009825742 0.79556671 0.81535887 0.83389511 1.00  6561
mean.p[9]       0.81527089 0.009825742 0.79556671 0.81535887 0.83389511 1.00  6561
mean.p[10]      0.81527089 0.009825742 0.79556671 0.81535887 0.83389511 1.00  6561
mean.p[11]      0.81527089 0.009825742 0.79556671 0.81535887 0.83389511 1.00  6561
mean.p[12]      0.81527089 0.009825742 0.79556671 0.81535887 0.83389511 1.00  6561
mean.p[13]      0.81527089 0.009825742 0.79556671 0.81535887 0.83389511 1.00  6561
mean.p[14]      0.81527089 0.009825742 0.79556671 0.81535887 0.83389511 1.00  6561
mean.p[15]      0.81527089 0.009825742 0.79556671 0.81535887 0.83389511 1.00  6561
mean.p[16]      0.81527089 0.009825742 0.79556671 0.81535887 0.83389511 1.00  6561
mean.p[17]      0.81527089 0.009825742 0.79556671 0.81535887 0.83389511 1.00  6561
mean.p[18]      0.81527089 0.009825742 0.79556671 0.81535887 0.83389511 1.00  6561
mean.phi[1, 1]  0.79371287 0.020018458 0.75269225 0.79451004 0.83149900 1.00  6871
mean.phi[2, 1]  0.76384412 0.022143355 0.71918462 0.76443801 0.80701343 1.00  6786
mean.phi[3, 1]  0.80198192 0.019238718 0.76262313 0.80281180 0.83837647 1.00  6955
mean.phi[4, 1]  0.72182845 0.024715340 0.67140311 0.72274008 0.76791515 1.00  6633
mean.phi[5, 1]  0.78248082 0.020449621 0.74128137 0.78303863 0.82111066 1.00  6970
mean.phi[1, 2]  0.79574298 0.019402879 0.75582122 0.79599286 0.83273413 1.00  7101
mean.phi[2, 2]  0.76385275 0.021678688 0.72040014 0.76408509 0.80479750 1.00  7085
mean.phi[3, 2]  0.80616842 0.018557242 0.76803625 0.80674016 0.84088420 1.00  7448
mean.phi[4, 2]  0.72281942 0.023935002 0.67472174 0.72364215 0.76811614 1.00  6643
mean.phi[5, 2]  0.77156407 0.021132503 0.72759309 0.77258169 0.81058430 1.00  6489
mean.phi[1, 3]  0.79920411 0.018829332 0.76062117 0.79964866 0.83494329 1.00  6687
mean.phi[2, 3]  0.76497015 0.021318547 0.72153156 0.76539406 0.80555220 1.00  6726
mean.phi[3, 3]  0.80976086 0.018177398 0.77243157 0.81020345 0.84416806 1.00  6886
mean.phi[4, 3]  0.71829347 0.024259077 0.66859182 0.71897819 0.76382214 1.00  6470
mean.phi[5, 3]  0.77555223 0.020965194 0.73255825 0.77623703 0.81494283 1.00  6145
mean.phi[1, 4]  0.80976309 0.000000000 0.80976309 0.80976309 0.80976309  NaN     0
mean.phi[2, 4]  0.75461615 0.000000000 0.75461615 0.75461615 0.75461615  NaN     0
mean.phi[3, 4]  0.81356994 0.000000000 0.81356994 0.81356994 0.81356994  NaN     0
mean.phi[4, 4]  0.66711790 0.000000000 0.66711790 0.66711790 0.66711790  NaN     0
mean.phi[5, 4]  0.75019679 0.000000000 0.75019679 0.75019679 0.75019679  NaN     0
mean.phi[1, 5]  0.78115136 0.000000000 0.78115136 0.78115136 0.78115136  NaN     0
mean.phi[2, 5]  0.77985635 0.000000000 0.77985635 0.77985635 0.77985635  NaN     0
mean.phi[3, 5]  0.79217717 0.000000000 0.79217717 0.79217717 0.79217717  NaN     0
mean.phi[4, 5]  0.69735540 0.000000000 0.69735540 0.69735540 0.69735540  NaN     0
mean.phi[5, 5]  0.78620237 0.000000000 0.78620237 0.78620237 0.78620237  NaN     0
mean.phi[1, 6]  0.78237489 0.000000000 0.78237489 0.78237489 0.78237489  NaN     0
mean.phi[2, 6]  0.74054841 0.000000000 0.74054841 0.74054841 0.74054841  NaN     0
mean.phi[3, 6]  0.80393004 0.000000000 0.80393004 0.80393004 0.80393004  NaN     0
mean.phi[4, 6]  0.68802981 0.000000000 0.68802981 0.68802981 0.68802981  NaN     0
mean.phi[5, 6]  0.77876456 0.000000000 0.77876456 0.77876456 0.77876456  NaN     0
mean.phi[1, 7]  0.75351632 0.000000000 0.75351632 0.75351632 0.75351632  NaN     0
mean.phi[2, 7]  0.77258022 0.000000000 0.77258022 0.77258022 0.77258022  NaN     0
mean.phi[3, 7]  0.82851311 0.000000000 0.82851311 0.82851311 0.82851311  NaN     0
mean.phi[4, 7]  0.72110533 0.000000000 0.72110533 0.72110533 0.72110533  NaN     0
mean.phi[5, 7]  0.76920410 0.000000000 0.76920410 0.76920410 0.76920410  NaN     0
mean.phi[1, 8]  0.79580765 0.019925488 0.75401581 0.79638275 0.83303728 1.00  6549
mean.phi[2, 8]  0.76089678 0.022181739 0.71510448 0.76167299 0.80227514 1.00  6652
mean.phi[3, 8]  0.81341175 0.017601050 0.77788160 0.81372014 0.84657888 1.00  6251
mean.phi[4, 8]  0.71965603 0.023729159 0.67107336 0.72000138 0.76534855 1.00  6587
mean.phi[5, 8]  0.76884381 0.021702531 0.72371174 0.76971809 0.80889568 1.00  6424
mean.phi[1, 9]  0.79278290 0.000000000 0.79278290 0.79278290 0.79278290  NaN     0
mean.phi[2, 9]  0.72470585 0.000000000 0.72470585 0.72470585 0.72470585  NaN     0
mean.phi[3, 9]  0.81426142 0.000000000 0.81426142 0.81426142 0.81426142  NaN     0
mean.phi[4, 9]  0.71890629 0.000000000 0.71890629 0.71890629 0.71890629  NaN     0
mean.phi[5, 9]  0.74538874 0.000000000 0.74538874 0.74538874 0.74538874  NaN     0
mean.phi[1, 10] 0.80558751 0.018801629 0.76736771 0.80576571 0.84173828 1.00  6484
mean.phi[2, 10] 0.76169980 0.022806671 0.71482911 0.76241767 0.80405735 1.00  6637
mean.phi[3, 10] 0.80735073 0.018575057 0.76927269 0.80802073 0.84264957 1.00  6643
mean.phi[4, 10] 0.73599441 0.022636085 0.69082652 0.73626508 0.77986595 1.00  6190
mean.phi[5, 10] 0.78163624 0.020478480 0.73892593 0.78220970 0.81992009 1.00  6761
mean.phi[1, 11] 0.79225348 0.019933719 0.75098431 0.79279179 0.82954242 1.00  6512
mean.phi[2, 11] 0.77339503 0.020916607 0.73160638 0.77362442 0.81413877 1.00  5942
mean.phi[3, 11] 0.80643046 0.018439525 0.76829278 0.80712335 0.84118446 1.00  6727
mean.phi[4, 11] 0.73448033 0.022758389 0.68965431 0.73445513 0.77843528 1.00  6054
mean.phi[5, 11] 0.78421301 0.020066169 0.74375187 0.78458101 0.82269163 1.00  6559
mean.phi[1, 12] 0.80003258 0.019237372 0.76098612 0.80028581 0.83709479 1.00  6670
mean.phi[2, 12] 0.76554454 0.021632088 0.72141585 0.76569020 0.80683327 1.00  6366
mean.phi[3, 12] 0.81239974 0.018125137 0.77602298 0.81274190 0.84680986 1.00  6479
mean.phi[4, 12] 0.72961222 0.023860887 0.68145991 0.72993441 0.77553832 1.00  6609
mean.phi[5, 12] 0.77745232 0.020019593 0.73622230 0.77826128 0.81478040 1.00  6769
mean.phi[1, 13] 0.79856223 0.019262804 0.75889568 0.79915443 0.83457223 1.00  6752
mean.phi[2, 13] 0.77003760 0.020889715 0.72688087 0.77078149 0.80957805 1.00  6426
mean.phi[3, 13] 0.81858268 0.017512405 0.78396490 0.81882905 0.85271506 1.00  6268
mean.phi[4, 13] 0.72610743 0.024082057 0.67791602 0.72650485 0.77158605 1.00  6366
mean.phi[5, 13] 0.78685096 0.019646376 0.74658531 0.78730705 0.82435039 1.00  6733
mean.phi[1, 14] 0.79659017 0.019331291 0.75644688 0.79728112 0.83342323 1.00  6418
mean.phi[2, 14] 0.76760808 0.021144845 0.72501181 0.76813351 0.80787474 1.00  6605
mean.phi[3, 14] 0.81603956 0.017645302 0.78072553 0.81631408 0.85017192 1.00  6336
mean.phi[4, 14] 0.71717142 0.024125735 0.66756435 0.71786101 0.76276212 1.00  6442
mean.phi[5, 14] 0.76555145 0.021198249 0.72104418 0.76641711 0.80439595 1.00  6805
mean.phi[1, 15] 0.79041793 0.000000000 0.79041793 0.79041793 0.79041793  NaN     0
mean.phi[2, 15] 0.72045730 0.000000000 0.72045730 0.72045730 0.72045730  NaN     0
mean.phi[3, 15] 0.79058063 0.000000000 0.79058063 0.79058063 0.79058063  NaN     0
mean.phi[4, 15] 0.73649905 0.000000000 0.73649905 0.73649905 0.73649905  NaN     0
mean.phi[5, 15] 0.76528625 0.000000000 0.76528625 0.76528625 0.76528625  NaN     0
mean.phi[1, 16] 0.75677434 0.000000000 0.75677434 0.75677434 0.75677434  NaN     0
mean.phi[2, 16] 0.78079306 0.000000000 0.78079306 0.78079306 0.78079306  NaN     0
mean.phi[3, 16] 0.79898801 0.000000000 0.79898801 0.79898801 0.79898801  NaN     0
mean.phi[4, 16] 0.72716895 0.000000000 0.72716895 0.72716895 0.72716895  NaN     0
mean.phi[5, 16] 0.75807199 0.000000000 0.75807199 0.75807199 0.75807199  NaN     0
mean.phi[1, 17] 0.78611651 0.000000000 0.78611651 0.78611651 0.78611651  NaN     0
mean.phi[2, 17] 0.76655221 0.000000000 0.76655221 0.76655221 0.76655221  NaN     0
mean.phi[3, 17] 0.79192692 0.000000000 0.79192692 0.79192692 0.79192692  NaN     0
mean.phi[4, 17] 0.71398730 0.000000000 0.71398730 0.71398730 0.71398730  NaN     0
mean.phi[5, 17] 0.79276601 0.000000000 0.79276601 0.79276601 0.79276601  NaN     0
mean.rO[1]      0.62995077 0.042617832 0.54600484 0.63029094 0.71241321 1.00  5363
mean.rO[2]      0.62995077 0.042617832 0.54600484 0.63029094 0.71241321 1.00  5363
mean.rO[3]      0.62995077 0.042617832 0.54600484 0.63029094 0.71241321 1.00  5363
mean.rO[4]      0.62995077 0.042617832 0.54600484 0.63029094 0.71241321 1.00  5363
mean.rO[5]      0.62995077 0.042617832 0.54600484 0.63029094 0.71241321 1.00  5363
mean.rO[6]      0.62995077 0.042617832 0.54600484 0.63029094 0.71241321 1.00  5363
mean.rO[7]      0.62995077 0.042617832 0.54600484 0.63029094 0.71241321 1.00  5363
mean.rO[8]      0.62995077 0.042617832 0.54600484 0.63029094 0.71241321 1.00  5363
mean.rO[9]      0.62995077 0.042617832 0.54600484 0.63029094 0.71241321 1.00  5363
mean.rO[10]     0.62995077 0.042617832 0.54600484 0.63029094 0.71241321 1.00  5363
mean.rO[11]     0.62995077 0.042617832 0.54600484 0.63029094 0.71241321 1.00  5363
mean.rO[12]     0.62995077 0.042617832 0.54600484 0.63029094 0.71241321 1.00  5363
mean.rO[13]     0.62995077 0.042617832 0.54600484 0.63029094 0.71241321 1.00  5363
mean.rO[14]     0.62995077 0.042617832 0.54600484 0.63029094 0.71241321 1.00  5363
mean.rO[15]     0.62995077 0.042617832 0.54600484 0.63029094 0.71241321 1.00  5363
mean.rO[16]     0.62995077 0.042617832 0.54600484 0.63029094 0.71241321 1.00  5363
mean.rO[17]     0.62995077 0.042617832 0.54600484 0.63029094 0.71241321 1.00  5363
mean.rO[18]     0.62995077 0.042617832 0.54600484 0.63029094 0.71241321 1.00  5363
mean.rR[1]      0.77801721 0.080435470 0.60731126 0.78336846 0.91956340 1.00  3347
mean.rR[2]      0.77801721 0.080435470 0.60731126 0.78336846 0.91956340 1.00  3347
mean.rR[3]      0.77801721 0.080435470 0.60731126 0.78336846 0.91956340 1.00  3347
mean.rR[4]      0.77801721 0.080435470 0.60731126 0.78336846 0.91956340 1.00  3347
mean.rR[5]      0.77801721 0.080435470 0.60731126 0.78336846 0.91956340 1.00  3347
mean.rR[6]      0.77801721 0.080435470 0.60731126 0.78336846 0.91956340 1.00  3347
mean.rR[7]      0.77801721 0.080435470 0.60731126 0.78336846 0.91956340 1.00  3347
mean.rR[8]      0.77801721 0.080435470 0.60731126 0.78336846 0.91956340 1.00  3347
mean.rR[9]      0.77801721 0.080435470 0.60731126 0.78336846 0.91956340 1.00  3347
mean.rR[10]     0.77801721 0.080435470 0.60731126 0.78336846 0.91956340 1.00  3347
mean.rR[11]     0.77801721 0.080435470 0.60731126 0.78336846 0.91956340 1.00  3347
mean.rR[12]     0.77801721 0.080435470 0.60731126 0.78336846 0.91956340 1.00  3347
mean.rR[13]     0.77801721 0.080435470 0.60731126 0.78336846 0.91956340 1.00  3347
mean.rR[14]     0.77801721 0.080435470 0.60731126 0.78336846 0.91956340 1.00  3347
mean.rR[15]     0.77801721 0.080435470 0.60731126 0.78336846 0.91956340 1.00  3347
mean.rR[16]     0.77801721 0.080435470 0.60731126 0.78336846 0.91956340 1.00  3347
mean.rR[17]     0.77801721 0.080435470 0.60731126 0.78336846 0.91956340 1.00  3347
mean.rR[18]     0.77801721 0.080435470 0.60731126 0.78336846 0.91956340 1.00  3347
mu.R[1]         0.29436154 0.000000000 0.29436154 0.29436154 0.29436154  NaN     0
mu.R[2]         0.09727169 0.000000000 0.09727169 0.09727169 0.09727169  NaN     0
mu.R[3]         0.15440372 0.000000000 0.15440372 0.15440372 0.15440372  NaN     0
mu.R[4]         0.15142662 0.000000000 0.15142662 0.15142662 0.15142662  NaN     0
mu.R[5]         0.15246743 0.000000000 0.15246743 0.15246743 0.15246743  NaN     0
mu.p            0.81527089 0.009825742 0.79556671 0.81535887 0.83389511 1.00  6561
mu.phi[1]       0.79292416 0.000000000 0.79292416 0.79292416 0.79292416  NaN     0
mu.phi[2]       0.76116255 0.000000000 0.76116255 0.76116255 0.76116255  NaN     0
mu.phi[3]       0.80137060 0.000000000 0.80137060 0.80137060 0.80137060  NaN     0
mu.phi[4]       0.71798194 0.000000000 0.71798194 0.71798194 0.71798194  NaN     0
mu.phi[5]       0.77876587 0.000000000 0.77876587 0.77876587 0.77876587  NaN     0
mu.rO           0.62995077 0.042617832 0.54600484 0.63029094 0.71241321 1.00  5363
mu.rR           0.77801721 0.080435470 0.60731126 0.78336846 0.91956340 1.00  3347
sigma.R         0.07204954 0.021241347 0.04394563 0.06789412 0.12512300 1.00  1542
sigma.phi       0.12092631 0.016201817 0.09483663 0.11896313 0.15905746 1.01  1381
