Information and diagnostics 
=========================== 
Total iter:                       10000 
Thin:                             1 
Num chains:                       3 
Max Rhat:                         1.12 
Min n.eff:                        0 


Model summary 
============= 
                       mean          sd          2.5%         50%       97.5% Rhat n.eff
betaV.R[1]      -0.10889887 0.663895327 -1.5162386915 -0.07492264  1.08792911 1.00  6881
betaV.R[2]       1.17183822 0.668785883 -0.0337921049  1.13919333  2.59809863 1.00  5691
betaV.R[3]      -0.61556055 0.671566273 -2.0371457784 -0.58008377  0.61812848 1.00  5890
betaV.R[4]      -0.77676769 0.586609305 -2.0027971570 -0.74623705  0.28551844 1.00  4389
betaV.R[5]      -0.86645845 0.652371220 -2.2577119129 -0.82382827  0.29522062 1.00  3854
betaV.R[6]      -0.56252663 0.498192426 -1.6541924324 -0.52565216  0.30694241 1.00  4774
betaV.phi[1]     0.04397949 0.232444814 -0.4121841268  0.04456273  0.50459684 1.00  2054
betaV.phi[2]     0.45938501 0.326593682 -0.1575884031  0.45217824  1.11832610 1.00  3551
betaV.phi[3]    -0.26126434 0.276845445 -0.8103507420 -0.26346145  0.28116888 1.00  2923
betaV.phi[4]     0.07566001 0.263930800 -0.4087329709  0.06528238  0.62073055 1.00  2664
betaV.phi[5]     0.21218071 0.335638754 -0.4271995069  0.20292765  0.88877014 1.00  2592
betaV.phi[6]     0.04407035 0.238009229 -0.4197354595  0.04628833  0.51449416 1.01  1702
betaX.R         -0.74131090 0.231027486 -1.2046417594 -0.73925444 -0.30214835 1.00  3491
betaX.phi        0.39976345 0.084218917  0.2368211718  0.40036627  0.56475686 1.00  4186
mean.R[1, 1]     0.02034802 0.026774954  0.0011028925  0.01359384  0.07803172 1.00  6799
mean.R[2, 1]     0.16007223 0.175512213  0.0046932570  0.10340716  0.71415595 1.00  3870
mean.R[3, 1]     0.10003915 0.108676524  0.0068585023  0.06923014  0.41294563 1.00  5088
mean.R[4, 1]     0.15429351 0.129660913  0.0115370755  0.12225706  0.52656238 1.00  4354
mean.R[5, 1]     0.22561142 0.166193437  0.0151984250  0.19112334  0.68945353 1.00  3659
mean.R[6, 1]     0.12919819 0.108350517  0.0261108943  0.09960548  0.44540213 1.00  4353
mean.R[1, 2]     0.02145066 0.027798372  0.0003657117  0.01154736  0.10023353 1.00  6105
mean.R[2, 2]     0.49560295 0.255533906  0.0777867983  0.48270075  0.94773835 1.00  5191
mean.R[3, 2]     0.04376666 0.055207066  0.0010582195  0.02445751  0.20054565 1.00  5999
mean.R[4, 2]     0.05376566 0.062150244  0.0019312806  0.03209353  0.22660112 1.00  4496
mean.R[5, 2]     0.07889089 0.094995304  0.0018114531  0.04399802  0.35241702 1.00  3970
mean.R[6, 2]     0.04867465 0.043051913  0.0031737362  0.03611020  0.16280523 1.00  5277
mean.R[1, 3]     0.02521916 0.037230576  0.0002119763  0.01125775  0.13297150 1.00  6773
mean.R[2, 3]     0.57383062 0.273298381  0.0791547184  0.59367954  0.98022790 1.00  5404
mean.R[3, 3]     0.04345447 0.064765002  0.0004717395  0.01942048  0.23533299 1.00  6289
mean.R[4, 3]     0.04914492 0.067935260  0.0008704125  0.02381845  0.24473767 1.00  4734
mean.R[5, 3]     0.07121731 0.100670597  0.0007517881  0.03193700  0.37178588 1.00  4212
mean.R[6, 3]     0.04505979 0.047282847  0.0016528266  0.02942052  0.17656639 1.00  5557
mean.R[1, 4]     0.02013227 0.024712131  0.0004157156  0.01141072  0.09047911 1.00  5758
mean.R[2, 4]     0.46380586 0.245890366  0.0770543313  0.44119256  0.92775221 1.00  5137
mean.R[3, 4]     0.04377569 0.052159121  0.0013718729  0.02604072  0.19199152 1.00  6055
mean.R[4, 4]     0.05487097 0.059210588  0.0025068257  0.03478323  0.21932397 1.00  4352
mean.R[5, 4]     0.08099079 0.091763601  0.0024419304  0.04838511  0.34218110 1.00  3774
mean.R[6, 4]     0.04963923 0.041327300  0.0038383391  0.03820876  0.15936361 1.00  5239
mean.R[1, 5]     0.01827803 0.015170951  0.0016818105  0.01419865  0.05820318 1.00  4031
mean.R[2, 5]     0.07333224 0.042148918  0.0165403111  0.06483415  0.17777368 1.00  5733
mean.R[3, 5]     0.10368430 0.062789923  0.0220299186  0.09030133  0.25922786 1.00  4103
mean.R[4, 5]     0.16926544 0.061937652  0.0712211909  0.16140054  0.31265741 1.00  5609
mean.R[5, 5]     0.25345421 0.076859057  0.1245078599  0.24583479  0.42106683 1.00  6374
mean.R[6, 5]     0.12141474 0.045003810  0.0503985897  0.11563534  0.22442311 1.00  6040
mean.R[1, 6]     0.01671324 0.013657125  0.0015918640  0.01305689  0.05267618 1.00  3653
mean.R[2, 6]     0.07589704 0.041747819  0.0181136280  0.06788670  0.17709206 1.00  5608
mean.R[3, 6]     0.09145613 0.053968187  0.0200913119  0.08018033  0.22642708 1.00  4066
mean.R[4, 6]     0.14965171 0.055302669  0.0612832893  0.14270224  0.27582323 1.00  4751
mean.R[5, 6]     0.22503564 0.068041594  0.1079039855  0.21953539  0.37153443 1.00  4630
mean.R[6, 6]     0.10824539 0.038963742  0.0446625399  0.10395039  0.19671616 1.00  4856
mean.R[1, 7]     0.02050815 0.020095991  0.0012944930  0.01432043  0.07503190 1.00  5069
mean.R[2, 7]     0.05041365 0.038250680  0.0069615028  0.04043492  0.15032474 1.00  6496
mean.R[3, 7]     0.13290510 0.093984661  0.0199260600  0.10974678  0.37664884 1.00  5168
mean.R[4, 7]     0.21644209 0.092758424  0.0733567019  0.20396964  0.42937874 1.00  6535
mean.R[5, 7]     0.32049060 0.115055453  0.1286991919  0.30766482  0.57062985 1.00  7278
mean.R[6, 7]     0.14798394 0.067425083  0.0484031258  0.13689817  0.30764002 1.00  6415
mean.R[1, 8]     0.01806506 0.014774021  0.0017001094  0.01415784  0.05702203 1.00  3946
mean.R[2, 8]     0.07520856 0.042321342  0.0173960522  0.06697322  0.17919884 1.00  5986
mean.R[3, 8]     0.10150111 0.061105708  0.0218165884  0.08825991  0.25583976 1.00  4244
mean.R[4, 8]     0.16535772 0.059704380  0.0704726739  0.15783494  0.30211806 1.00  6036
mean.R[5, 8]     0.24751500 0.072309353  0.1247604600  0.24109890  0.40549165 1.00  6919
mean.R[6, 8]     0.11916431 0.043748368  0.0503662113  0.11362776  0.21805073 1.00  5459
mean.R[1, 9]     0.01793467 0.014830953  0.0016384914  0.01391269  0.05725091 1.00  4030
mean.R[2, 9]     0.07316548 0.041976619  0.0166351379  0.06477088  0.17772519 1.00  5712
mean.R[3, 9]     0.10146545 0.061193289  0.0216853246  0.08849910  0.25594400 1.00  4136
mean.R[4, 9]     0.16576109 0.060271323  0.0695651154  0.15825724  0.30326162 1.00  6077
mean.R[5, 9]     0.24835074 0.073355749  0.1235000327  0.24199311  0.40758450 1.00  7150
mean.R[6, 9]     0.11896967 0.043857093  0.0500517728  0.11326369  0.21914475 1.00  6124
mean.R[1, 10]    0.01894462 0.016456855  0.0015883044  0.01435582  0.06316972 1.00  4189
mean.R[2, 10]    0.06605110 0.041384360  0.0133457024  0.05700238  0.17109840 1.00  5850
mean.R[3, 10]    0.11184190 0.070755348  0.0213417144  0.09569777  0.29085126 1.00  4602
mean.R[4, 10]    0.18261795 0.070060939  0.0724620163  0.17362676  0.34428118 1.00  6222
mean.R[5, 10]    0.27246291 0.084988145  0.1285705162  0.26438885  0.45647285 1.00  7383
mean.R[6, 10]    0.12914149 0.051099140  0.0505906575  0.12177349  0.24894498 1.00  6023
mean.R[1, 11]    0.01785376 0.014665692  0.0016478286  0.01396014  0.05643626 1.01  3860
mean.R[2, 11]    0.07517272 0.042472258  0.0176015570  0.06669360  0.18005919 1.00  5755
mean.R[3, 11]    0.09965089 0.059382321  0.0219560899  0.08695443  0.24704188 1.00  4169
mean.R[4, 11]    0.16306641 0.059808448  0.0675200833  0.15552589  0.30027329 1.00  5527
mean.R[5, 11]    0.24423779 0.073083454  0.1205082687  0.23739605  0.40414535 1.00  6769
mean.R[6, 11]    0.11733945 0.042787224  0.0499738605  0.11188154  0.21587810 1.00  5990
mean.R[1, 12]    0.01668521 0.013348846  0.0016653782  0.01320538  0.05104791 1.00  3646
mean.R[2, 12]    0.08236023 0.043220341  0.0210315344  0.07451266  0.18616831 1.00  5630
mean.R[3, 12]    0.08863287 0.050864199  0.0208549126  0.07830958  0.21386587 1.00  4381
mean.R[4, 12]    0.14501816 0.052972627  0.0607915565  0.13863134  0.26581412 1.00  4789
mean.R[5, 12]    0.21792850 0.065873785  0.1057192510  0.21264247  0.36130135 1.00  5102
mean.R[6, 12]    0.10602420 0.037450984  0.0460413128  0.10160438  0.19049831 1.00  5543
mean.R[1, 13]    0.01665815 0.012917796  0.0018571624  0.01337411  0.05055010 1.00  3340
mean.R[2, 13]    0.13696914 0.066047546  0.0416582643  0.12661260  0.29425781 1.00  4456
mean.R[3, 13]    0.07256271 0.040826141  0.0175988036  0.06462417  0.17169129 1.00  4085
mean.R[4, 13]    0.11564176 0.049553325  0.0412500526  0.10842638  0.23236122 1.00  3371
mean.R[5, 13]    0.17182584 0.066207681  0.0674162717  0.16372634  0.32559553 1.00  3148
mean.R[6, 13]    0.09000481 0.033384931  0.0376108985  0.08598262  0.16810893 1.00  3548
mean.R[1, 14]    0.01681231 0.013159414  0.0018338787  0.01349274  0.05015687 1.00  3537
mean.R[2, 14]    0.09694251 0.048387194  0.0267431611  0.08906695  0.21208156 1.00  5319
mean.R[3, 14]    0.08447517 0.047968652  0.0204036620  0.07498699  0.20159616 1.00  4090
mean.R[4, 14]    0.13685896 0.050243526  0.0577080168  0.13024401  0.25164432 1.00  4407
mean.R[5, 14]    0.20506389 0.063719343  0.0983905386  0.19888503  0.34544758 1.00  4327
mean.R[6, 14]    0.10212110 0.035388362  0.0455090535  0.09780755  0.18217714 1.00  5128
mean.R[1, 15]    0.01768558 0.014427853  0.0016619149  0.01378446  0.05592008 1.00  3924
mean.R[2, 15]    0.07445731 0.041651335  0.0174396503  0.06623931  0.17732153 1.00  6006
mean.R[3, 15]    0.09922897 0.059253644  0.0213685306  0.08660026  0.24648806 1.00  4436
mean.R[4, 15]    0.16211474 0.059072410  0.0678921579  0.15506547  0.29650510 1.00  5852
mean.R[5, 15]    0.24323845 0.073537104  0.1184362479  0.23665609  0.40354539 1.00  6037
mean.R[6, 15]    0.11670180 0.042655244  0.0486688377  0.11140190  0.21420282 1.00  5968
mean.R[1, 16]    0.01696923 0.013603809  0.0016877230  0.01340769  0.05250051 1.00  3573
mean.R[2, 16]    0.08173763 0.042852989  0.0209182674  0.07364814  0.18552462 1.00  5852
mean.R[3, 16]    0.09051834 0.051842114  0.0211680358  0.07973835  0.21854373 1.00  4465
mean.R[4, 16]    0.14807277 0.053498379  0.0625984185  0.14155068  0.27116629 1.00  5265
mean.R[5, 16]    0.22245099 0.066541089  0.1087430869  0.21684137  0.36789412 1.00  5080
mean.R[6, 16]    0.10819786 0.038455685  0.0465623141  0.10352306  0.19499865 1.00  5599
mean.R[1, 17]    0.01678821 0.016147230  0.0010650550  0.01237671  0.05723841 1.00  4947
mean.R[2, 17]    0.19379308 0.152181118  0.0221393204  0.14970217  0.60885551 1.00  4700
mean.R[3, 17]    0.06001029 0.044439829  0.0049118040  0.04976050  0.17210116 1.00  5058
mean.R[4, 17]    0.09663622 0.062302203  0.0087171652  0.08736922  0.24336196 1.00  4086
mean.R[5, 17]    0.15134591 0.100191769  0.0113138737  0.13794794  0.38433666 1.00  3590
mean.R[6, 17]    0.07910663 0.045670666  0.0121738781  0.07280040  0.18292346 1.00  4538
mean.p[1]        0.99119279 0.002877734  0.9848935342  0.99149505  0.99575785 1.00  5863
mean.p[2]        0.99131932 0.002693950  0.9853546531  0.99156424  0.99585897 1.00  4576
mean.p[3]        0.99126141 0.002789879  0.9851271088  0.99155820  0.99581182 1.00  4254
mean.p[4]        0.99128724 0.002767087  0.9851595001  0.99157648  0.99585933 1.00  4004
mean.p[5]        0.99119200 0.002764287  0.9850602515  0.99147771  0.99569658 1.00  4945
mean.p[6]        0.99136844 0.002680050  0.9854867780  0.99161683  0.99583698 1.00  4930
mean.p[7]        0.99098841 0.002866953  0.9844624812  0.99132580  0.99557380 1.00  4179
mean.p[8]        0.99122155 0.002720814  0.9852038282  0.99149663  0.99574873 1.00  5322
mean.p[9]        0.99115934 0.002802980  0.9848918756  0.99147338  0.99568490 1.00  4687
mean.p[10]       0.99127372 0.002771596  0.9851961641  0.99155357  0.99580256 1.00  4193
mean.p[11]       0.99131021 0.002693389  0.9852459244  0.99158906  0.99577558 1.00  4892
mean.p[12]       0.99139850 0.002677830  0.9855663127  0.99164462  0.99595231 1.00  4541
mean.p[13]       0.99132521 0.002707820  0.9853699013  0.99159223  0.99584576 1.00  4765
mean.p[14]       0.99132838 0.002708168  0.9853810200  0.99159518  0.99584994 1.00  4983
mean.p[15]       0.99124673 0.002734619  0.9851957605  0.99153236  0.99577149 1.00  4957
mean.p[16]       0.99123821 0.002719699  0.9851565631  0.99151030  0.99578237 1.00  4705
mean.p[17]       0.99126923 0.002668848  0.9853675659  0.99151741  0.99570365 1.00  4929
mean.p[18]       0.99108366 0.003178730  0.9845546646  0.99144487  0.99574242 1.00  3179
mean.phi[1, 1]   0.79255059 0.091012005  0.5815330134  0.80363883  0.93474548 1.00  5875
mean.phi[2, 1]   0.87866622 0.080092372  0.6726982653  0.89714434  0.97880103 1.00  5855
mean.phi[3, 1]   0.88260007 0.067023664  0.7169483795  0.89536157  0.97502840 1.00  5749
mean.phi[4, 1]   0.92556465 0.047139835  0.8041191917  0.93670691  0.98351115 1.00  6821
mean.phi[5, 1]   0.90673694 0.057148731  0.7644903986  0.91884655  0.98165913 1.00  6164
mean.phi[6, 1]   0.80247420 0.077326392  0.6326156937  0.80991429  0.93093692 1.00  4878
mean.phi[1, 2]   0.83659741 0.069692458  0.6788067364  0.84542828  0.94550983 1.00  4551
mean.phi[2, 2]   0.93916994 0.046485043  0.8162448017  0.95117290  0.99141340 1.00  5755
mean.phi[3, 2]   0.71095976 0.121228253  0.4392357439  0.72616418  0.90203105 1.00  5925
mean.phi[4, 2]   0.92663698 0.045321885  0.8116039627  0.93630300  0.98466569 1.00  5297
mean.phi[5, 2]   0.92900082 0.051995420  0.7944780430  0.94235690  0.98952796 1.00  4813
mean.phi[6, 2]   0.64207003 0.100376739  0.4322867117  0.64717958  0.81885463 1.00  7549
mean.phi[1, 3]   0.72712489 0.091191901  0.5280538439  0.73551364  0.88085740 1.00  8034
mean.phi[2, 3]   0.94763306 0.036371814  0.8546213840  0.95623495  0.99213708 1.00  7465
mean.phi[3, 3]   0.74348086 0.118482772  0.4731409047  0.75910171  0.92594257 1.00  6422
mean.phi[4, 3]   0.95282006 0.030723191  0.8754193905  0.95991094  0.99189314 1.00  5780
mean.phi[5, 3]   0.88602825 0.081073007  0.6757747193  0.90621065  0.98323993 1.00  4172
mean.phi[6, 3]   0.68440550 0.100796076  0.4700485241  0.69081827  0.86012348 1.00  7198
mean.phi[1, 4]   0.59899689 0.117130741  0.3578840254  0.60459614  0.80761087 1.00  5046
mean.phi[2, 4]   0.92829860 0.046863726  0.8098178085  0.93929425  0.98628564 1.00  6460
mean.phi[3, 4]   0.87991346 0.055019791  0.7520463000  0.88828230  0.96243021 1.00  6025
mean.phi[4, 4]   0.90495641 0.043334443  0.8022907116  0.91167846  0.96943245 1.00  7557
mean.phi[5, 4]   0.93505864 0.044539105  0.8230251892  0.94561284  0.98921804 1.00  5223
mean.phi[6, 4]   0.69760332 0.099969921  0.4810962431  0.70502640  0.86697823 1.00  6386
mean.phi[1, 5]   0.63720860 0.096729544  0.4335009521  0.64288160  0.80776312 1.00  6395
mean.phi[2, 5]   0.82842645 0.084061739  0.6227668767  0.84391625  0.94756326 1.00  6128
mean.phi[3, 5]   0.85436288 0.065960213  0.6961817178  0.86519661  0.95056684 1.00  6732
mean.phi[4, 5]   0.92441690 0.028873109  0.8588179047  0.92822326  0.96936204 1.00  7467
mean.phi[5, 5]   0.92177423 0.039709775  0.8265612280  0.92828751  0.97925026 1.00  3976
mean.phi[6, 5]   0.73830955 0.084633421  0.5558745508  0.74491874  0.88441912 1.00  6325
mean.phi[1, 6]   0.71706630 0.120710954  0.4378159707  0.73398359  0.90593937 1.00  6370
mean.phi[2, 6]   0.86028854 0.066181505  0.7014848121  0.87136140  0.95526834 1.00  7105
mean.phi[3, 6]   0.87765172 0.067053323  0.7098387669  0.89094100  0.96935749 1.00  5776
mean.phi[4, 6]   0.95545290 0.019867165  0.9094302165  0.95839289  0.98531877 1.00  4543
mean.phi[5, 6]   0.76650562 0.077480219  0.5948418633  0.77489143  0.89267306 1.00  4652
mean.phi[6, 6]   0.45763983 0.103144921  0.2553188477  0.45994248  0.65342153 1.00  3837
mean.phi[1, 7]   0.55358435 0.112149641  0.3288304262  0.55937795  0.75637776 1.00  3446
mean.phi[2, 7]   0.81933175 0.100917054  0.5664008117  0.83980402  0.95584279 1.00  5965
mean.phi[3, 7]   0.87577198 0.065808108  0.7136757910  0.88813997  0.96619357 1.00  5875
mean.phi[4, 7]   0.92924256 0.026842651  0.8680000808  0.93281415  0.97132930 1.00  8299
mean.phi[5, 7]   0.91929048 0.042596827  0.8176500700  0.92708715  0.97967694 1.00  3882
mean.phi[6, 7]   0.70120443 0.112326476  0.4590125789  0.71050604  0.89373453 1.00  5684
mean.phi[1, 8]   0.64921747 0.122280822  0.3807643594  0.66015027  0.85371546 1.00  5669
mean.phi[2, 8]   0.81865766 0.082320800  0.6198372378  0.83244319  0.93879501 1.00  6755
mean.phi[3, 8]   0.86538819 0.077931716  0.6656402895  0.88314431  0.96691109 1.00  6007
mean.phi[4, 8]   0.90884412 0.033125574  0.8331481627  0.91298534  0.96105552 1.00  6376
mean.phi[5, 8]   0.77364360 0.067133765  0.6261795147  0.78001240  0.88619711 1.00  6179
mean.phi[6, 8]   0.51685290 0.115798742  0.2820798258  0.52016391  0.73130563 1.00  5229
mean.phi[1, 9]   0.71341652 0.065740609  0.5750730088  0.71653890  0.83198324 1.00  7573
mean.phi[2, 9]   0.85134654 0.081370350  0.6496541923  0.86710692  0.96153977 1.00  6074
mean.phi[3, 9]   0.88781316 0.060915716  0.7363552644  0.89981250  0.97096794 1.00  6307
mean.phi[4, 9]   0.84155951 0.059421652  0.7065180680  0.85003295  0.93329816 1.00  4080
mean.phi[5, 9]   0.82883030 0.051631260  0.7147265295  0.83414653  0.91416856 1.00  8184
mean.phi[6, 9]   0.43884492 0.115577078  0.2181679334  0.43667639  0.66283302 1.00  2340
mean.phi[1, 10]  0.73036721 0.088120156  0.5358456488  0.73815558  0.87919861 1.00  6867
mean.phi[2, 10]  0.88793990 0.045249648  0.7851734398  0.89410565  0.95854159 1.00  6800
mean.phi[3, 10]  0.87437937 0.073858965  0.6882415256  0.88979069  0.96999298 1.00  5550
mean.phi[4, 10]  0.92213849 0.040712573  0.8211323517  0.92966709  0.97795602 1.00  6778
mean.phi[5, 10]  0.86921452 0.045466735  0.7648223622  0.87474219  0.94273143 1.00  7666
mean.phi[6, 10]  0.70823082 0.106658190  0.4736246310  0.71732068  0.88638852 1.00  6208
mean.phi[1, 11]  0.82708624 0.066578960  0.6783697708  0.83398308  0.93576173 1.00  4909
mean.phi[2, 11]  0.82858545 0.074833827  0.6509296539  0.83979523  0.94156712 1.00  6434
mean.phi[3, 11]  0.87774204 0.047337368  0.7698875492  0.88406491  0.95195319 1.00  7462
mean.phi[4, 11]  0.93740603 0.034337925  0.8544730082  0.94406573  0.98375932 1.00  6160
mean.phi[5, 11]  0.93251770 0.033024196  0.8545888418  0.93786181  0.98073657 1.00  3420
mean.phi[6, 11]  0.77723873 0.083859190  0.5929430832  0.78554483  0.91482928 1.00  4492
mean.phi[1, 12]  0.65037225 0.082013124  0.4800611479  0.65416237  0.79896009 1.00  6665
mean.phi[2, 12]  0.86455243 0.057393059  0.7313417008  0.87392108  0.94996076 1.00  7119
mean.phi[3, 12]  0.79112538 0.089582321  0.5824788428  0.80611497  0.92449910 1.00  4606
mean.phi[4, 12]  0.91499641 0.035638474  0.8287758736  0.92052494  0.96813284 1.00  7295
mean.phi[5, 12]  0.90000394 0.046910175  0.7887939530  0.90772854  0.96875217 1.00  6441
mean.phi[6, 12]  0.68582573 0.073464532  0.5316155457  0.68906696  0.81947988 1.00  8067
mean.phi[1, 13]  0.73753025 0.069075985  0.5902739197  0.74177195  0.86004810 1.00  7104
mean.phi[2, 13]  0.84675825 0.064272080  0.6968336898  0.85712269  0.94231381 1.00  6626
mean.phi[3, 13]  0.79066897 0.077336335  0.6141455401  0.80058884  0.91299439 1.00  6329
mean.phi[4, 13]  0.93083790 0.030640387  0.8576497800  0.93539015  0.97567056 1.00  7060
mean.phi[5, 13]  0.88860143 0.055327569  0.7529278372  0.89811517  0.96740992 1.00  6473
mean.phi[6, 13]  0.71040775 0.071134430  0.5613362485  0.71417282  0.84005039 1.00  7163
mean.phi[1, 14]  0.77794529 0.068296798  0.6274912068  0.78379459  0.89437006 1.00  7288
mean.phi[2, 14]  0.90262498 0.043766759  0.7993218942  0.90905026  0.96762371 1.00  6378
mean.phi[3, 14]  0.87287031 0.059955939  0.7307668697  0.88302641  0.96001306 1.00  6900
mean.phi[4, 14]  0.93304817 0.028575687  0.8649747798  0.93726430  0.97607998 1.00  7329
mean.phi[5, 14]  0.88687159 0.056674639  0.7478517051  0.89691423  0.96623411 1.00  6407
mean.phi[6, 14]  0.56019762 0.089517571  0.3800169705  0.56174245  0.72874812 1.00  6184
mean.phi[1, 15]  0.79012600 0.058340214  0.6637516690  0.79407097  0.89213341 1.00  7077
mean.phi[2, 15]  0.84768594 0.058838363  0.7130654704  0.85547247  0.93962294 1.00  6782
mean.phi[3, 15]  0.90341410 0.044057800  0.7991893063  0.91011026  0.96883061 1.00  6572
mean.phi[4, 15]  0.92523958 0.029837058  0.8562325379  0.92926076  0.97153552 1.00  7378
mean.phi[5, 15]  0.89528225 0.057859592  0.7492186951  0.90668899  0.97357294 1.00  6046
mean.phi[6, 15]  0.69713816 0.087309332  0.5124877672  0.70257295  0.85003754 1.00  6895
mean.phi[1, 16]  0.86925268 0.054545859  0.7454272871  0.87614681  0.95606589 1.00  2390
mean.phi[2, 16]  0.82238127 0.057527436  0.6930219940  0.82879004  0.91569530 1.00  7650
mean.phi[3, 16]  0.86628305 0.057095508  0.7335578605  0.87474085  0.95364047 1.00  7422
mean.phi[4, 16]  0.93607787 0.027505718  0.8710377584  0.94018949  0.97732964 1.00  6816
mean.phi[5, 16]  0.89590939 0.044943218  0.7888926157  0.90267305  0.96329771 1.00  7022
mean.phi[6, 16]  0.74017101 0.087420712  0.5523526200  0.74621109  0.88987695 1.00  5840
mean.phi[1, 17]  0.71758537 0.102958579  0.4904635402  0.72830482  0.88848562 1.00  6826
mean.phi[2, 17]  0.90506629 0.047012907  0.7930252556  0.91222967  0.97512295 1.00  7511
mean.phi[3, 17]  0.81958462 0.064268730  0.6742024421  0.82706844  0.92310734 1.00  7934
mean.phi[4, 17]  0.90132679 0.038279527  0.8131672184  0.90657700  0.96100958 1.00  6869
mean.phi[5, 17]  0.93928706 0.032822531  0.8602163013  0.94522391  0.98516279 1.00  4441
mean.phi[6, 17]  0.75178758 0.088429074  0.5612840863  0.75914047  0.90089301 1.00  5656
mu.R[1]          0.01613015 0.012257197  0.0018590012  0.01302652  0.04791625 1.00  3454
mu.R[2]          0.12302841 0.057498497  0.0379710206  0.11398786  0.25715275 1.00  5046
mu.R[3]          0.07297143 0.039653588  0.0186761117  0.06533137  0.16840476 1.00  4190
mu.R[4]          0.11686536 0.045021952  0.0455453566  0.11119743  0.21948515 1.00  4114
mu.R[5]          0.17472050 0.060436745  0.0751491134  0.16811398  0.31070006 1.00  3503
mu.R[6]          0.09007241 0.030384974  0.0402933818  0.08698154  0.15748999 1.00  4884
mu.p             0.99127426 0.002483486  0.9859162100  0.99147943  0.99553724 1.00  5600
mu.phi[1]        0.71740343 0.039585646  0.6357315790  0.71886566  0.78959665 1.00  2085
mu.phi[2]        0.88302711 0.026041453  0.8247855059  0.88527282  0.92753601 1.00  3212
mu.phi[3]        0.86112131 0.029898997  0.7980189409  0.86328425  0.91392982 1.00  3145
mu.phi[4]        0.92998276 0.014994104  0.8979331718  0.93100146  0.95686939 1.01  2138
mu.phi[5]        0.89987044 0.022441120  0.8521092504  0.90152850  0.93949759 1.00  2395
mu.phi[6]        0.66959326 0.040618650  0.5886069081  0.67030355  0.74685613 1.01  2620
sigma.R          0.10347939 0.098517354  0.0064016780  0.06874945  0.36638068 1.05    94
sigma.p          0.10168253 0.101113484  0.0038527017  0.07092321  0.38147626 1.12    74
sigma.phi        0.61194110 0.115282130  0.3729078325  0.61195462  0.84333887 1.01   426
veg[1]          -0.10077493 1.017851986 -2.0969059052 -0.08947424  1.87466983 1.00  2675
veg[2]           1.78600000 0.000000000  1.7860000000  1.78600000  1.78600000  NaN     0
veg[3]           2.19000000 0.000000000  2.1900000000  2.19000000  2.19000000  NaN     0
veg[4]           1.65100000 0.000000000  1.6510000000  1.65100000  1.65100000  NaN     0
veg[5]          -0.54900000 0.000000000 -0.5490000000 -0.54900000 -0.54900000  NaN     0
veg[6]          -0.44700000 0.000000000 -0.4470000000 -0.44700000 -0.44700000  NaN     0
veg[7]          -0.95300000 0.000000000 -0.9530000000 -0.95300000 -0.95300000  NaN     0
veg[8]          -0.51800000 0.000000000 -0.5180000000 -0.51800000 -0.51800000  NaN     0
veg[9]          -0.53700000 0.000000000 -0.5370000000 -0.53700000 -0.53700000  NaN     0
veg[10]         -0.66400000 0.000000000 -0.6640000000 -0.66400000 -0.66400000  NaN     0
veg[11]         -0.50900000 0.000000000 -0.5090000000 -0.50900000 -0.50900000  NaN     0
veg[12]         -0.37700000 0.000000000 -0.3770000000 -0.37700000 -0.37700000  NaN     0
veg[13]          0.07500000 0.000000000  0.0750000000  0.07500000  0.07500000  NaN     0
veg[14]         -0.24300000 0.000000000 -0.2430000000 -0.24300000 -0.24300000  NaN     0
veg[15]         -0.51000000 0.000000000 -0.5100000000 -0.51000000 -0.51000000  NaN     0
veg[16]         -0.39400000 0.000000000 -0.3940000000 -0.39400000 -0.39400000  NaN     0
veg[17]          0.42133907 0.728011160 -0.9960518182  0.41597250  1.88599589 1.00  3024
