Information and diagnostics 
=========================== 
Total iter:                       5000 
Thin:                             1 
Num chains:                       3 
Max Rhat:                         1.32 
Min n.eff:                        0 


Model summary 
============= 
                        mean          sd         2.5%          50%        97.5% Rhat n.eff
mean.M[1, 1]    0.0383198715 0.062712881 3.547840e-04 0.0155257169 0.2245697471 1.01  3868
mean.M[2, 1]    0.0438380954 0.059264177 6.702745e-04 0.0207078399 0.2141112645 1.00  3814
mean.M[3, 1]    0.0028306256 0.008704814 1.118606e-05 0.0005386705 0.0219022198 1.01  3603
mean.M[4, 1]    0.0424428269 0.061306123 5.953229e-04 0.0191523503 0.2190864959 1.00  3842
mean.M[5, 1]    0.0485452919 0.050752984 1.679001e-03 0.0319139995 0.1929064832 1.00  3220
mean.M[1, 2]    0.0266868581 0.039921763 3.314932e-04 0.0117280455 0.1449020948 1.02  4003
mean.M[2, 2]    0.5172178303 0.174542476 1.892500e-01 0.5189932135 0.8421890781 1.00  3157
mean.M[3, 2]    0.0204679202 0.029818886 3.216678e-04 0.0093140026 0.1086666174 1.00  2955
mean.M[4, 2]    0.0350141598 0.049284356 5.642979e-04 0.0167350518 0.1742633439 1.01  3147
mean.M[5, 2]    0.0596525635 0.063580592 2.115969e-03 0.0376967958 0.2313762308 1.01  3232
mean.M[1, 3]    0.0154400190 0.020557884 2.781424e-04 0.0078353043 0.0722323356 1.00  3820
mean.M[2, 3]    0.2250261244 0.137285639 3.319972e-02 0.1991773322 0.5555966198 1.00  3277
mean.M[3, 3]    0.0018687939 0.004477424 1.004972e-05 0.0004778728 0.0120439332 1.04  3555
mean.M[4, 3]    0.0366527724 0.052305989 6.384355e-04 0.0179211025 0.1842068175 1.00  4181
mean.M[5, 3]    0.1279236852 0.093838720 1.262492e-02 0.1064874838 0.3748567558 1.00  3517
mean.M[1, 4]    0.0221616091 0.032261651 3.018501e-04 0.0101261735 0.1166147713 1.00  3565
mean.M[2, 4]    0.0522544354 0.043088618 4.526790e-03 0.0406271912 0.1626087249 1.01  3561
mean.M[3, 4]    0.0017725587 0.004239419 1.286330e-05 0.0004730888 0.0116774134 1.05  3800
mean.M[4, 4]    0.0243861340 0.032185637 4.294492e-04 0.0128525793 0.1174304199 1.01  3790
mean.M[5, 4]    0.0580775206 0.061184584 1.966397e-03 0.0378590985 0.2265783927 1.00  3467
mean.M[1, 5]    0.0343892752 0.055220901 4.111610e-04 0.0137108358 0.1969695017 1.00  3651
mean.M[2, 5]    0.1654256893 0.106477006 2.390448e-02 0.1456406078 0.4259110229 1.00  3404
mean.M[3, 5]    0.0083472983 0.010199598 2.119524e-04 0.0048536556 0.0371523460 1.00  3486
mean.M[4, 5]    0.0217471059 0.028001970 4.474345e-04 0.0118944675 0.1005547611 1.00  3519
mean.M[5, 5]    0.0487114591 0.051379273 1.850295e-03 0.0315034217 0.1834323318 1.00  3411
mean.M[1, 6]    0.0890885168 0.082065258 5.108683e-03 0.0626850537 0.3108726661 1.00  3454
mean.M[2, 6]    0.0499879153 0.068454781 7.509826e-04 0.0245005996 0.2536262549 1.00  4005
mean.M[3, 6]    0.0076629505 0.009467887 1.406075e-04 0.0043464969 0.0340147580 1.01  3461
mean.M[4, 6]    0.0753441032 0.063678784 5.248849e-03 0.0585448958 0.2383753039 1.00  3778
mean.M[5, 6]    0.0869655083 0.092850727 2.711136e-03 0.0566777869 0.3459391621 1.01  3590
mean.M[1, 7]    0.0528919005 0.090808830 3.898715e-04 0.0177222272 0.3240337698 1.00  3437
mean.M[2, 7]    0.0366018927 0.049368037 6.084568e-04 0.0178906022 0.1780654703 1.01  3810
mean.M[3, 7]    0.0199523353 0.016864490 1.608075e-03 0.0151406123 0.0640378891 1.00  3169
mean.M[4, 7]    0.0184376782 0.022667852 4.000301e-04 0.0104658009 0.0831843613 1.00  3531
mean.M[5, 7]    0.0892233219 0.096552063 2.455084e-03 0.0554660365 0.3646277847 1.00  3538
mean.M[1, 8]    0.1989937481 0.129097797 2.507180e-02 0.1726581720 0.5090934073 1.00  3231
mean.M[2, 8]    0.0824559326 0.123457550 8.574403e-04 0.0315916706 0.4734178305 1.00  3265
mean.M[3, 8]    0.0081225317 0.010325717 9.619021e-05 0.0044705510 0.0360332597 1.00  3304
mean.M[4, 8]    0.0686553960 0.043446143 1.061849e-02 0.0597942690 0.1763561516 1.00  4006
mean.M[5, 8]    0.0967940602 0.105170833 2.778892e-03 0.0617746608 0.3942888390 1.00  3453
mean.M[1, 9]    0.0461441752 0.077436584 4.572465e-04 0.0161386385 0.2782657416 1.01  3563
mean.M[2, 9]    0.1158922415 0.098521667 8.006591e-03 0.0870581892 0.3777817979 1.00  3372
mean.M[3, 9]    0.0708606383 0.049125239 9.231743e-03 0.0591918051 0.1942954419 1.00  3175
mean.M[4, 9]    0.0300201349 0.024644387 2.870321e-03 0.0229858527 0.0950691920 1.00  2955
mean.M[5, 9]    0.1856022498 0.129998752 1.874518e-02 0.1584268195 0.5049840997 1.00  3477
mean.M[1, 10]   0.0590821067 0.039831652 8.537652e-03 0.0505284192 0.1576364413 1.00  3409
mean.M[2, 10]   0.0651950934 0.096036853 9.111679e-04 0.0275377457 0.3537711731 1.00  3827
mean.M[3, 10]   0.0021257139 0.005847883 1.273793e-05 0.0004979494 0.0149699086 1.05  3298
mean.M[4, 10]   0.0122257889 0.014040296 3.738817e-04 0.0074563339 0.0529817225 1.00  3561
mean.M[5, 10]   0.0927515613 0.067309868 1.063025e-02 0.0772734456 0.2629167921 1.00  3322
mean.M[1, 11]   0.0246078837 0.037053931 3.628987e-04 0.0105517269 0.1297383550 1.00  4038
mean.M[2, 11]   0.0676312518 0.043224870 1.144755e-02 0.0584975332 0.1760407973 1.00  3412
mean.M[3, 11]   0.0021119932 0.006052462 1.236802e-05 0.0004943483 0.0143316763 1.05  4250
mean.M[4, 11]   0.0308648176 0.025764527 2.620670e-03 0.0243760876 0.0975241414 1.00  3526
mean.M[5, 11]   0.0303663512 0.031146677 1.293507e-03 0.0204207570 0.1209915601 1.01  3264
mean.M[1, 12]   0.0980683300 0.067995464 1.229647e-02 0.0831276305 0.2718213264 1.01  3166
mean.M[2, 12]   0.3018772395 0.144033932 7.234806e-02 0.2883436398 0.6167472627 1.00  3697
mean.M[3, 12]   0.0095668748 0.012449551 1.318207e-04 0.0050487678 0.0433177275 1.01  3741
mean.M[4, 12]   0.0188970615 0.023753112 4.350379e-04 0.0107559317 0.0845624080 1.00  3627
mean.M[5, 12]   0.0618699854 0.035681842 1.154227e-02 0.0555792910 0.1491206778 1.01  3543
mean.M[1, 13]   0.2093358382 0.093333118 6.093361e-02 0.1977235337 0.4213219852 1.00  3074
mean.M[2, 13]   0.2259728669 0.097480298 6.915388e-02 0.2151069634 0.4453342447 1.00  3339
mean.M[3, 13]   0.0247632693 0.021903771 1.663340e-03 0.0185497486 0.0842051327 1.00  3093
mean.M[4, 13]   0.0747062745 0.063406401 5.407307e-03 0.0564280078 0.2395231997 1.00  3480
mean.M[5, 13]   0.0933908517 0.041259302 3.141114e-02 0.0864123807 0.1878550547 1.00  3438
mean.M[1, 14]   0.0197312540 0.028192672 3.075936e-04 0.0096411819 0.0997914880 1.00  3319
mean.M[2, 14]   0.0239515629 0.029426837 5.607756e-04 0.0130107786 0.1057097563 1.00  3680
mean.M[3, 14]   0.0206858087 0.017772293 1.460633e-03 0.0158086851 0.0686486428 1.00  3619
mean.M[4, 14]   0.0247317570 0.032799552 4.669871e-04 0.0128019655 0.1220290742 1.00  3382
mean.M[5, 14]   0.0383709024 0.027197826 4.566450e-03 0.0321189267 0.1089639679 1.01  3582
mean.M[1, 15]   0.1394030342 0.076113417 2.912462e-02 0.1280498473 0.3205494922 1.00  3166
mean.M[2, 15]   0.0210594637 0.026510464 5.092723e-04 0.0114319894 0.0949381112 1.00  3858
mean.M[3, 15]   0.0186288446 0.016423817 1.299511e-03 0.0140527249 0.0642135735 1.01  2892
mean.M[4, 15]   0.0281637131 0.037867645 4.719671e-04 0.0141396546 0.1379427970 1.00  3562
mean.M[5, 15]   0.0539750994 0.031329420 1.111678e-02 0.0481231631 0.1328669226 1.00  3487
mean.M[1, 16]   0.1577746144 0.065671262 5.341030e-02 0.1510405845 0.3043326266 1.00  3702
mean.M[2, 16]   0.0565938070 0.047454062 4.554985e-03 0.0433546553 0.1855619662 1.00  3563
mean.M[3, 16]   0.0199876942 0.017778775 8.873484e-04 0.0148405926 0.0667263813 1.01  2908
mean.M[4, 16]   0.0162472298 0.019150623 3.672318e-04 0.0094182823 0.0704599435 1.00  3104
mean.M[5, 16]   0.0730249992 0.036356247 1.892601e-02 0.0676914991 0.1605834414 1.00  3394
mean.M[1, 17]   0.0680455343 0.051729500 4.759527e-03 0.0570119426 0.1960213082 1.00  2945
mean.M[2, 17]   0.1559964080 0.066488609 4.974511e-02 0.1465811431 0.3072344287 1.00  2957
mean.M[3, 17]   0.0627952757 0.032221008 1.062692e-02 0.0591111162 0.1357112233 1.00  2148
mean.M[4, 17]   0.0125462951 0.014598458 3.664534e-04 0.0077242870 0.0528023691 1.00  3818
mean.M[5, 17]   0.0442139768 0.028883924 5.464563e-03 0.0387144944 0.1153775485 1.00  2900
mean.Pi[1]      0.9948791733 0.002396082 9.892455e-01 0.9952348748 0.9984483687 1.01  1685
mean.Pi[2]      0.9946720190 0.002492379 9.888125e-01 0.9950418117 0.9983852918 1.01  1685
mean.Pi[3]      0.9937666978 0.002912654 9.869221e-01 0.9941978025 0.9981093462 1.01  1686
mean.Pi[4]      0.9948146712 0.002426071 9.891107e-01 0.9951747628 0.9984287309 1.01  1685
mean.Pi[5]      0.9945027568 0.002571026 9.884588e-01 0.9948840462 0.9983337350 1.01  1685
mean.Pi[6]      0.9953300877 0.002186300 9.901886e-01 0.9956550367 0.9985855855 1.01  1685
mean.Pi[7]      0.9944457539 0.002597505 9.883397e-01 0.9948309115 0.9983163684 1.01  1685
mean.Pi[8]      0.9955948301 0.002063024 9.907426e-01 0.9959016725 0.9986660957 1.01  1685
mean.Pi[9]      0.9944463516 0.002597228 9.883410e-01 0.9948314687 0.9983165505 1.01  1685
mean.Pi[10]     0.9943862793 0.002625128 9.882155e-01 0.9947754710 0.9982982468 1.01  1685
mean.Pi[11]     0.9953714692 0.002167036 9.902752e-01 0.9956935905 0.9985981725 1.01  1685
mean.Pi[12]     0.9947811036 0.002441676 9.890405e-01 0.9951434789 0.9984185103 1.01  1685
mean.Pi[13]     0.9950316411 0.002325174 9.895643e-01 0.9953769564 0.9984947786 1.01  1685
mean.Pi[14]     0.9949270678 0.002373810 9.893456e-01 0.9952795080 0.9984629488 1.01  1685
mean.Pi[15]     0.9948890488 0.002391490 9.892662e-01 0.9952440779 0.9984513751 1.01  1685
mean.Pi[16]     0.9949756170 0.002351232 9.894472e-01 0.9953247502 0.9984777269 1.01  1685
mean.Pi[17]     0.9952437623 0.002226480 9.900080e-01 0.9955746072 0.9985593248 1.01  1685
mean.Pi[18]     0.9946699767 0.002493329 9.888082e-01 0.9950399083 0.9983846699 1.01  1685
mean.Po[1]      0.0362215161 0.010730761 1.952281e-02 0.0351259395 0.0597314268 1.00  3944
mean.Po[2]      0.0365702893 0.010738828 1.996093e-02 0.0353303203 0.0607974156 1.01  2214
mean.Po[3]      0.0370300496 0.011326562 2.008653e-02 0.0357034783 0.0630736333 1.01  2020
mean.Po[4]      0.0371248392 0.011930553 2.047134e-02 0.0356628767 0.0635783167 1.01  1764
mean.Po[5]      0.0367307735 0.010808756 2.036393e-02 0.0355262114 0.0619109906 1.01  2529
mean.Po[6]      0.0365594307 0.010531735 2.057131e-02 0.0354324791 0.0601373381 1.01  2342
mean.Po[7]      0.0360220233 0.010231608 1.944606e-02 0.0350132339 0.0592746602 1.00  2313
mean.Po[8]      0.0365713595 0.010117473 2.036251e-02 0.0354563571 0.0599981324 1.00  2699
mean.Po[9]      0.0363193859 0.010255457 1.980512e-02 0.0352177766 0.0599924448 1.01  2445
mean.Po[10]     0.0383357145 0.012047985 2.128700e-02 0.0365128889 0.0686706962 1.03  1626
mean.Po[11]     0.0368453469 0.010279719 2.072585e-02 0.0357259554 0.0607553487 1.01  2227
mean.Po[12]     0.0379915012 0.011386981 2.137872e-02 0.0363895428 0.0653097595 1.01  2041
mean.Po[13]     0.0350100168 0.009511872 1.862609e-02 0.0344379772 0.0558772210 1.01  2763
mean.Po[14]     0.0343918116 0.009118740 1.793871e-02 0.0339851160 0.0541648279 1.00  2696
mean.Po[15]     0.0344001773 0.009155069 1.806194e-02 0.0339435481 0.0542042072 1.00  2689
mean.Po[16]     0.0342278149 0.009191600 1.779134e-02 0.0336918429 0.0542912830 1.00  2648
mean.Po[17]     0.0347670412 0.009086756 1.889408e-02 0.0341617782 0.0551058350 1.00  3169
mean.Po[18]     0.0344620583 0.008820673 1.875004e-02 0.0341052460 0.0540226344 1.00  2995
mean.R[1, 1]    0.1834488928 0.229891235 1.294604e-03 0.0829535008 0.8518486252 1.01  3340
mean.R[2, 1]    0.1285942787 0.190645534 9.184048e-04 0.0450491991 0.7348495944 1.00  3128
mean.R[3, 1]    0.0386629528 0.092758795 1.187290e-04 0.0072501766 0.3184760157 1.01  2955
mean.R[4, 1]    0.2357825427 0.259124048 2.927703e-03 0.1232026970 0.8995336192 1.00  3516
mean.R[5, 1]    0.3157419768 0.258959667 1.234275e-02 0.2418465438 0.9017283986 1.00  2366
mean.R[1, 2]    0.1842426777 0.230954435 1.527041e-03 0.0816309530 0.8416142712 1.00  3261
mean.R[2, 2]    0.1270698530 0.187520919 6.422609e-04 0.0457691793 0.7345871761 1.01  3520
mean.R[3, 2]    0.0390471491 0.094295387 1.185544e-04 0.0074808073 0.3420124004 1.00  2548
mean.R[4, 2]    0.2462555976 0.264532706 2.444084e-03 0.1331229180 0.9088451243 1.00  3406
mean.R[5, 2]    0.0268937219 0.042379707 2.706970e-04 0.0109372611 0.1504844415 1.00  4010
mean.R[1, 3]    0.4631021180 0.276743970 3.286773e-02 0.4492038193 0.9555767419 1.00  3237
mean.R[2, 3]    0.1248103189 0.184203150 7.775067e-04 0.0465328569 0.7272300922 1.00  3333
mean.R[3, 3]    0.0402649218 0.097325021 1.177798e-04 0.0072272672 0.3307481203 1.01  3383
mean.R[4, 3]    0.1143041814 0.133456495 1.842575e-03 0.0639536222 0.4982602128 1.00  3586
mean.R[5, 3]    0.0319540690 0.055839242 2.337833e-04 0.0118641817 0.1957199964 1.00  3673
mean.R[1, 4]    0.4558811428 0.273282048 3.803239e-02 0.4345793434 0.9539613335 1.00  3197
mean.R[2, 4]    0.0871903035 0.133310023 6.509768e-04 0.0340366494 0.5022656895 1.00  3664
mean.R[3, 4]    0.0209626226 0.045114158 1.219416e-04 0.0058078671 0.1461829865 1.01  4170
mean.R[4, 4]    0.2365026029 0.255623008 2.968863e-03 0.1321655079 0.9007868411 1.00  3298
mean.R[5, 4]    0.0332453767 0.056835631 2.990356e-04 0.0116613132 0.2060917161 1.01  3189
mean.R[1, 5]    0.1821810765 0.231366955 1.536784e-03 0.0783365131 0.8485358170 1.00  3208
mean.R[2, 5]    0.1318872875 0.194309443 8.368780e-04 0.0445351015 0.7442497858 1.01  3290
mean.R[3, 5]    0.5614116027 0.230029093 1.276993e-01 0.5712599325 0.9425239329 1.00  1763
mean.R[4, 5]    0.2379026507 0.256231820 2.830913e-03 0.1336648291 0.9017319947 1.00  3417
mean.R[5, 5]    0.0364256290 0.062519101 2.641464e-04 0.0130058762 0.2248913753 1.00  4123
mean.R[1, 6]    0.1792816590 0.227981684 1.505496e-03 0.0780826950 0.8410137075 1.00  3471
mean.R[2, 6]    0.1347616348 0.199809556 7.902088e-04 0.0463458969 0.7709304056 1.00  2887
mean.R[3, 6]    0.0397809913 0.095191570 1.240102e-04 0.0074170897 0.3300307834 1.01  3107
mean.R[4, 6]    0.0574598842 0.066623575 1.120772e-03 0.0338512096 0.2447321967 1.01  3567
mean.R[5, 6]    0.0729193990 0.068168219 4.078948e-03 0.0520296880 0.2540334898 1.00  3463
mean.R[1, 7]    0.1868855070 0.229600455 1.692134e-03 0.0869362413 0.8411158939 1.00  3397
mean.R[2, 7]    0.0861319140 0.130508397 6.715201e-04 0.0320049486 0.4909523603 1.00  3465
mean.R[3, 7]    0.0242954289 0.051967896 1.138162e-04 0.0066297132 0.1627745206 1.01  3539
mean.R[4, 7]    0.2391211634 0.258762728 2.491983e-03 0.1319757269 0.8971983890 1.00  3448
mean.R[5, 7]    0.3164419099 0.258476886 1.017021e-02 0.2484637979 0.8986378465 1.01  2524
mean.R[1, 8]    0.1864230047 0.231831453 1.423295e-03 0.0805133443 0.8338878994 1.01  3282
mean.R[2, 8]    0.1230919466 0.181212688 9.654375e-04 0.0447662804 0.7005411071 1.00  3277
mean.R[3, 8]    0.2682055660 0.179676814 2.738841e-02 0.2330075945 0.6903984364 1.00  2656
mean.R[4, 8]    0.3815948637 0.158645865 1.095623e-01 0.3684398998 0.7106213788 1.00  3462
mean.R[5, 8]    0.1130103236 0.103633599 6.190856e-03 0.0817196724 0.3844860994 1.00  3067
mean.R[1, 9]    0.1803533101 0.228841259 1.616917e-03 0.0781046104 0.8308221813 1.00  3065
mean.R[2, 9]    0.1368304713 0.203165493 9.135723e-04 0.0456465481 0.7804051607 1.00  2832
mean.R[3, 9]    0.3363455164 0.213375710 3.735009e-02 0.3010585774 0.8046022398 1.01  2500
mean.R[4, 9]    0.3819816328 0.163881487 1.058654e-01 0.3676248430 0.7235895578 1.00  3134
mean.R[5, 9]    0.0262477161 0.041640669 2.729274e-04 0.0107021232 0.1494613327 1.02  3619
mean.R[1, 10]   0.1816581555 0.225899059 1.439767e-03 0.0855223816 0.8493059996 1.00  3305
mean.R[2, 10]   0.1257221840 0.184632804 7.087507e-04 0.0457562470 0.7095895873 1.00  3578
mean.R[3, 10]   0.0283310258 0.062581665 1.134910e-04 0.0069244282 0.2062570905 1.01  3396
mean.R[4, 10]   0.4997096228 0.186603350 1.513480e-01 0.5036153410 0.8505844735 1.00  3273
mean.R[5, 10]   0.0717659915 0.134948525 3.393137e-04 0.0182288309 0.5183354252 1.01  3619
mean.R[1, 11]   0.3201693493 0.224143222 2.053443e-02 0.2806087935 0.8212309087 1.00  3260
mean.R[2, 11]   0.0891584118 0.133298553 7.355481e-04 0.0343299565 0.4986805909 1.00  3761
mean.R[3, 11]   0.0387477520 0.097118018 9.812700e-05 0.0073249145 0.3310403029 1.01  3118
mean.R[4, 11]   0.2458009737 0.258880978 2.269621e-03 0.1393566239 0.8893005043 1.00  3143
mean.R[5, 11]   0.0486389482 0.090526776 3.149859e-04 0.0151310095 0.3155545099 1.00  3643
mean.R[1, 12]   0.1810032295 0.227777513 1.508960e-03 0.0784169684 0.8376195748 1.00  3367
mean.R[2, 12]   0.1302479634 0.192113065 7.744983e-04 0.0455403211 0.7395472097 1.00  3210
mean.R[3, 12]   0.0296740300 0.067229315 1.256967e-04 0.0066953853 0.2220237269 1.00  3339
mean.R[4, 12]   0.1591928149 0.186989176 1.803319e-03 0.0856281162 0.6992836951 1.00  3252
mean.R[5, 12]   0.0268403034 0.043041705 2.658289e-04 0.0108203210 0.1521873779 1.00  4039
mean.R[1, 13]   0.4652953730 0.274252237 3.617181e-02 0.4451292388 0.9538724789 1.00  2942
mean.R[2, 13]   0.1256133233 0.187468770 8.059333e-04 0.0449145938 0.7327794057 1.00  2931
mean.R[3, 13]   0.0350959921 0.089902808 1.177114e-04 0.0070306458 0.2746514478 1.01  2767
mean.R[4, 13]   0.2397736099 0.257766329 2.841302e-03 0.1305222043 0.8951032571 1.00  3417
mean.R[5, 13]   0.6180742162 0.221575486 1.714487e-01 0.6433808810 0.9637431756 1.00  2186
mean.R[1, 14]   0.1175065414 0.156912954 1.475803e-03 0.0527908225 0.5935328461 1.00  3168
mean.R[2, 14]   0.0899244103 0.136505330 7.454319e-04 0.0342357689 0.5316690223 1.00  3396
mean.R[3, 14]   0.0408050596 0.098142238 1.101144e-04 0.0075629987 0.3378366005 1.00  3344
mean.R[4, 14]   0.5159981012 0.270644935 5.276257e-02 0.5212057431 0.9670592659 1.00  3399
mean.R[5, 14]   0.0824363798 0.077680414 4.153394e-03 0.0575667556 0.2953305593 1.00  3609
mean.R[1, 15]   0.1894165465 0.234839343 1.591134e-03 0.0849904299 0.8588469374 1.00  3150
mean.R[2, 15]   0.4049021692 0.270223064 2.304517e-02 0.3642911392 0.9368438666 1.00  2730
mean.R[3, 15]   0.0284359718 0.063255269 1.102093e-04 0.0070482031 0.1985335287 1.01  3318
mean.R[4, 15]   0.2426744080 0.260695580 2.643549e-03 0.1392995723 0.9053835702 1.00  3376
mean.R[5, 15]   0.0427072752 0.073696717 2.777292e-04 0.0141272933 0.2664178370 1.00  3926
mean.R[1, 16]   0.1876433001 0.232663281 1.771409e-03 0.0829733046 0.8470381948 1.00  3307
mean.R[2, 16]   0.4009513782 0.273016876 2.311331e-02 0.3578868006 0.9355555763 1.00  3032
mean.R[3, 16]   0.0366945288 0.088567312 1.129871e-04 0.0070872773 0.3019518486 1.01  3241
mean.R[4, 16]   0.1132398921 0.133470279 1.732067e-03 0.0620143951 0.5042684192 1.00  3551
mean.R[5, 16]   0.0743089900 0.139325217 3.210988e-04 0.0181925482 0.5303843907 1.01  3469
mean.R[1, 17]   0.1846737535 0.232627890 1.389271e-03 0.0824981204 0.8628460773 1.01  3180
mean.R[2, 17]   0.1255142612 0.190462941 6.779198e-04 0.0420796105 0.7507080926 1.00  3254
mean.R[3, 17]   0.0373761666 0.089696399 1.090558e-04 0.0076119163 0.3095246666 1.02  3688
mean.R[4, 17]   0.2497625583 0.263649285 2.809660e-03 0.1450221403 0.9028813944 1.00  3368
mean.R[5, 17]   0.0719350860 0.137313272 3.525688e-04 0.0194644739 0.5370763061 1.01  3263
mean.phi[1, 1]  0.9599760438 0.042066129 8.459322e-01 0.9730646728 0.9964555934 1.00  3304
mean.phi[2, 1]  0.9628313757 0.037093044 8.614675e-01 0.9743957440 0.9967516644 1.01  3016
mean.phi[3, 1]  0.9679775241 0.034242194 8.756190e-01 0.9786422553 0.9972211424 1.00  2973
mean.phi[4, 1]  0.9384267199 0.051900079 7.996160e-01 0.9529737132 0.9933446672 1.00  3315
mean.phi[5, 1]  0.8785220398 0.068069348 7.151161e-01 0.8918505268 0.9733225599 1.00  3554
mean.phi[1, 2]  0.9651621182 0.034126757 8.737196e-01 0.9755986697 0.9967864759 1.00  3337
mean.phi[2, 2]  0.9635342789 0.036096662 8.619192e-01 0.9750915496 0.9967023682 1.00  3344
mean.phi[3, 2]  0.9744580785 0.023778397 9.115501e-01 0.9810519507 0.9973859866 1.02  3351
mean.phi[4, 2]  0.9442817137 0.046621105 8.194370e-01 0.9578435502 0.9932222878 1.01  2954
mean.phi[5, 2]  0.6639977603 0.104316402 4.386667e-01 0.6713499385 0.8469665562 1.00  3353
mean.phi[1, 3]  0.9563880341 0.032594379 8.709443e-01 0.9650435478 0.9933070610 1.00  3707
mean.phi[2, 3]  0.9661360270 0.033186071 8.778868e-01 0.9759891513 0.9968979540 1.01  3141
mean.phi[3, 3]  0.9797892102 0.016238353 9.368541e-01 0.9841159810 0.9975747166 1.00  3454
mean.phi[4, 3]  0.8583998169 0.085288266 6.458466e-01 0.8773058154 0.9717778394 1.00  3285
mean.phi[5, 3]  0.7501923385 0.096744466 5.347857e-01 0.7612670390 0.9055989513 1.00  3429
mean.phi[1, 4]  0.9468574984 0.042673368 8.329370e-01 0.9584836048 0.9926784913 1.00  3597
mean.phi[2, 4]  0.9584874183 0.030465532 8.792225e-01 0.9664135356 0.9935090258 1.00  3986
mean.phi[3, 4]  0.9395205034 0.034760170 8.524072e-01 0.9466790213 0.9859059663 1.00  3491
mean.phi[4, 4]  0.9539517974 0.035711028 8.595722e-01 0.9636088422 0.9935969847 1.00  3020
mean.phi[5, 4]  0.7383955616 0.099819506 5.178489e-01 0.7482067765 0.9033299332 1.00  3311
mean.phi[1, 5]  0.9624664415 0.037784807 8.588926e-01 0.9746254573 0.9965314447 1.00  3143
mean.phi[2, 5]  0.9679900158 0.029678301 8.873674e-01 0.9767138605 0.9967755049 1.00  3477
mean.phi[3, 5]  0.9549612511 0.023259979 9.004278e-01 0.9593039720 0.9876529459 1.00  4040
mean.phi[4, 5]  0.9562595967 0.033929578 8.697262e-01 0.9646559505 0.9944187474 1.02  2843
mean.phi[5, 5]  0.8061423731 0.082369784 6.224403e-01 0.8153134410 0.9373261937 1.00  3447
mean.phi[1, 6]  0.9678593865 0.030282458 8.830420e-01 0.9771889724 0.9966850926 1.01  3659
mean.phi[2, 6]  0.9623424006 0.037519717 8.572631e-01 0.9741474556 0.9965990289 1.01  3511
mean.phi[3, 6]  0.9858303179 0.010626694 9.574117e-01 0.9885471996 0.9979916089 1.01  3384
mean.phi[4, 6]  0.7335870717 0.090865418 5.392849e-01 0.7420761617 0.8881099248 1.00  3379
mean.phi[5, 6]  0.4450373687 0.111067820 2.332270e-01 0.4433680880 0.6697242200 1.00  2762
mean.phi[1, 7]  0.9565026663 0.048214828 8.212655e-01 0.9717780629 0.9968219331 1.01  3238
mean.phi[2, 7]  0.9391652606 0.049081276 8.071638e-01 0.9528151201 0.9920601252 1.00  3471
mean.phi[3, 7]  0.9691948210 0.017609078 9.254342e-01 0.9726295242 0.9922346291 1.00  3583
mean.phi[4, 7]  0.9612567774 0.028539567 8.886222e-01 0.9685264177 0.9948060772 1.00  2440
mean.phi[5, 7]  0.8189093790 0.102350643 5.698947e-01 0.8379496191 0.9622319846 1.00  3144
mean.phi[1, 8]  0.9658727596 0.032656877 8.812500e-01 0.9755817811 0.9966374255 1.01  3369
mean.phi[2, 8]  0.9571238661 0.044819997 8.305976e-01 0.9716223399 0.9964515779 1.00  3808
mean.phi[3, 8]  0.9425463368 0.027315678 8.768499e-01 0.9470370648 0.9821066034 1.00  3681
mean.phi[4, 8]  0.8293107236 0.058885329 6.976188e-01 0.8361708671 0.9261929236 1.00  3575
mean.phi[5, 8]  0.5566652139 0.132139426 2.908664e-01 0.5610969521 0.7947570861 1.00  2983
mean.phi[1, 9]  0.9583634615 0.045555426 8.298960e-01 0.9726490571 0.9966837135 1.02  2783
mean.phi[2, 9]  0.9657885990 0.033151439 8.721745e-01 0.9759202191 0.9965109009 1.00  3780
mean.phi[3, 9]  0.9302248230 0.039168765 8.326699e-01 0.9379138928 0.9835412682 1.01  3538
mean.phi[4, 9]  0.8727091281 0.043656552 7.742357e-01 0.8773059648 0.9442970214 1.00  4077
mean.phi[5, 9]  0.5743064866 0.116623358 3.342391e-01 0.5800906938 0.7837046362 1.00  3069
mean.phi[1, 10] 0.9775183220 0.018390747 9.293643e-01 0.9824755973 0.9970782484 1.01  3652
mean.phi[2, 10] 0.9567853469 0.048108596 8.221370e-01 0.9715985836 0.9964099034 1.01  2791
mean.phi[3, 10] 0.9634598786 0.028529008 8.880564e-01 0.9707508992 0.9947659260 1.00  3531
mean.phi[4, 10] 0.9033861671 0.039159680 8.129681e-01 0.9089771948 0.9630377143 1.00  3825
mean.phi[5, 10] 0.9179757906 0.052388683 7.865474e-01 0.9296036893 0.9857356009 1.00  2946
mean.phi[1, 11] 0.9080015844 0.065465805 7.366371e-01 0.9249013027 0.9846749554 1.01  3102
mean.phi[2, 11] 0.9643986844 0.025364965 8.974165e-01 0.9707105520 0.9943667996 1.00  3757
mean.phi[3, 11] 0.9778239741 0.019922493 9.248112e-01 0.9837372340 0.9975372760 1.00  3431
mean.phi[4, 11] 0.9696229235 0.021565163 9.137878e-01 0.9747614116 0.9953477377 1.00  2884
mean.phi[5, 11] 0.9163790313 0.045085476 8.063162e-01 0.9242922678 0.9796969946 1.00  3237
mean.phi[1, 12] 0.9725262659 0.024443043 9.065185e-01 0.9798735877 0.9970887879 1.00  3622
mean.phi[2, 12] 0.9654341824 0.032307830 8.736017e-01 0.9751333930 0.9968937008 1.00  3371
mean.phi[3, 12] 0.9726843704 0.019200025 9.234800e-01 0.9775692122 0.9953650724 1.00  3149
mean.phi[4, 12] 0.9403737154 0.037787882 8.437838e-01 0.9489465538 0.9889616293 1.00  3258
mean.phi[5, 12] 0.8599007245 0.047246825 7.541717e-01 0.8651134210 0.9375425529 1.00  3700
mean.phi[1, 13] 0.9550669404 0.034480763 8.653708e-01 0.9642055109 0.9931507557 1.00  3915
mean.phi[2, 13] 0.9722439469 0.024715248 9.063144e-01 0.9797205130 0.9969819885 1.01  3382
mean.phi[3, 13] 0.9843135390 0.012182462 9.516621e-01 0.9875583767 0.9980381668 1.00  3436
mean.phi[4, 13] 0.9514765724 0.039582410 8.466526e-01 0.9629359657 0.9936200686 1.01  3014
mean.phi[5, 13] 0.9170909384 0.034890789 8.344282e-01 0.9213244218 0.9724638773 1.00  3306
mean.phi[1, 14] 0.9504386775 0.038288958 8.493175e-01 0.9604531031 0.9930183969 1.00  3694
mean.phi[2, 14] 0.9520499277 0.036903158 8.565774e-01 0.9619497634 0.9931394545 1.00  3589
mean.phi[3, 14] 0.9853215707 0.011145684 9.559076e-01 0.9881078193 0.9979707105 1.00  3116
mean.phi[4, 14] 0.9307395029 0.045174160 8.179623e-01 0.9409880859 0.9872486265 1.00  3570
mean.phi[5, 14] 0.8207488060 0.050796414 7.124460e-01 0.8248657608 0.9090364660 1.00  3747
mean.phi[1, 15] 0.9738031756 0.022110940 9.146997e-01 0.9801966379 0.9969986244 1.01  3576
mean.phi[2, 15] 0.9563481697 0.032968761 8.710265e-01 0.9649637851 0.9932129640 1.00  3940
mean.phi[3, 15] 0.9795688895 0.013197008 9.463125e-01 0.9824324228 0.9961256581 1.00  3517
mean.phi[4, 15] 0.9487226859 0.040842563 8.380896e-01 0.9600180785 0.9936305458 1.00  3301
mean.phi[5, 15] 0.9311256581 0.031513830 8.568708e-01 0.9362506146 0.9783939789 1.00  3253
mean.phi[1, 16] 0.9774803835 0.018973628 9.251743e-01 0.9828192926 0.9973881591 1.00  3738
mean.phi[2, 16] 0.9565901078 0.031804489 8.728615e-01 0.9648458303 0.9929993327 1.00  3821
mean.phi[3, 16] 0.9856294485 0.010786681 9.576882e-01 0.9884180298 0.9979438769 1.01  3388
mean.phi[4, 16] 0.9400150654 0.033111763 8.582431e-01 0.9463661727 0.9846769211 1.00  3260
mean.phi[5, 16] 0.9586281274 0.024409053 8.995446e-01 0.9635439723 0.9911941726 1.00  2542
mean.phi[1, 17] 0.9746444056 0.021602243 9.172698e-01 0.9808714707 0.9971749594 1.01  3285
mean.phi[2, 17] 0.9767228106 0.018759619 9.275513e-01 0.9817598382 0.9972987006 1.00  3458
mean.phi[3, 17] 0.9861269118 0.010574965 9.585379e-01 0.9888921506 0.9981622986 1.00  3093
mean.phi[4, 17] 0.9699853894 0.020452681 9.187842e-01 0.9747544004 0.9954404982 1.01  3435
mean.phi[5, 17] 0.9593546395 0.023652338 9.030369e-01 0.9638606377 0.9918540867 1.00  2716
mean.r[1]       0.9682090341 0.016372070 9.278602e-01 0.9710147842 0.9916461582 1.00  2798
mean.r[2]       0.9681423735 0.016497496 9.276388e-01 0.9708807405 0.9916714969 1.00  2454
mean.r[3]       0.9682391730 0.016187651 9.285204e-01 0.9709745637 0.9915551271 1.00  2544
mean.r[4]       0.9684780769 0.016139331 9.288863e-01 0.9712328835 0.9917884202 1.00  2484
mean.r[5]       0.9684409399 0.016071199 9.291413e-01 0.9711541060 0.9918354745 1.00  2551
mean.r[6]       0.9683771358 0.016297973 9.284107e-01 0.9713158232 0.9915579383 1.00  2520
mean.r[7]       0.9686266650 0.015884843 9.296219e-01 0.9713325051 0.9915497815 1.00  2594
mean.r[8]       0.9683923088 0.016205946 9.283561e-01 0.9711123394 0.9916664888 1.00  2518
mean.r[9]       0.9689595308 0.015855261 9.298137e-01 0.9716600077 0.9919586006 1.00  2526
mean.r[10]      0.9685646267 0.016030359 9.296497e-01 0.9712227817 0.9917634354 1.00  2559
mean.r[11]      0.9682275682 0.016258500 9.288758e-01 0.9709440720 0.9915305031 1.00  2607
mean.r[12]      0.9682722966 0.016249222 9.282321e-01 0.9710134596 0.9917018352 1.00  2517
mean.r[13]      0.9684920489 0.016054445 9.292037e-01 0.9712049677 0.9916398458 1.00  2556
mean.r[14]      0.9683349510 0.016152986 9.293905e-01 0.9709726871 0.9919166365 1.00  2508
mean.r[15]      0.9687157207 0.015818681 9.306625e-01 0.9711884629 0.9916719547 1.00  2632
mean.r[16]      0.9683557014 0.016285176 9.286180e-01 0.9711614945 0.9916912590 1.00  2550
mean.r[17]      0.9682367379 0.016238365 9.276884e-01 0.9709196477 0.9917278309 1.00  2555
mean.r[18]      0.9682772307 0.016418225 9.275591e-01 0.9711846997 0.9915863354 1.00  2499
mu.M[1]         0.0211547982 0.000000000 2.115480e-02 0.0211547982 0.0211547982  NaN     0
mu.M[2]         0.0420755181 0.000000000 4.207552e-02 0.0420755181 0.0420755181  NaN     0
mu.M[3]         0.0005419718 0.000000000 5.419718e-04 0.0005419718 0.0005419718  NaN     0
mu.M[4]         0.0372264375 0.000000000 3.722644e-02 0.0372264375 0.0372264375  NaN     0
mu.M[5]         0.2024573453 0.000000000 2.024573e-01 0.2024573453 0.2024573453  NaN     0
mu.Pi           0.9948791733 0.002396082 9.892455e-01 0.9952348748 0.9984483687 1.01  1685
mu.Po           0.0358154905 0.008201070 2.158118e-02 0.0353199917 0.0537915968 1.00  2991
mu.R[1]         0.0807370658 0.000000000 8.073707e-02 0.0807370658 0.0807370658  NaN     0
mu.R[2]         0.0448200047 0.000000000 4.482000e-02 0.0448200047 0.0448200047  NaN     0
mu.R[3]         0.0073011962 0.000000000 7.301196e-03 0.0073011962 0.0073011962  NaN     0
mu.R[4]         0.1322745503 0.000000000 1.322746e-01 0.1322745503 0.1322745503  NaN     0
mu.R[5]         0.0188393050 0.000000000 1.883931e-02 0.0188393050 0.0188393050  NaN     0
mu.phi[1]       0.9682442672 0.014287011 9.336144e-01 0.9708486522 0.9888116917 1.01  1552
mu.phi[2]       0.9677194569 0.014231574 9.334101e-01 0.9699537869 0.9885510961 1.00  1580
mu.phi[3]       0.9759067510 0.008247720 9.562218e-01 0.9771609941 0.9884192109 1.00   933
mu.phi[4]       0.9375048785 0.019880688 8.930942e-01 0.9398493599 0.9695538533 1.01   651
mu.phi[5]       0.8289255758 0.037956753 7.447444e-01 0.8314449349 0.8947141552 1.01   598
mu.r            0.9684759609 0.015572428 9.311392e-01 0.9708898695 0.9915017524 1.00  2546
sigma.M         1.9400002529 0.199088886 1.566650e+00 1.9312092907 2.3525444833 1.00   793
sigma.Pi        0.0000000000 0.000000000 0.000000e+00 0.0000000000 0.0000000000  NaN     0
sigma.Po        0.1279877539 0.115773345 1.446708e-02 0.0889607380 0.4395607118 1.09    70
sigma.R         2.0414373082 0.304503259 1.470590e+00 2.0384189894 2.6433679356 1.01   373
sigma.phi       0.9571444391 0.146542217 6.995437e-01 0.9468569038 1.2751697037 1.01   455
sigma.r         0.1117541549 0.082609124 2.620145e-03 0.0966605080 0.3134954571 1.32    91
