Information and diagnostics 
=========================== 
Total iter:                       10000 
Thin:                             1 
Num chains:                       3 
Max Rhat:                         1.12 
Min n.eff:                        109 


Model summary 
============= 
                      mean          sd        2.5%        50%     97.5% Rhat n.eff
mean.R[1, 1]    0.16579644 0.063581549 0.063275669 0.15797296 0.3082307 1.00  5826
mean.R[2, 1]    0.11358448 0.055033146 0.031233925 0.10500322 0.2442559 1.00  5439
mean.R[3, 1]    0.16430465 0.053911302 0.075210140 0.15962050 0.2845545 1.00  5392
mean.R[4, 1]    0.26823688 0.071275451 0.142173878 0.26346722 0.4175624 1.00  5453
mean.R[5, 1]    0.08656052 0.027910331 0.041664745 0.08335293 0.1499709 1.00  5369
mean.R[1, 2]    0.16130810 0.061827924 0.061020675 0.15425052 0.2991721 1.00  5989
mean.R[2, 2]    0.11020402 0.053121579 0.030128780 0.10194161 0.2362192 1.00  5553
mean.R[3, 2]    0.15978716 0.052175388 0.072069868 0.15530997 0.2748149 1.00  5852
mean.R[4, 2]    0.26189479 0.069965694 0.135156918 0.25745229 0.4081540 1.00  5704
mean.R[5, 2]    0.08397807 0.026966369 0.039490326 0.08110739 0.1443317 1.00  5133
mean.R[1, 3]    0.16299490 0.061947397 0.062260268 0.15566902 0.3017053 1.00  6213
mean.R[2, 3]    0.11158555 0.053807212 0.030010273 0.10369887 0.2384259 1.00  5738
mean.R[3, 3]    0.16147044 0.052471604 0.073549061 0.15717713 0.2776701 1.00  5803
mean.R[4, 3]    0.26426757 0.069270839 0.141505377 0.25975007 0.4103034 1.00  6115
mean.R[5, 3]    0.08494300 0.027034796 0.041121657 0.08179147 0.1464025 1.00  5991
mean.R[1, 4]    0.16379682 0.062112143 0.062597364 0.15690022 0.3034947 1.00  6130
mean.R[2, 4]    0.11232124 0.054629080 0.030533178 0.10361510 0.2429453 1.01  5421
mean.R[3, 4]    0.16244482 0.053065777 0.074045770 0.15816873 0.2806738 1.00  5666
mean.R[4, 4]    0.26567885 0.070543958 0.141546573 0.26157537 0.4136086 1.00  6056
mean.R[5, 4]    0.08552361 0.027557190 0.041342310 0.08229192 0.1482804 1.00  5400
mean.R[1, 5]    0.16539683 0.063078709 0.062973891 0.15782283 0.3074954 1.00  6188
mean.R[2, 5]    0.11335593 0.054732514 0.031515268 0.10519827 0.2428269 1.00  5208
mean.R[3, 5]    0.16364592 0.052038197 0.076059320 0.15958928 0.2779169 1.00  6008
mean.R[4, 5]    0.26773139 0.070497106 0.142061149 0.26307273 0.4159204 1.00  5764
mean.R[5, 5]    0.08630893 0.027494545 0.042133486 0.08308110 0.1482146 1.00  5796
mean.R[1, 6]    0.16546648 0.063269663 0.062811287 0.15797885 0.3055372 1.00  5979
mean.R[2, 6]    0.11340050 0.054932253 0.030787771 0.10529754 0.2431688 1.00  5151
mean.R[3, 6]    0.16399801 0.053863918 0.076367449 0.15928305 0.2830784 1.00  4910
mean.R[4, 6]    0.26783828 0.070849877 0.141997045 0.26330697 0.4158595 1.00  5468
mean.R[5, 6]    0.08643441 0.027970610 0.041790852 0.08294949 0.1501776 1.00  4900
mean.R[1, 7]    0.16034729 0.061738197 0.060053133 0.15274551 0.2983612 1.00  5952
mean.R[2, 7]    0.10952412 0.052805075 0.029749953 0.10151743 0.2341830 1.00  5542
mean.R[3, 7]    0.15875707 0.051631503 0.071155128 0.15481209 0.2710534 1.00  5474
mean.R[4, 7]    0.26044329 0.069471429 0.134654862 0.25645378 0.4055568 1.00  5435
mean.R[5, 7]    0.08333546 0.026571930 0.039489700 0.08059648 0.1425157 1.00  5583
mean.R[1, 8]    0.17144558 0.066493573 0.065451846 0.16314031 0.3228208 1.01  4758
mean.R[2, 8]    0.11801709 0.058618077 0.032291760 0.10835767 0.2583187 1.02  4174
mean.R[3, 8]    0.16988148 0.056646210 0.078130511 0.16471091 0.2957518 1.01  3233
mean.R[4, 8]    0.27576873 0.071875342 0.150308628 0.27044453 0.4316916 1.00  4517
mean.R[5, 8]    0.09009006 0.030959174 0.043168808 0.08591054 0.1622993 1.02  2281
mean.R[1, 9]    0.16534845 0.062654091 0.063526684 0.15815317 0.3058204 1.00  6225
mean.R[2, 9]    0.11328002 0.054415836 0.031101458 0.10534120 0.2407454 1.00  5526
mean.R[3, 9]    0.16376585 0.052420270 0.075246787 0.15958593 0.2790141 1.00  6202
mean.R[4, 9]    0.26751060 0.068746966 0.144710598 0.26352409 0.4117230 1.00  6587
mean.R[5, 9]    0.08625617 0.027065336 0.041893638 0.08328420 0.1474481 1.00  5537
mean.R[1, 10]   0.16460296 0.062594892 0.062938677 0.15688093 0.3043422 1.00  6080
mean.R[2, 10]   0.11277572 0.054496004 0.031019165 0.10473473 0.2404355 1.00  5508
mean.R[3, 10]   0.16316095 0.053123143 0.074822596 0.15898675 0.2809487 1.00  5436
mean.R[4, 10]   0.26642848 0.069045422 0.143499827 0.26230863 0.4131261 1.00  6528
mean.R[5, 10]   0.08584968 0.027369622 0.041686726 0.08269896 0.1473862 1.00  5797
mean.R[1, 11]   0.16385775 0.062672836 0.063167908 0.15637024 0.3038584 1.00  6083
mean.R[2, 11]   0.11221166 0.054335167 0.030744337 0.10394141 0.2401967 1.00  5129
mean.R[3, 11]   0.16239529 0.052844136 0.074588909 0.15791900 0.2808866 1.00  5598
mean.R[4, 11]   0.26567072 0.070833595 0.139676824 0.26085284 0.4142320 1.00  5480
mean.R[5, 11]   0.08559854 0.028135624 0.040961406 0.08255310 0.1490785 1.00  4761
mean.R[1, 12]   0.16107002 0.061035002 0.060541956 0.15410303 0.2949775 1.00  6135
mean.R[2, 12]   0.11017835 0.053214759 0.029943379 0.10212836 0.2350251 1.00  5651
mean.R[3, 12]   0.15963164 0.051896693 0.072854548 0.15536141 0.2739178 1.00  5702
mean.R[4, 12]   0.26182361 0.070168846 0.137205580 0.25780669 0.4090156 1.00  5590
mean.R[5, 12]   0.08396781 0.027138646 0.039503041 0.08098419 0.1451053 1.00  5608
mean.R[1, 13]   0.16488983 0.061830125 0.063364943 0.15805034 0.3037714 1.00  6349
mean.R[2, 13]   0.11295755 0.054008347 0.031156471 0.10501515 0.2396504 1.00  5770
mean.R[3, 13]   0.16352177 0.052443027 0.075229559 0.15944355 0.2798361 1.00  5853
mean.R[4, 13]   0.26733799 0.070103657 0.142769016 0.26287080 0.4156428 1.00  6038
mean.R[5, 13]   0.08606958 0.026923394 0.042221810 0.08303776 0.1461505 1.00  6081
mean.R[1, 14]   0.16605977 0.063195670 0.063125888 0.15864690 0.3090651 1.00  6031
mean.R[2, 14]   0.11382250 0.055016821 0.031036647 0.10572420 0.2442939 1.00  5430
mean.R[3, 14]   0.16451928 0.053266550 0.075735063 0.16015515 0.2841104 1.00  6034
mean.R[4, 14]   0.26858876 0.070450597 0.143719097 0.26386720 0.4181498 1.00  5946
mean.R[5, 14]   0.08679486 0.028042731 0.041663878 0.08347985 0.1509262 1.00  5113
mean.R[1, 15]   0.16187789 0.061856596 0.061373334 0.15496646 0.3008990 1.00  6038
mean.R[2, 15]   0.11079783 0.053792391 0.030365790 0.10265174 0.2365972 1.00  5319
mean.R[3, 15]   0.16043475 0.052279801 0.073307967 0.15657745 0.2756532 1.00  5640
mean.R[4, 15]   0.26296748 0.070624447 0.136369832 0.25854578 0.4096639 1.01  5556
mean.R[5, 15]   0.08434628 0.027035076 0.040132477 0.08126441 0.1453705 1.00  5578
mean.R[1, 16]   0.16249850 0.061562281 0.061990494 0.15507020 0.2991002 1.00  6124
mean.R[2, 16]   0.11117967 0.053371061 0.030542385 0.10324655 0.2371737 1.00  5494
mean.R[3, 16]   0.16110860 0.052292875 0.073368375 0.15655032 0.2758343 1.00  5644
mean.R[4, 16]   0.26388652 0.070410190 0.138924539 0.25970472 0.4128370 1.00  5531
mean.R[5, 16]   0.08482267 0.027582968 0.040495186 0.08165854 0.1473001 1.00  5078
mean.R[1, 17]   0.15939355 0.061264200 0.059416927 0.15278475 0.2948870 1.00  5978
mean.R[2, 17]   0.10886158 0.052615841 0.029596132 0.10116110 0.2317165 1.00  5444
mean.R[3, 17]   0.15776791 0.051281497 0.069923743 0.15403499 0.2700638 1.00  5531
mean.R[4, 17]   0.25926348 0.070195814 0.132305894 0.25588898 0.4041833 1.00  4767
mean.R[5, 17]   0.08287021 0.026673014 0.038893765 0.08032718 0.1426155 1.00  5352
mean.p[1]       0.99080338 0.003072852 0.983804780 0.99114256 0.9956912 1.00  6206
mean.p[2]       0.99082374 0.003027508 0.983913888 0.99115201 0.9957430 1.00  4941
mean.p[3]       0.99081943 0.003022328 0.983896692 0.99117085 0.9957034 1.00  4940
mean.p[4]       0.99086980 0.002996068 0.984154282 0.99119651 0.9957008 1.00  4802
mean.p[5]       0.99077082 0.003118582 0.983729431 0.99114185 0.9956628 1.00  4639
mean.p[6]       0.99089613 0.002961727 0.984192271 0.99120090 0.9957238 1.00  5040
mean.p[7]       0.99068948 0.003077258 0.983622059 0.99104701 0.9956419 1.00  4940
mean.p[8]       0.99079421 0.003064711 0.983824563 0.99114200 0.9956828 1.00  4779
mean.p[9]       0.99079251 0.003021954 0.983992081 0.99110299 0.9956834 1.00  4990
mean.p[10]      0.99088997 0.003008181 0.984145784 0.99120403 0.9957545 1.00  5040
mean.p[11]      0.99089096 0.003012299 0.984026388 0.99123613 0.9957587 1.00  4869
mean.p[12]      0.99093343 0.002972209 0.984254958 0.99126061 0.9957743 1.00  4968
mean.p[13]      0.99093432 0.002984563 0.984321831 0.99125207 0.9957659 1.00  4942
mean.p[14]      0.99090391 0.002987549 0.984141632 0.99123714 0.9956667 1.00  4898
mean.p[15]      0.99093371 0.002976178 0.984172503 0.99124782 0.9957757 1.00  4972
mean.p[16]      0.99073452 0.003116607 0.983631351 0.99111414 0.9956494 1.00  4752
mean.p[17]      0.99082394 0.002997853 0.983966289 0.99117717 0.9956722 1.00  4942
mean.p[18]      0.99076210 0.003092784 0.983800263 0.99112638 0.9956529 1.01  4630
mean.phi[1, 1]  0.88224545 0.059547538 0.736487962 0.89286497 0.9653445 1.00  6059
mean.phi[2, 1]  0.87705323 0.060270203 0.732473515 0.88753948 0.9638874 1.00  6486
mean.phi[3, 1]  0.92338857 0.042419623 0.813363969 0.93234702 0.9784520 1.00  6362
mean.phi[4, 1]  0.90471505 0.048660676 0.785132954 0.91378227 0.9725378 1.00  6311
mean.phi[5, 1]  0.71114104 0.079277056 0.546531662 0.71573097 0.8507535 1.00  7026
mean.phi[1, 2]  0.89397281 0.051545586 0.767302200 0.90231941 0.9680205 1.00  6484
mean.phi[2, 2]  0.78153889 0.091326897 0.564089220 0.79675222 0.9159636 1.00  4939
mean.phi[3, 2]  0.91957923 0.038865672 0.825012708 0.92633831 0.9748131 1.00  6521
mean.phi[4, 2]  0.88855868 0.052867588 0.756849425 0.89784983 0.9637049 1.00  5893
mean.phi[5, 2]  0.75517687 0.073437367 0.596604469 0.76147995 0.8816788 1.00  5638
mean.phi[1, 3]  0.89914572 0.043168915 0.798105727 0.90544841 0.9649375 1.00  6260
mean.phi[2, 3]  0.82419450 0.075304806 0.644455838 0.83613206 0.9354255 1.00  6506
mean.phi[3, 3]  0.94233231 0.027861000 0.874925384 0.94756979 0.9818128 1.00  6012
mean.phi[4, 3]  0.87112714 0.057260180 0.731358419 0.88054693 0.9535267 1.00  6060
mean.phi[5, 3]  0.62402851 0.079667489 0.460658973 0.62763911 0.7689976 1.00  6952
mean.phi[1, 4]  0.86113936 0.058139273 0.724215006 0.86973492 0.9499501 1.00  6752
mean.phi[2, 4]  0.91264852 0.039283963 0.819046231 0.91835208 0.9721378 1.00  4627
mean.phi[3, 4]  0.93558196 0.028846106 0.866759207 0.94001270 0.9782168 1.00  6055
mean.phi[4, 4]  0.91936544 0.038564576 0.829522598 0.92592500 0.9756301 1.00  5925
mean.phi[5, 4]  0.64742978 0.082717937 0.475245008 0.65094305 0.7972894 1.00  7250
mean.phi[1, 5]  0.88414838 0.057990995 0.742784830 0.89412780 0.9661535 1.00  6313
mean.phi[2, 5]  0.84192969 0.064696384 0.690060917 0.85123621 0.9399287 1.00  6259
mean.phi[3, 5]  0.87677046 0.038080194 0.791315384 0.88108047 0.9381016 1.00  7006
mean.phi[4, 5]  0.90863020 0.041027289 0.809709392 0.91514505 0.9695298 1.00  6192
mean.phi[5, 5]  0.70708605 0.077392936 0.543230810 0.71143894 0.8430930 1.00  7162
mean.phi[1, 6]  0.87213190 0.058053370 0.734075747 0.88157830 0.9574592 1.00  7057
mean.phi[2, 6]  0.87393951 0.061918603 0.724075137 0.88491616 0.9614641 1.00  6631
mean.phi[3, 6]  0.95003248 0.021129201 0.900456468 0.95301819 0.9821648 1.00  5341
mean.phi[4, 6]  0.92578131 0.035383851 0.841797144 0.93140019 0.9778396 1.00  4829
mean.phi[5, 6]  0.72614021 0.076612733 0.566093065 0.73033371 0.8626734 1.00  5927
mean.phi[1, 7]  0.87158580 0.067585763 0.704406361 0.88382672 0.9641142 1.00  5494
mean.phi[2, 7]  0.88359065 0.054915365 0.752651645 0.89299105 0.9630528 1.00  6222
mean.phi[3, 7]  0.92708492 0.026161557 0.866950754 0.93059097 0.9686245 1.00  7323
mean.phi[4, 7]  0.87553416 0.048912589 0.760472344 0.88269147 0.9500054 1.00  6948
mean.phi[5, 7]  0.39837033 0.094414479 0.219081871 0.39657759 0.5849657 1.00  2239
mean.phi[1, 8]  0.83951531 0.070745758 0.665136861 0.85147733 0.9418942 1.00  6127
mean.phi[2, 8]  0.85979862 0.072166569 0.680413007 0.87324744 0.9584881 1.00  6377
mean.phi[3, 8]  0.90976738 0.031709356 0.836568684 0.91371303 0.9596583 1.00  6664
mean.phi[4, 8]  0.84030750 0.054564734 0.717211350 0.84733043 0.9272619 1.00  5704
mean.phi[5, 8]  0.72091384 0.087859137 0.531972128 0.72647986 0.8746220 1.00  6196
mean.phi[1, 9]  0.87642029 0.063926942 0.717210062 0.88770619 0.9654247 1.00  5697
mean.phi[2, 9]  0.87651133 0.058905188 0.732383982 0.88648419 0.9615937 1.00  6485
mean.phi[3, 9]  0.87115832 0.048707947 0.757491996 0.87757833 0.9459558 1.00  5888
mean.phi[4, 9]  0.81927334 0.049451455 0.711469153 0.82380318 0.9025139 1.00  6402
mean.phi[5, 9]  0.54409089 0.088954116 0.365976780 0.54646268 0.7082043 1.00  5574
mean.phi[1, 10] 0.90096015 0.038554582 0.812179706 0.90551842 0.9613541 1.00  6693
mean.phi[2, 10] 0.86366424 0.071124472 0.685487338 0.87699023 0.9617231 1.00  6098
mean.phi[3, 10] 0.93752268 0.031304089 0.862053129 0.94288488 0.9813736 1.00  5772
mean.phi[4, 10] 0.85470967 0.044575874 0.755270385 0.85959965 0.9280199 1.00  7889
mean.phi[5, 10] 0.49686261 0.099656192 0.296982597 0.49851994 0.6857871 1.00  3932
mean.phi[1, 11] 0.85724817 0.060269153 0.711163031 0.86624200 0.9475313 1.00  6775
mean.phi[2, 11] 0.89311802 0.041381894 0.799454398 0.89773804 0.9583800 1.00  6853
mean.phi[3, 11] 0.92066254 0.037721350 0.828511283 0.92763126 0.9735447 1.00  6401
mean.phi[4, 11] 0.91234870 0.034811636 0.831971472 0.91701105 0.9668534 1.00  7049
mean.phi[5, 11] 0.80262841 0.074409043 0.637461715 0.80984764 0.9257851 1.00  2845
mean.phi[1, 12] 0.87409452 0.051724154 0.754213303 0.88111519 0.9529711 1.00  7137
mean.phi[2, 12] 0.77062513 0.086874039 0.570458381 0.78250719 0.9051866 1.00  4464
mean.phi[3, 12] 0.91810325 0.032284755 0.841879157 0.92287370 0.9671044 1.00  6934
mean.phi[4, 12] 0.92378083 0.036357662 0.837292851 0.92984569 0.9767085 1.00  4857
mean.phi[5, 12] 0.80628680 0.059584927 0.679589667 0.81115876 0.9094187 1.00  3687
mean.phi[1, 13] 0.80760346 0.068829350 0.649244439 0.81723543 0.9159568 1.00  5475
mean.phi[2, 13] 0.80689645 0.071130924 0.646052779 0.81631937 0.9179492 1.00  6575
mean.phi[3, 13] 0.91876987 0.032225517 0.844066863 0.92345891 0.9678339 1.00  6945
mean.phi[4, 13] 0.89226822 0.050834236 0.768931989 0.90100088 0.9654931 1.00  6174
mean.phi[5, 13] 0.60490946 0.071159944 0.459699442 0.60720008 0.7380981 1.00  7220
mean.phi[1, 14] 0.90880792 0.042185678 0.809182342 0.91504955 0.9721355 1.00  5708
mean.phi[2, 14] 0.89643459 0.047610489 0.785518590 0.90374598 0.9677059 1.00  6393
mean.phi[3, 14] 0.93377112 0.027375555 0.869635221 0.93784646 0.9752992 1.00  6610
mean.phi[4, 14] 0.88951297 0.052684603 0.760257153 0.89885589 0.9641815 1.00  6364
mean.phi[5, 14] 0.80121883 0.064447944 0.662058211 0.80533334 0.9119512 1.00  3294
mean.phi[1, 15] 0.85984118 0.055028549 0.730662484 0.86739355 0.9439851 1.00  6767
mean.phi[2, 15] 0.87557007 0.048788791 0.761284474 0.88214008 0.9513331 1.00  7226
mean.phi[3, 15] 0.92848411 0.027534498 0.864279800 0.93207097 0.9709456 1.00  7018
mean.phi[4, 15] 0.90473544 0.048070613 0.787505841 0.91260753 0.9720832 1.00  6368
mean.phi[5, 15] 0.61647580 0.079517749 0.453052025 0.61869565 0.7660318 1.00  6663
mean.phi[1, 16] 0.84888130 0.051689862 0.729275539 0.85470490 0.9316442 1.00  7396
mean.phi[2, 16] 0.86513084 0.054273810 0.739821430 0.87198919 0.9499854 1.00  7052
mean.phi[3, 16] 0.92738531 0.027779360 0.862615801 0.93094659 0.9705536 1.00  7026
mean.phi[4, 16] 0.93169612 0.031517120 0.856670293 0.93665717 0.9785618 1.00  4546
mean.phi[5, 16] 0.69098405 0.086000521 0.506921847 0.69700505 0.8416448 1.00  7102
mean.phi[1, 17] 0.89160637 0.044204319 0.791318863 0.89726926 0.9608562 1.00  6731
mean.phi[2, 17] 0.83339283 0.057174749 0.704975790 0.83997765 0.9256837 1.00  7350
mean.phi[3, 17] 0.90567172 0.033768702 0.827521700 0.90966074 0.9598678 1.00  6276
mean.phi[4, 17] 0.92062092 0.034500722 0.839817387 0.92582214 0.9729615 1.00  5953
mean.phi[5, 17] 0.71652131 0.083965617 0.538136977 0.72235816 0.8627016 1.00  6280
mu.R[1]         0.16380786 0.060081053 0.063768699 0.15734001 0.2958887 1.00  6374
mu.R[2]         0.11211157 0.052678277 0.031433983 0.10455606 0.2350067 1.00  5788
mu.R[3]         0.16229395 0.049987068 0.077228045 0.15911972 0.2721069 1.00  6269
mu.R[4]         0.26574330 0.066245015 0.146031277 0.26183198 0.4044708 1.00  6488
mu.R[5]         0.08535446 0.025542690 0.043027827 0.08288764 0.1422336 1.00  6268
mu.p            0.99087371 0.002786291 0.984711769 0.99113607 0.9954829 1.00  5133
mu.phi[1]       0.87950541 0.025362714 0.824580517 0.88107252 0.9244296 1.00  3258
mu.phi[2]       0.86586160 0.028477424 0.804673406 0.86774760 0.9163814 1.00  3696
mu.phi[3]       0.92652073 0.014462737 0.895848334 0.92756091 0.9521936 1.00  2211
mu.phi[4]       0.90080584 0.020791584 0.856155782 0.90253959 0.9374818 1.00  2485
mu.phi[5]       0.67542533 0.036726431 0.601300101 0.67649984 0.7441865 1.00  2270
sigma.R         0.10191507 0.089980304 0.008379464 0.07481055 0.3533105 1.12   109
sigma.p         0.10023350 0.081351193 0.007265397 0.07739959 0.3064355 1.05   159
sigma.phi       0.55830792 0.108131420 0.350269253 0.55506938 0.7751020 1.01   545
