Information and diagnostics 
=========================== 
Total iter:                       10000 
Thin:                             1 
Num chains:                       3 
Max Rhat:                         1.03 
Min n.eff:                        0 


Model summary 
============= 
                        mean         sd         2.5%           50%       97.5% Rhat n.eff
betaVR.R[1]     -0.148338392 0.44256313 -0.995274867 -0.1620958522  0.74579077 1.00  2856
betaVR.R[2]     -0.347799087 0.38136768 -1.050372775 -0.3554896599  0.42425291 1.01  1675
betaVR.R[3]     -0.825286399 0.51716016 -1.836620303 -0.8151896800  0.18648006 1.00  3530
betaVR.R[4]     -0.700091643 0.62225868 -1.923168084 -0.6987741411  0.53634505 1.00  5093
betaVR.phi[1]   -0.389110539 0.18766466 -0.770343023 -0.3848155590 -0.03069298 1.00  3314
betaVR.phi[2]    0.102593298 0.14151020 -0.169555254  0.1021325213  0.38564626 1.00  3335
betaVR.phi[3]   -0.051919822 0.26742237 -0.584462435 -0.0481057202  0.46846144 1.00  4890
betaVR.phi[4]   -0.122185052 0.32297452 -0.743488206 -0.1274661015  0.52176509 1.00  3469
betaX.R         -0.476507550 0.22924716 -0.942729148 -0.4739940854 -0.03390231 1.00  4168
betaX.phi        0.113722922 0.09025092 -0.060493324  0.1137026356  0.29342150 1.00  4660
eps.R[1]         0.189271101 0.73905259 -1.250203199  0.1081652407  1.82049082 1.00  4723
eps.R[2]        -0.472770322 0.77362139 -2.341958360 -0.3088015228  0.72348226 1.00  1369
eps.R[3]        -0.428154755 0.64150127 -1.945162406 -0.3223363441  0.61909308 1.01  1943
eps.R[4]         0.220773184 0.51522481 -0.762308083  0.1708876317  1.30996695 1.01  3397
eps.R[5]         0.840611944 0.75858640 -0.251118137  0.7261527093  2.58204027 1.02   631
eps.R[6]         0.420256327 0.59464820 -0.575199995  0.3316413803  1.77563090 1.01  1304
eps.R[7]        -0.525550090 0.79743771 -2.440755362 -0.3669293277  0.68722178 1.01  1964
eps.R[8]        -0.131527002 0.64149081 -1.610340712 -0.0690487456  1.08367650 1.00  5149
eps.R[9]        -0.300498608 0.63953908 -1.776628182 -0.1967194960  0.78929368 1.01  2886
eps.R[10]       -0.233848997 0.64968162 -1.762869495 -0.1348912014  0.91885918 1.00  4303
eps.R[11]        0.441828672 0.57093634 -0.562789496  0.3748053715  1.69377274 1.00  2510
eps.R[12]       -0.181648662 0.62966085 -1.624031123 -0.1051927861  0.97881214 1.01  3968
eps.R[13]        0.584069354 0.57107512 -0.350063199  0.5321687430  1.82622757 1.01  1398
eps.R[14]       -0.354961388 0.64336486 -1.890431278 -0.2445657498  0.70425513 1.00  2029
eps.R[15]       -0.551278361 0.80528786 -2.534828555 -0.3812636339  0.61366039 1.01  1069
eps.R[16]       -0.215476918 0.53692890 -1.445195170 -0.1451778051  0.76202577 1.01  3342
eps.R[17]       -0.718395385 0.83989049 -2.728526021 -0.5477781970  0.45278940 1.02   876
eps.p[1]         0.000000000 0.00000000  0.000000000  0.0000000000  0.00000000  NaN     0
eps.p[2]         0.343112189 0.68166183 -0.904404433  0.3068617846  1.78639581 1.00  6261
eps.p[3]         0.379635781 0.66817972 -0.841898650  0.3448549397  1.78874375 1.00  5328
eps.p[4]         0.797984562 0.62629356 -0.296830359  0.7411389826  2.16615522 1.00  3981
eps.p[5]         0.626439613 0.55417583 -0.368624216  0.5935171163  1.83617878 1.00  4169
eps.p[6]         0.901384554 0.62132224 -0.153257657  0.8470705593  2.28644383 1.00  3409
eps.p[7]         0.868421470 0.61865873 -0.189827322  0.8109416718  2.24289857 1.00  3575
eps.p[8]         0.507909928 0.56191271 -0.503123640  0.4757140698  1.69356624 1.00  4825
eps.p[9]         0.788014751 0.64321662 -0.318102476  0.7347330847  2.19911819 1.00  3727
eps.p[10]        0.354635882 0.59315356 -0.734249666  0.3242824166  1.60675265 1.00  4889
eps.p[11]        0.324271572 0.51069068 -0.616194888  0.2952782546  1.39140801 1.00  5306
eps.p[12]       -0.137634650 0.46637206 -1.039168562 -0.1454196337  0.79248358 1.00  4590
eps.p[13]       -0.698762169 0.43638423 -1.550156189 -0.7047197949  0.14998794 1.00  2731
eps.p[14]       -1.680338589 0.39461755 -2.472004976 -1.6833363219 -0.91195673 1.01  1709
eps.p[15]       -0.312648930 0.45993019 -1.219666267 -0.3114932100  0.58406236 1.00  3392
eps.p[16]        0.006415407 0.49101005 -0.928222541 -0.0102058025  1.01205618 1.00  4507
eps.p[17]        0.163838610 0.48330971 -0.753709533  0.1445846624  1.16451523 1.00  4656
eps.p[18]       -0.717911425 0.64062619 -1.862056872 -0.7591554503  0.63848035 1.01  1689
eps.phi[1, 1]    0.003810680 0.21899619 -0.462448302  0.0028406566  0.49210580 1.01  3462
eps.phi[2, 1]    0.002592849 0.23335593 -0.496704415  0.0015615939  0.51878247 1.01  2592
eps.phi[3, 1]   -0.033912952 0.23683006 -0.593803597 -0.0125381729  0.43036973 1.00  2275
eps.phi[4, 1]    0.074613853 0.24480271 -0.324355829  0.0290226621  0.69990123 1.02  1039
eps.phi[1, 2]    0.025859003 0.21602038 -0.394120197  0.0106135465  0.52804639 1.00  2403
eps.phi[2, 2]    0.009668244 0.22480370 -0.462032078  0.0037756188  0.51245495 1.01  3744
eps.phi[3, 2]   -0.042452806 0.24547005 -0.647153488 -0.0130806099  0.41955721 1.00  2250
eps.phi[4, 2]   -0.112304708 0.26164885 -0.807475324 -0.0509057981  0.28798775 1.01   828
eps.phi[1, 3]    0.035740356 0.19177792 -0.338575467  0.0170737296  0.48741052 1.01  3053
eps.phi[2, 3]    0.004246753 0.21536133 -0.441248493  0.0017391928  0.47900579 1.00  3690
eps.phi[3, 3]   -0.008152555 0.22081741 -0.483715379 -0.0014801579  0.46521078 1.01  3507
eps.phi[4, 3]   -0.066278631 0.22545856 -0.639381992 -0.0305260796  0.34098592 1.02  1713
eps.phi[1, 4]   -0.003330349 0.17963038 -0.392926750  0.0004800696  0.37183151 1.00  3619
eps.phi[2, 4]    0.093188751 0.22962785 -0.277627511  0.0424836733  0.69634354 1.01   982
eps.phi[3, 4]    0.014606336 0.21805489 -0.442353059  0.0067827082  0.50805906 1.00  4110
eps.phi[4, 4]   -0.096603484 0.24322567 -0.730822297 -0.0423707210  0.29166247 1.00   875
eps.phi[1, 5]    0.030531366 0.22275863 -0.405273916  0.0101558261  0.56192487 1.01  3231
eps.phi[2, 5]   -0.002885968 0.19944046 -0.436054719 -0.0024706208  0.42999259 1.00  3066
eps.phi[3, 5]   -0.005004398 0.22615289 -0.509101800 -0.0023134410  0.48937553 1.01  3706
eps.phi[4, 5]   -0.014927462 0.22637444 -0.542035270 -0.0046776589  0.43855645 1.01  3405
eps.phi[1, 6]   -0.049202158 0.21702013 -0.566747126 -0.0246832660  0.36296080 1.01  3477
eps.phi[2, 6]    0.021356766 0.19903848 -0.376944863  0.0094106991  0.47901465 1.01  2962
eps.phi[3, 6]   -0.110239482 0.25775527 -0.796722928 -0.0466522967  0.28541397 1.01   637
eps.phi[4, 6]   -0.011913821 0.22345845 -0.498473606 -0.0071526127  0.46410530 1.00  3764
eps.phi[1, 7]    0.060388757 0.23704692 -0.356294086  0.0245389704  0.65257682 1.01  2070
eps.phi[2, 7]   -0.036921723 0.20217960 -0.511037837 -0.0143259775  0.35556025 1.00  2318
eps.phi[3, 7]    0.074845490 0.24359854 -0.328840592  0.0279481152  0.71258077 1.01  1108
eps.phi[4, 7]    0.008175303 0.23797891 -0.506792176  0.0049630839  0.52604104 1.01  2863
eps.phi[1, 8]   -0.027880866 0.22713354 -0.559650440 -0.0091496351  0.42703661 1.01  3543
eps.phi[2, 8]    0.068816801 0.20174063 -0.293638375  0.0377686203  0.57748826 1.01  1750
eps.phi[3, 8]    0.054626773 0.22305858 -0.348868145  0.0229734032  0.60421367 1.01  2381
eps.phi[4, 8]   -0.026815870 0.22671887 -0.554707246 -0.0107094512  0.42183856 1.01  3856
eps.phi[1, 9]    0.013262540 0.22530875 -0.457162317  0.0033877633  0.52245306 1.01  3516
eps.phi[2, 9]   -0.164001930 0.25891370 -0.831514511 -0.0898536171  0.17449022 1.02   345
eps.phi[3, 9]    0.059388068 0.21121824 -0.306001709  0.0263411160  0.58311652 1.01  2380
eps.phi[4, 9]    0.026841800 0.22491465 -0.419891607  0.0091911690  0.54115466 1.01  3288
eps.phi[1, 10]  -0.023044120 0.19588538 -0.479823327 -0.0095038458  0.36474433 1.01  3422
eps.phi[2, 10]   0.062644762 0.22616071 -0.334420453  0.0280047603  0.62497611 1.01  2439
eps.phi[3, 10]   0.110287106 0.24304239 -0.254006230  0.0516479399  0.73762891 1.01   709
eps.phi[4, 10]   0.071701587 0.23318032 -0.338511724  0.0319905114  0.65560877 1.01  2012
eps.phi[1, 11]   0.022074636 0.18599898 -0.363683401  0.0098594366  0.44094457 1.01  3152
eps.phi[2, 11]  -0.003654935 0.22004431 -0.483507469 -0.0017473692  0.46857185 1.01  4063
eps.phi[3, 11]   0.006177176 0.20664538 -0.443450467  0.0018703221  0.46292568 1.00  3723
eps.phi[4, 11]   0.005965331 0.21318350 -0.462130135  0.0020088952  0.47010557 1.00  3851
eps.phi[1, 12]   0.043147175 0.19950488 -0.345005467  0.0205505118  0.51433694 1.00  3221
eps.phi[2, 12]   0.031153356 0.20660830 -0.373094387  0.0135640524  0.50345315 1.01  3897
eps.phi[3, 12]  -0.021872923 0.21520621 -0.506287429 -0.0113223242  0.42507932 1.01  3345
eps.phi[4, 12]   0.043422018 0.21083529 -0.365807883  0.0179622607  0.55228161 1.00  2840
eps.phi[1, 13]  -0.062615122 0.19410878 -0.530468455 -0.0336055960  0.29457646 1.01  1959
eps.phi[2, 13]  -0.039871061 0.20345319 -0.516843144 -0.0177416186  0.35529384 1.01  2909
eps.phi[3, 13]   0.014257195 0.21463076 -0.441103622  0.0064512134  0.50164118 1.01  3879
eps.phi[4, 13]   0.133947765 0.25466881 -0.217285737  0.0637437703  0.81945591 1.01   465
eps.phi[1, 14]   0.008956040 0.19283305 -0.387242311  0.0037716970  0.43737894 1.00  3824
eps.phi[2, 14]  -0.020134139 0.19976107 -0.492327669 -0.0092445927  0.38004069 1.01  3883
eps.phi[3, 14]   0.012318846 0.21079861 -0.425468445  0.0064136031  0.47513432 1.01  3987
eps.phi[4, 14]  -0.019431215 0.21380512 -0.497961630 -0.0103195014  0.43124227 1.01  3685
eps.phi[1, 15]   0.067772241 0.21625281 -0.317800989  0.0312832886  0.60597759 1.01  1876
eps.phi[2, 15]  -0.030424437 0.19692278 -0.492766028 -0.0151832477  0.36088007 1.00  3597
eps.phi[3, 15]   0.013074611 0.22773960 -0.460587235  0.0044347098  0.52656310 1.01  3918
eps.phi[4, 15]  -0.036205509 0.21619785 -0.549497979 -0.0139273638  0.38479956 1.01  2817
eps.phi[1, 16]  -0.085003662 0.19911544 -0.572282009 -0.0446739411  0.25616174 1.01  1814
eps.phi[2, 16]   0.046889804 0.20308222 -0.323795349  0.0207449964  0.54091836 1.01  2918
eps.phi[3, 16]  -0.068837256 0.22347072 -0.613944123 -0.0296923446  0.33286649 1.01  1889
eps.phi[4, 16]   0.012400732 0.21834461 -0.460413049  0.0070797646  0.50808054 1.01  3010
eps.phi[1, 17]  -0.016114465 0.20825463 -0.472987447 -0.0102224791  0.42658393 1.00  3081
eps.phi[2, 17]  -0.024178281 0.21350381 -0.515820950 -0.0118812905  0.42216785 1.01  2788
eps.phi[3, 17]  -0.020424038 0.21467547 -0.511661229 -0.0089665773  0.42789993 1.00  4271
eps.phi[4, 17]   0.002890754 0.23193130 -0.485831494  0.0008403308  0.51834422 1.00  3217
mean.R[1, 1]     0.228263539 0.14836662  0.035655220  0.1934187646  0.60763905 1.00  4896
mean.R[2, 1]     0.172331760 0.12747866  0.023240991  0.1389885455  0.51843112 1.00  5536
mean.R[3, 1]     0.407722517 0.22384037  0.070006359  0.3725436089  0.88638015 1.00  6195
mean.R[4, 1]     0.182267473 0.17750307  0.011957009  0.1224875670  0.70983270 1.00  6450
mean.R[1, 2]     0.127785193 0.07708973  0.015845799  0.1181499130  0.30445262 1.00  2278
mean.R[2, 2]     0.080766332 0.05810782  0.008486967  0.0687015693  0.22699874 1.00  4227
mean.R[3, 2]     0.179342752 0.10672611  0.022841357  0.1640437530  0.43038278 1.00  4126
mean.R[4, 2]     0.062314717 0.04852104  0.005423442  0.0503334787  0.18590546 1.00  3937
mean.R[1, 3]     0.125398135 0.06642134  0.024109168  0.1175921679  0.27595682 1.01  1847
mean.R[2, 3]     0.078768002 0.05144409  0.012247021  0.0679217407  0.20629203 1.00  3970
mean.R[3, 3]     0.175209368 0.09624976  0.032988365  0.1609880224  0.39975989 1.00  4209
mean.R[4, 3]     0.060739866 0.04444364  0.007036525  0.0501365205  0.17369071 1.00  4261
mean.R[1, 4]     0.191263783 0.08038591  0.069945409  0.1788561415  0.38529005 1.00  5930
mean.R[2, 4]     0.119646286 0.07901678  0.024735249  0.1000396690  0.32476159 1.01  3099
mean.R[3, 4]     0.211773835 0.11479478  0.053117971  0.1894278216  0.49116965 1.00  4293
mean.R[4, 4]     0.079919254 0.05930072  0.011850397  0.0647196404  0.23581040 1.00  5484
mean.R[1, 5]     0.395834944 0.21918240  0.062673817  0.3702888667  0.85023028 1.01  2110
mean.R[2, 5]     0.346523692 0.13652712  0.121289578  0.3340446571  0.64369124 1.00  2367
mean.R[3, 5]     0.732450830 0.18634048  0.285578045  0.7751361551  0.97224023 1.01  4786
mean.R[4, 5]     0.445088674 0.25731170  0.041106736  0.4264142701  0.92340717 1.00  5428
mean.R[1, 6]     0.301398169 0.16856131  0.055984551  0.2747949093  0.68551609 1.00  3732
mean.R[2, 6]     0.246453732 0.10670355  0.080757973  0.2314629145  0.49402162 1.00  7384
mean.R[3, 6]     0.628868759 0.18323077  0.241385728  0.6473106404  0.92219079 1.00  6647
mean.R[4, 6]     0.333278814 0.22048409  0.029358092  0.2926168264  0.82074250 1.00  5627
mean.R[1, 7]     0.183268801 0.15322508  0.009127268  0.1405060139  0.57926642 1.00  3101
mean.R[2, 7]     0.143176978 0.09670098  0.010882394  0.1258753929  0.36757953 1.01  1009
mean.R[3, 7]     0.473891351 0.24287600  0.046986273  0.4763776660  0.89971480 1.00  2039
mean.R[4, 7]     0.229274921 0.20898130  0.006163500  0.1628238174  0.75800341 1.00  3525
mean.R[1, 8]     0.168800823 0.09411630  0.031910182  0.1539024730  0.40287306 1.00  4969
mean.R[2, 8]     0.111325123 0.06790612  0.019665794  0.0988268218  0.28275728 1.00  5879
mean.R[3, 8]     0.265178701 0.12973759  0.060088177  0.2496144268  0.56166035 1.00  6411
mean.R[4, 8]     0.099011343 0.07396964  0.011791816  0.0813027812  0.29109903 1.00  5497
mean.R[1, 9]     0.143328946 0.08025804  0.026421364  0.1315574998  0.33228801 1.00  3938
mean.R[2, 9]     0.089048294 0.05314251  0.016185960  0.0798149148  0.21839003 1.00  5063
mean.R[3, 9]     0.205393130 0.10536828  0.041760372  0.1920191500  0.44735528 1.00  5539
mean.R[4, 9]     0.074428667 0.05683693  0.008363386  0.0607557301  0.22164820 1.00  5102
mean.R[1, 10]    0.159726939 0.08759298  0.029605423  0.1475073578  0.36932243 1.00  4430
mean.R[2, 10]    0.110259966 0.06892310  0.016970752  0.0983005845  0.28102613 1.00  5061
mean.R[3, 10]    0.279512741 0.13296784  0.060265607  0.2675776687  0.56983331 1.00  5743
mean.R[4, 10]    0.105920444 0.08181901  0.011329035  0.0853396375  0.32101561 1.00  5360
mean.R[1, 11]    0.219054286 0.09900883  0.073550681  0.2027564243  0.45113619 1.00  3244
mean.R[2, 11]    0.135173077 0.10343566  0.020622207  0.1064301440  0.41458191 1.02  2030
mean.R[3, 11]    0.199334091 0.12350948  0.036950424  0.1728096970  0.50362556 1.00  2996
mean.R[4, 11]    0.081738770 0.07127437  0.008256342  0.0604191528  0.27872224 1.00  4260
mean.R[1, 12]    0.140770784 0.08042350  0.026847441  0.1269809576  0.33603123 1.00  6636
mean.R[2, 12]    0.080695637 0.06458236  0.010335110  0.0638103434  0.25246297 1.00  4224
mean.R[3, 12]    0.128272758 0.08849610  0.019134788  0.1077274212  0.35191374 1.00  6738
mean.R[4, 12]    0.048207099 0.04320447  0.004292595  0.0354827375  0.16614402 1.00  7815
mean.R[1, 13]    0.247483032 0.10511277  0.092862764  0.2288187891  0.49151127 1.00  2052
mean.R[2, 13]    0.155071413 0.10270380  0.029437323  0.1297438703  0.41995629 1.01  1632
mean.R[3, 13]    0.248395183 0.14147724  0.054069324  0.2193089722  0.58419558 1.00  1698
mean.R[4, 13]    0.102402787 0.08243390  0.012400341  0.0787012566  0.32461246 1.00  3139
mean.R[1, 14]    0.124088829 0.06621098  0.024314767  0.1156854016  0.27790306 1.00  3621
mean.R[2, 14]    0.071638490 0.04992379  0.010392898  0.0600802433  0.19926077 1.00  4766
mean.R[3, 14]    0.130916292 0.08550225  0.020094171  0.1130879954  0.34474000 1.00  5976
mean.R[4, 14]    0.046952708 0.03909929  0.004610438  0.0362885286  0.15014030 1.00  6310
mean.R[1, 15]    0.115792621 0.07254161  0.012661269  0.1052631141  0.28339255 1.01  2113
mean.R[2, 15]    0.067426430 0.04945436  0.006857116  0.0562018825  0.19032006 1.00  4265
mean.R[3, 15]    0.136299197 0.09079351  0.014726778  0.1181582482  0.35643027 1.00  3543
mean.R[4, 15]    0.047718330 0.04041338  0.003424371  0.0370623755  0.15383600 1.00  4389
mean.R[1, 16]    0.140270502 0.06456571  0.038491083  0.1329253996  0.28702672 1.00  4717
mean.R[2, 16]    0.086193850 0.05356375  0.017897821  0.0748019552  0.21875090 1.00  4683
mean.R[3, 16]    0.173163275 0.08800861  0.043648433  0.1597560242  0.38137956 1.00  6671
mean.R[4, 16]    0.062373800 0.04573145  0.008893221  0.0512800902  0.18057485 1.00  5698
mean.R[1, 17]    0.095171315 0.06485812  0.009152354  0.0825533931  0.24830560 1.02  1457
mean.R[2, 17]    0.057715395 0.04728347  0.004596946  0.0449987424  0.17742343 1.01  2941
mean.R[3, 17]    0.119314744 0.10162479  0.007263186  0.0920011874  0.37928512 1.01  2895
mean.R[4, 17]    0.045933350 0.05313421  0.001671722  0.0297385751  0.18751680 1.01  4356
mean.p[1]        0.931898663 0.01570984  0.897323440  0.9333797855  0.95885999 1.01  1298
mean.p[2]        0.941768540 0.03750366  0.847740240  0.9498432907  0.98891114 1.00  6056
mean.p[3]        0.943956012 0.03531315  0.855590552  0.9515037977  0.98928458 1.00  5786
mean.p[4]        0.963301131 0.02115482  0.912690479  0.9671245987  0.99219671 1.00  4287
mean.p[5]        0.958388777 0.02107673  0.906935445  0.9619117125  0.98871879 1.00  5386
mean.p[6]        0.966891801 0.01867016  0.921952456  0.9703148810  0.99313175 1.00  3356
mean.p[7]        0.965880559 0.01918920  0.919400766  0.9694549925  0.99273234 1.00  3960
mean.p[8]        0.953305349 0.02382594  0.895382590  0.9572596690  0.98739245 1.00  6144
mean.p[9]        0.962598022 0.02205750  0.908214280  0.9668040909  0.99250620 1.00  3893
mean.p[10]       0.945280184 0.02953181  0.872191793  0.9507631346  0.98637697 1.00  5697
mean.p[11]       0.945756577 0.02483114  0.887783638  0.9494731644  0.98277473 1.00  6449
mean.p[12]       0.918585473 0.03281005  0.842853023  0.9231536255  0.96852489 1.00  6955
mean.p[13]       0.868515728 0.04404002  0.769899105  0.8730481688  0.94022688 1.00  6445
mean.p[14]       0.719117562 0.06285440  0.590127891  0.7214479089  0.83423314 1.00  3655
mean.p[15]       0.905207500 0.03642875  0.821840357  0.9105351749  0.96145145 1.00  6755
mean.p[16]       0.927886715 0.03118681  0.855750877  0.9325630610  0.97498965 1.00  6814
mean.p[17]       0.937793722 0.02671324  0.875706541  0.9419068151  0.97771103 1.00  6786
mean.p[18]       0.856618775 0.07052717  0.699141979  0.8648860363  0.96600841 1.02  1765
mean.phi[1, 1]   0.811319376 0.06794614  0.663907266  0.8153578240  0.92850134 1.00  4922
mean.phi[2, 1]   0.818316611 0.04795476  0.709015189  0.8226748097  0.90198218 1.00  3362
mean.phi[3, 1]   0.733920832 0.08204242  0.537967634  0.7439605428  0.86752291 1.00  4116
mean.phi[4, 1]   0.635360999 0.10276992  0.449111905  0.6266464307  0.85582683 1.00  4062
mean.phi[1, 2]   0.782677551 0.04109600  0.696018298  0.7835230177  0.86401717 1.00  3295
mean.phi[2, 2]   0.829379459 0.03863736  0.744940931  0.8314325370  0.90073598 1.00  3973
mean.phi[3, 2]   0.736986809 0.06376081  0.583258975  0.7447070487  0.83731238 1.00  2140
mean.phi[4, 2]   0.552582211 0.07855694  0.368216315  0.5609242203  0.68407700 1.00  1558
mean.phi[1, 3]   0.782634034 0.03652598  0.707112741  0.7828603791  0.85587468 1.00  4441
mean.phi[2, 3]   0.829521525 0.03615152  0.750764719  0.8311565306  0.89713854 1.00  4132
mean.phi[3, 3]   0.743672282 0.05614634  0.615544041  0.7479181160  0.84040422 1.00  4019
mean.phi[4, 3]   0.562611744 0.07115098  0.402999540  0.5677602771  0.69016298 1.01  3896
mean.phi[1, 4]   0.743385572 0.03895221  0.660681041  0.7449263035  0.81642972 1.00  5866
mean.phi[2, 4]   0.847036651 0.03591209  0.776251915  0.8467207074  0.91956707 1.01  1556
mean.phi[3, 4]   0.742860476 0.05909556  0.613808389  0.7466923530  0.84883660 1.00  5265
mean.phi[4, 4]   0.541404976 0.08077717  0.359784530  0.5483413538  0.68247256 1.00  1941
mean.phi[1, 5]   0.882228669 0.04690235  0.775478306  0.8884850189  0.95550722 1.00  3479
mean.phi[2, 5]   0.796203735 0.04421098  0.702027058  0.7988431372  0.87460399 1.00  7006
mean.phi[3, 5]   0.752187042 0.10596356  0.509249440  0.7663701034  0.91654982 1.00  4442
mean.phi[4, 5]   0.622829700 0.15639171  0.287253083  0.6381508061  0.87971319 1.00  3491
mean.phi[1, 6]   0.864047295 0.04915888  0.751158161  0.8701870083  0.94146269 1.00  3661
mean.phi[2, 6]   0.804709232 0.03981618  0.720353309  0.8064439576  0.87805004 1.00  6687
mean.phi[3, 6]   0.732484540 0.10710094  0.487015685  0.7473126187  0.90033935 1.00  1794
mean.phi[4, 6]   0.618753332 0.14396846  0.311604094  0.6309747320  0.86108393 1.00  3404
mean.phi[1, 7]   0.882309199 0.04643278  0.776648863  0.8882995826  0.95554728 1.00  3502
mean.phi[2, 7]   0.791989373 0.04530113  0.694348665  0.7952507474  0.87057990 1.00  6453
mean.phi[3, 7]   0.766581856 0.09620105  0.550336228  0.7773949115  0.92137226 1.00  5164
mean.phi[4, 7]   0.625578709 0.15523965  0.291812428  0.6394130138  0.88365635 1.00  3304
mean.phi[1, 8]   0.792632113 0.04666512  0.682026877  0.7968796258  0.87219756 1.01  3493
mean.phi[2, 8]   0.834147367 0.03168687  0.770876066  0.8336677584  0.89943599 1.00  2640
mean.phi[3, 8]   0.758423544 0.05264887  0.647428412  0.7601287745  0.85795437 1.00  4982
mean.phi[4, 8]   0.581594536 0.07854853  0.413940166  0.5856394014  0.72636733 1.01  3857
mean.phi[1, 9]   0.785153927 0.04465414  0.686212760  0.7868429201  0.87080611 1.01  3377
mean.phi[2, 9]   0.802356535 0.04735301  0.681171236  0.8117490141  0.86859833 1.01   571
mean.phi[3, 9]   0.757961667 0.04723557  0.660352159  0.7591989853  0.84817823 1.00  5363
mean.phi[4, 9]   0.587772030 0.07140854  0.449046132  0.5869351951  0.73269658 1.00  4236
mean.phi[1, 10]  0.807210818 0.03968560  0.718609849  0.8105225622  0.87669510 1.01  4189
mean.phi[2, 10]  0.829572337 0.03605155  0.758106371  0.8294214545  0.90344646 1.00  3354
mean.phi[3, 10]  0.769991855 0.05199911  0.665065128  0.7711606843  0.87030843 1.00  2788
mean.phi[4, 10]  0.609950044 0.08298768  0.447887633  0.6108429251  0.77568841 1.00  3070
mean.phi[1, 11]  0.715681499 0.04651408  0.619336140  0.7169981206  0.80371373 1.00  6377
mean.phi[2, 11]  0.839260528 0.04362326  0.743947237  0.8430442187  0.91369028 1.00  3271
mean.phi[3, 11]  0.736153648 0.06614327  0.594880083  0.7406960021  0.85278998 1.00  6922
mean.phi[4, 11]  0.553001605 0.08824843  0.376575758  0.5548850539  0.71978048 1.00  5824
mean.phi[1, 12]  0.723897898 0.04968431  0.622145040  0.7247940388  0.82046719 1.00  4949
mean.phi[2, 12]  0.843643494 0.03897014  0.759012252  0.8455419610  0.91337853 1.00  4120
mean.phi[3, 12]  0.731112059 0.06871160  0.583909228  0.7358175745  0.85236277 1.00  5893
mean.phi[4, 12]  0.563839316 0.08261897  0.398954223  0.5646047438  0.72226566 1.00  5891
mean.phi[1, 13]  0.715812818 0.04664642  0.609576312  0.7196681146  0.79669626 1.01  3693
mean.phi[2, 13]  0.832730433 0.03753693  0.749860881  0.8357013527  0.89743404 1.00  4474
mean.phi[3, 13]  0.740007034 0.06431069  0.600178586  0.7445275785  0.85350200 1.00  5630
mean.phi[4, 13]  0.589650211 0.08105748  0.433361803  0.5879687277  0.75930519 1.01  1418
mean.phi[1, 14]  0.737646359 0.04343008  0.647001038  0.7393263238  0.82128379 1.00  5878
mean.phi[2, 14]  0.834096017 0.03661097  0.753386648  0.8364104059  0.89854732 1.00  4356
mean.phi[3, 14]  0.741120735 0.06127538  0.608160976  0.7450818639  0.85052889 1.00  5735
mean.phi[4, 14]  0.556832231 0.07549777  0.400927761  0.5592828968  0.69916074 1.00  5747
mean.phi[1, 15]  0.765895973 0.04276170  0.681480352  0.7645682693  0.85705243 1.00  2736
mean.phi[2, 15]  0.829587145 0.03499020  0.750213053  0.8321170144  0.88986784 1.00  4749
mean.phi[3, 15]  0.743936395 0.05991572  0.614360257  0.7475545734  0.85070781 1.01  5016
mean.phi[4, 15]  0.560357231 0.07122075  0.407156012  0.5632892102  0.69125951 1.01  4289
mean.phi[1, 16]  0.744962492 0.04281654  0.644419046  0.7501472603  0.81556617 1.01  2828
mean.phi[2, 16]  0.838720258 0.03360597  0.769197122  0.8392586258  0.90494998 1.00  3463
mean.phi[3, 16]  0.729759922 0.05978003  0.589050088  0.7363990119  0.82757902 1.01  2364
mean.phi[4, 16]  0.574516940 0.07010065  0.430798347  0.5755672073  0.71085103 1.01  5222
mean.phi[1, 17]  0.742509514 0.07199642  0.582599227  0.7481064324  0.87384545 1.00  3520
mean.phi[2, 17]  0.828588914 0.04183304  0.733684964  0.8313402841  0.90436970 1.00  3456
mean.phi[3, 17]  0.731033557 0.07202933  0.562622230  0.7385633021  0.85410097 1.00  4769
mean.phi[4, 17]  0.568126024 0.09625069  0.360936701  0.5719129342  0.74978386 1.00  5604
mu.R[1]          0.167748399 0.05145008  0.081893463  0.1626935895  0.28283001 1.00  2490
mu.R[2]          0.108233247 0.04231369  0.041882045  0.1029752873  0.20674325 1.00  3014
mu.R[3]          0.252988119 0.07913898  0.117004402  0.2460108179  0.42381947 1.00  4880
mu.R[4]          0.090185796 0.04787874  0.021627110  0.0813638916  0.20595239 1.00  4743
mu.p             0.931898663 0.01570984  0.897323440  0.9333797855  0.95885999 1.01  1298
mu.phi[1]        0.790478002 0.02557015  0.739163171  0.7911558222  0.83810379 1.00  3263
mu.phi[2]        0.828062903 0.02233611  0.781910782  0.8288499453  0.86930179 1.00  3179
mu.phi[3]        0.749121032 0.03808154  0.669723748  0.7504402317  0.81824114 1.00  5076
mu.phi[4]        0.584742618 0.05295633  0.482251834  0.5851407082  0.68772619 1.00  4753
sigma.R          0.749406620 0.42174097  0.072654979  0.7176047470  1.69417627 1.02   288
sigma.p          0.750776983 0.17931379  0.436015082  0.7373997709  1.13074827 1.00  1152
sigma.phi        0.191634998 0.12974948  0.027012039  0.1656262269  0.50421304 1.03    55
vegr[1]         -0.483600269 0.94161504 -2.294718389 -0.5010918682  1.40608473 1.00  4587
vegr[2]          0.159000000 0.00000000  0.159000000  0.1590000000  0.15900000  NaN     0
vegr[3]          0.195000000 0.00000000  0.195000000  0.1950000000  0.19500000  NaN     0
vegr[4]          0.662000000 0.00000000  0.662000000  0.6620000000  0.66200000  NaN     0
vegr[5]         -1.872000000 0.00000000 -1.872000000 -1.8720000000 -1.87200000  NaN     0
vegr[6]         -1.612000000 0.00000000 -1.612000000 -1.6120000000 -1.61200000  NaN     0
vegr[7]         -1.795000000 0.00000000 -1.795000000 -1.7950000000 -1.79500000  NaN     0
vegr[8]         -0.145000000 0.00000000 -0.145000000 -0.1450000000 -0.14500000  NaN     0
vegr[9]          0.081000000 0.00000000  0.081000000  0.0810000000  0.08100000  NaN     0
vegr[10]        -0.360000000 0.00000000 -0.360000000 -0.3600000000 -0.36000000  NaN     0
vegr[11]         1.085000000 0.00000000  1.085000000  1.0850000000  1.08500000  NaN     0
vegr[12]         1.027000000 0.00000000  1.027000000  1.0270000000  1.02700000  NaN     0
vegr[13]         0.867000000 0.00000000  0.867000000  0.8670000000  0.86700000  NaN     0
vegr[14]         0.765000000 0.00000000  0.765000000  0.7650000000  0.76500000  NaN     0
vegr[15]         0.516000000 0.00000000  0.516000000  0.5160000000  0.51600000  NaN     0
vegr[16]         0.427000000 0.00000000  0.427000000  0.4270000000  0.42700000  NaN     0
vegr[17]         0.574329787 0.82965427 -1.118566353  0.5905008843  2.15261934 1.00  3106
