Information and diagnostics 
=========================== 
Total iter:                       10000 
Thin:                             1 
Num chains:                       3 
Max Rhat:                         1.08 
Min n.eff:                        0 


Model summary 
============= 
                       mean          sd          2.5%         50%       97.5% Rhat n.eff
betaVR.R[1]      0.39528230 0.967174380 -1.487692e+00  0.38314610  2.24056576 1.00  6106
betaVR.R[2]      0.21500517 0.771886293 -1.335321e+00  0.22149227  1.67384338 1.00  3849
betaVR.R[3]      0.37770414 0.787212061 -1.187563e+00  0.39515979  1.87877510 1.00  4132
betaVR.R[4]      0.23809441 0.594118308 -8.923528e-01  0.21462143  1.43858568 1.00  1470
betaVR.R[5]     -0.67566309 0.637756284 -1.910338e+00 -0.67445718  0.58005199 1.00  1621
betaVR.R[6]     -0.43686732 0.695465544 -1.800489e+00 -0.43790966  0.93137381 1.00  1355
betaVR.phi[1]   -0.26965151 0.784506996 -1.798828e+00 -0.28115783  1.30371529 1.00  1140
betaVR.phi[2]   -0.35221956 0.773762137 -1.868494e+00 -0.36138858  1.20668346 1.00   575
betaVR.phi[3]   -0.13845059 0.747341918 -1.647447e+00 -0.12919586  1.33591096 1.00   734
betaVR.phi[4]    0.35298593 0.797113916 -1.318367e+00  0.36001180  1.97267287 1.08   164
betaVR.phi[5]    0.70746581 0.756224342 -7.769809e-01  0.71584960  2.18766286 1.00   525
betaVR.phi[6]    0.50613752 0.769105551 -1.040096e+00  0.51485818  1.95473150 1.02   793
betaX.R         -1.04857107 0.341156205 -1.745877e+00 -1.04120736 -0.40630091 1.00  1362
betaX.phi        0.21542858 0.119220265 -1.954459e-02  0.21484940  0.44429743 1.00  3917
mean.R[1, 1]     0.65267420 0.297746635  3.966292e-02  0.73584922  0.99663128 1.00  4552
mean.R[2, 1]     0.64121718 0.291318806  5.062933e-02  0.71050083  0.99479760 1.00  4257
mean.R[3, 1]     0.58184443 0.305907107  3.115305e-02  0.61969283  0.99419550 1.00  3283
mean.R[4, 1]     0.49254787 0.300634376  2.683073e-02  0.47216238  0.98561048 1.00  4407
mean.R[5, 1]     0.55803470 0.287079457  5.076241e-02  0.57301020  0.98866960 1.00  5433
mean.R[6, 1]     0.28542962 0.276056302  5.613172e-03  0.18155154  0.94666749 1.00  2981
mean.R[1, 2]     0.52309074 0.180849617  1.881051e-01  0.52281577  0.85801270 1.00  5211
mean.R[2, 2]     0.47752779 0.207551087  1.085936e-01  0.47615692  0.86353140 1.00  4658
mean.R[3, 2]     0.41341613 0.210813942  7.258337e-02  0.39523179  0.83411413 1.00  4318
mean.R[4, 2]     0.29124395 0.184886318  4.087701e-02  0.25212129  0.72158548 1.00  3201
mean.R[5, 2]     0.26555674 0.166807643  3.636562e-02  0.23380337  0.65582974 1.00  3240
mean.R[6, 2]     0.07976102 0.073636242  6.291044e-03  0.05720835  0.28590379 1.00  1832
mean.R[1, 3]     0.54105253 0.224588401  1.138635e-01  0.54801501  0.91784742 1.00  6235
mean.R[2, 3]     0.49545962 0.228716243  9.188868e-02  0.49519072  0.90059221 1.00  6181
mean.R[3, 3]     0.43533797 0.234183371  5.728768e-02  0.41766415  0.88191836 1.00  5625
mean.R[4, 3]     0.31631658 0.211576243  3.052216e-02  0.27664894  0.79221170 1.00  4237
mean.R[5, 3]     0.28472405 0.192912899  2.703876e-02  0.24796074  0.73273535 1.00  4547
mean.R[6, 3]     0.09057434 0.088938095  4.973617e-03  0.06149883  0.33758509 1.00  3408
mean.R[1, 4]     0.55874666 0.227621538  1.205618e-01  0.57330522  0.93085754 1.00  4656
mean.R[2, 4]     0.49732335 0.195919275  1.352346e-01  0.49868602  0.86120113 1.00  5891
mean.R[3, 4]     0.44820156 0.210202660  9.205420e-02  0.43713696  0.85782059 1.00  4929
mean.R[4, 4]     0.31467386 0.200834264  3.985057e-02  0.27645696  0.76805216 1.00  3094
mean.R[5, 4]     0.21398309 0.156063829  2.424628e-02  0.17415427  0.61252847 1.00  3125
mean.R[6, 4]     0.06655853 0.065021435  4.745631e-03  0.04564222  0.24522388 1.01  1778
mean.R[1, 5]     0.68677036 0.304503108  4.516765e-02  0.80326124  0.99745685 1.01  3427
mean.R[2, 5]     0.72052666 0.266248193  1.075600e-01  0.81421732  0.99667361 1.00  2770
mean.R[3, 5]     0.63579300 0.281763618  7.424744e-02  0.69306336  0.99115174 1.00  3399
mean.R[4, 5]     0.61115878 0.185166382  2.317121e-01  0.62404071  0.92246603 1.00  8424
mean.R[5, 5]     0.84500581 0.158518888  4.014002e-01  0.90023593  0.99440015 1.00  2795
mean.R[6, 5]     0.51954883 0.277502280  5.075943e-02  0.51966439  0.97102390 1.00  1663
mean.R[1, 6]     0.63020449 0.301128416  4.707989e-02  0.70725623  0.99208526 1.00  3319
mean.R[2, 6]     0.65550278 0.261533970  1.105884e-01  0.70904872  0.98833747 1.00  2902
mean.R[3, 6]     0.55835740 0.286140986  5.166203e-02  0.57995148  0.97956390 1.00  3610
mean.R[4, 6]     0.49375069 0.191673826  1.382257e-01  0.49235443  0.84934456 1.00  7001
mean.R[5, 6]     0.76177379 0.174263957  3.325210e-01  0.80387582  0.97782677 1.00  3474
mean.R[6, 6]     0.39291167 0.255708425  2.986867e-02  0.35609595  0.90286850 1.00  1520
mean.R[1, 7]     0.39114932 0.346147609  1.524076e-03  0.29178792  0.98987307 1.00  6463
mean.R[2, 7]     0.40017687 0.335654847  2.245361e-03  0.31669800  0.98750600 1.00  5400
mean.R[3, 7]     0.32217247 0.317924251  1.351951e-03  0.19728525  0.97567567 1.00  5216
mean.R[4, 7]     0.27068796 0.278743364  1.052033e-03  0.16373306  0.93227898 1.00  3913
mean.R[5, 7]     0.48521812 0.331357286  5.307450e-03  0.47576106  0.98989181 1.00  3730
mean.R[6, 7]     0.23286114 0.278032615  5.151667e-04  0.10404505  0.94268466 1.00  2513
mean.R[1, 8]     0.77290091 0.185036347  3.097771e-01  0.82329411  0.98710493 1.00  3032
mean.R[2, 8]     0.74610807 0.201827477  2.542117e-01  0.79855309  0.98507681 1.00  3064
mean.R[3, 8]     0.68509603 0.227410334  1.784303e-01  0.73240247  0.98088846 1.00  2588
mean.R[4, 8]     0.58433377 0.234224291  1.322221e-01  0.60262946  0.95459417 1.00  3701
mean.R[5, 8]     0.60913511 0.235241533  1.349882e-01  0.63783982  0.96262910 1.00  3636
mean.R[6, 8]     0.29895134 0.214911591  2.482944e-02  0.24835368  0.80609480 1.00  2835
mean.R[1, 9]     0.55690979 0.191787826  1.867295e-01  0.56265402  0.89343774 1.00  5119
mean.R[2, 9]     0.51373085 0.206762649  1.304827e-01  0.51778260  0.88565108 1.00  5127
mean.R[3, 9]     0.44545539 0.213346977  8.727110e-02  0.43175041  0.85872255 1.00  4547
mean.R[4, 9]     0.31702642 0.174946387  5.788486e-02  0.28982316  0.71028169 1.00  4419
mean.R[5, 9]     0.30385149 0.168563924  5.586249e-02  0.27650076  0.68313845 1.00  4102
mean.R[6, 9]     0.10091219 0.098302247  7.175827e-03  0.06938534  0.37856303 1.00  1675
mean.R[1, 10]    0.45123097 0.253131463  4.602958e-02  0.43659948  0.91803785 1.00  5751
mean.R[2, 10]    0.42750726 0.240829309  4.350241e-02  0.40855935  0.88982259 1.00  5969
mean.R[3, 10]    0.35630497 0.239775852  2.670162e-02  0.31478196  0.87181791 1.00  5572
mean.R[4, 10]    0.25954411 0.200495539  1.592802e-02  0.20912414  0.74261515 1.00  5289
mean.R[5, 10]    0.30771746 0.205921600  2.671674e-02  0.26742854  0.77681059 1.00  6363
mean.R[6, 10]    0.10550214 0.125385140  3.127469e-03  0.06049263  0.47765638 1.00  2292
mean.R[1, 11]    0.90290350 0.128703091  5.058197e-01  0.95427376  0.99852094 1.01  3303
mean.R[2, 11]    0.88291207 0.134266113  4.960746e-01  0.93380292  0.99723161 1.01  2557
mean.R[3, 11]    0.86478729 0.150861960  4.417681e-01  0.92181705  0.99700024 1.01  1794
mean.R[4, 11]    0.77108428 0.217169413  2.195526e-01  0.84529261  0.99409607 1.01  1327
mean.R[5, 11]    0.64308555 0.228616137  1.588833e-01  0.67912470  0.96743008 1.01  2246
mean.R[6, 11]    0.38404665 0.252674112  3.435336e-02  0.33845056  0.91067972 1.00  1976
mean.R[1, 12]    0.66458578 0.270188636  7.893394e-02  0.73638701  0.99008704 1.00  5615
mean.R[2, 12]    0.62033647 0.244771822  1.067291e-01  0.65995855  0.96524590 1.00  6904
mean.R[3, 12]    0.57646288 0.282274813  5.594405e-02  0.60833404  0.98033680 1.00  5017
mean.R[4, 12]    0.44619184 0.287573100  2.714773e-02  0.41089126  0.96032358 1.00  2766
mean.R[5, 12]    0.30033700 0.249149516  1.032566e-02  0.22723976  0.87718972 1.00  3700
mean.R[6, 12]    0.13474767 0.171649933  2.442871e-03  0.06608121  0.66317220 1.00  2500
mean.R[1, 13]    0.89853568 0.136021106  4.867393e-01  0.95426504  0.99926087 1.01  2440
mean.R[2, 13]    0.88443098 0.130879005  5.173858e-01  0.93254027  0.99860482 1.01  2221
mean.R[3, 13]    0.85660566 0.161395176  4.067054e-01  0.91822195  0.99870143 1.01  1527
mean.R[4, 13]    0.77537781 0.211552369  2.453320e-01  0.84563256  0.99710834 1.02  1123
mean.R[5, 13]    0.66917256 0.246537611  1.535475e-01  0.71630973  0.99074700 1.01  2024
mean.R[6, 13]    0.42164480 0.285612590  3.218509e-02  0.36811756  0.97188824 1.00  1473
mean.R[1, 14]    0.58643076 0.265146162  7.377788e-02  0.61999628  0.96974287 1.00  5341
mean.R[2, 14]    0.53098042 0.260441754  5.631374e-02  0.54463799  0.94905712 1.00  5586
mean.R[3, 14]    0.49001309 0.267458001  4.324733e-02  0.48656402  0.94580567 1.00  4341
mean.R[4, 14]    0.35557117 0.238909231  2.896820e-02  0.31112215  0.87548696 1.00  4368
mean.R[5, 14]    0.25284527 0.212323062  1.059904e-02  0.19122206  0.78105936 1.00  3461
mean.R[6, 14]    0.08623299 0.096646202  2.744661e-03  0.05213590  0.35886493 1.00  3246
mean.R[1, 15]    0.52597051 0.258005032  6.810605e-02  0.53686040  0.95265720 1.00  7307
mean.R[2, 15]    0.47554092 0.263622308  4.261891e-02  0.46639050  0.94181786 1.00  6236
mean.R[3, 15]    0.42863607 0.264452839  3.209459e-02  0.40360798  0.93358005 1.00  6166
mean.R[4, 15]    0.30856777 0.231637173  1.789492e-02  0.25512124  0.84541048 1.00  5968
mean.R[5, 15]    0.24312201 0.213133719  9.759521e-03  0.17747925  0.78678368 1.00  4789
mean.R[6, 15]    0.09084247 0.124570946  1.741706e-03  0.04428353  0.46456639 1.00  3489
mean.R[1, 16]    0.81786928 0.187144241  3.131562e-01  0.88492752  0.99788303 1.00  2874
mean.R[2, 16]    0.79259859 0.192234471  3.028533e-01  0.85127290  0.99677713 1.00  3238
mean.R[3, 16]    0.74770513 0.225100299  2.076200e-01  0.81185730  0.99664746 1.00  2207
mean.R[4, 16]    0.64785541 0.262327862  1.216577e-01  0.69448172  0.99285410 1.00  2548
mean.R[5, 16]    0.58957500 0.261664329  1.085159e-01  0.60448815  0.98554076 1.00  3382
mean.R[6, 16]    0.33146073 0.273032768  1.893688e-02  0.24356049  0.94771095 1.00  1893
mean.R[1, 17]    0.51865997 0.339219396  6.841401e-03  0.53100589  0.99127480 1.05    85
mean.R[2, 17]    0.50083228 0.335084879  7.124698e-03  0.50161935  0.98750919 1.05    92
mean.R[3, 17]    0.44718410 0.335964757  4.297314e-03  0.40003589  0.98308358 1.06    89
mean.R[4, 17]    0.36324957 0.313894724  2.564271e-03  0.26966114  0.96003315 1.08    79
mean.R[5, 17]    0.40604844 0.320970066  4.285682e-03  0.33611801  0.97331544 1.06   105
mean.R[6, 17]    0.19029515 0.236526660  5.425951e-04  0.08439025  0.85969190 1.07    91
mean.p[1]        0.48963899 0.234694790  8.509512e-02  0.48122485  0.92513399 1.00  4196
mean.p[2]        0.78814605 0.083840760  6.039109e-01  0.79722619  0.92725124 1.00  4714
mean.p[3]        0.75955222 0.063844291  6.260564e-01  0.76351973  0.87316668 1.00  5945
mean.p[4]        0.67057675 0.049564420  5.705292e-01  0.67199030  0.76408204 1.00  6934
mean.p[5]        0.53213319 0.048284515  4.385609e-01  0.53234013  0.62681102 1.00  7299
mean.p[6]        0.48474451 0.044081644  3.989008e-01  0.48440827  0.57302950 1.00  6928
mean.p[7]        0.38190661 0.042732696  2.996752e-01  0.38149077  0.46669843 1.00  7308
mean.p[8]        0.26954941 0.034638330  2.032403e-01  0.26868620  0.33831820 1.00  7015
mean.p[9]        0.23851567 0.032940519  1.769435e-01  0.23768223  0.30568399 1.00  6768
mean.p[10]       0.25614037 0.030313767  1.983511e-01  0.25555051  0.31758402 1.00  6970
mean.p[11]       0.25943415 0.028463450  2.056483e-01  0.25884747  0.31759782 1.00  7403
mean.p[12]       0.22488105 0.027056320  1.736834e-01  0.22391485  0.28045008 1.00  7165
mean.p[13]       0.23408165 0.025756401  1.854526e-01  0.23342674  0.28652184 1.00  7702
mean.p[14]       0.16816213 0.022582132  1.270410e-01  0.16722282  0.21477586 1.00  6998
mean.p[15]       0.19137948 0.023509645  1.475572e-01  0.19066072  0.24061711 1.00  7137
mean.p[16]       0.22654826 0.023767584  1.813853e-01  0.22611040  0.27428776 1.00  7161
mean.p[17]       0.20145024 0.022034317  1.601773e-01  0.20126244  0.24581556 1.00  7356
mean.p[18]       0.53817098 0.125336582  3.358703e-01  0.52428033  0.81371142 1.02   266
mean.phi[1, 1]   0.96842783 0.050463520  8.238249e-01  0.98885366  0.99997518 1.00  8431
mean.phi[2, 1]   0.96384175 0.066536914  7.555721e-01  0.99120097  0.99998832 1.00  8016
mean.phi[3, 1]   0.87820385 0.202610285  2.403110e-01  0.97590796  0.99998133 1.00  7387
mean.phi[4, 1]   0.88634785 0.198078391  2.434551e-01  0.98142759  0.99998983 1.00  7294
mean.phi[5, 1]   0.23116019 0.268750155  1.874003e-04  0.11064003  0.90737857 1.00  7317
mean.phi[6, 1]   0.93945750 0.096209917  6.465356e-01  0.98045555  0.99996287 1.00  7660
mean.phi[1, 2]   0.78883476 0.071970749  6.294588e-01  0.79536413  0.90922872 1.00  6832
mean.phi[2, 2]   0.98011686 0.034565368  8.777702e-01  0.99406873  0.99998892 1.00  7615
mean.phi[3, 2]   0.96929905 0.055786443  8.049591e-01  0.99215791  0.99998840 1.00  7698
mean.phi[4, 2]   0.89397925 0.186149701  2.943765e-01  0.98335496  0.99998759 1.00  6577
mean.phi[5, 2]   0.21953073 0.257042676  2.251265e-04  0.10374875  0.88271732 1.00  6701
mean.phi[6, 2]   0.07994245 0.113206370  1.094794e-04  0.03178691  0.41404711 1.00  6750
mean.phi[1, 3]   0.95723612 0.036353245  8.614994e-01  0.96699577  0.99788550 1.00  7235
mean.phi[2, 3]   0.96392306 0.032132868  8.800690e-01  0.97292422  0.99826228 1.00  7518
mean.phi[3, 3]   0.98232873 0.031368247  8.917030e-01  0.99501316  0.99999142 1.00  8259
mean.phi[4, 3]   0.98697047 0.024484275  9.173801e-01  0.99672691  0.99999443 1.00  7888
mean.phi[5, 3]   0.68876943 0.220134757  1.973179e-01  0.73124821  0.98195109 1.00  6947
mean.phi[6, 3]   0.35115654 0.175005696  7.038431e-02  0.33534365  0.72502717 1.00  7227
mean.phi[1, 4]   0.97775655 0.034070532  8.786484e-01  0.99146605  0.99997336 1.00  7697
mean.phi[2, 4]   0.89284106 0.056832428  7.588665e-01  0.90210424  0.97525690 1.00  8075
mean.phi[3, 4]   0.93136391 0.044933912  8.225288e-01  0.94064448  0.99005222 1.00  8231
mean.phi[4, 4]   0.99276774 0.013319490  9.543283e-01  0.99808070  0.99999622 1.00  7103
mean.phi[5, 4]   0.79602972 0.159132679  4.152549e-01  0.83360910  0.99043067 1.00  7138
mean.phi[6, 4]   0.08283950 0.115548079  7.741798e-05  0.03443358  0.42197276 1.00  6766
mean.phi[1, 5]   0.98845650 0.018583338  9.340474e-01  0.99580531  0.99998892 1.00  9195
mean.phi[2, 5]   0.98478193 0.028363515  9.006770e-01  0.99600701  0.99999512 1.00  7596
mean.phi[3, 5]   0.96183837 0.034340956  8.700202e-01  0.97159168  0.99822553 1.00  9709
mean.phi[4, 5]   0.91824433 0.035021755  8.376720e-01  0.92277495  0.97267194 1.00  9149
mean.phi[5, 5]   0.68880865 0.207868634  2.291221e-01  0.72260142  0.97950946 1.00  7495
mean.phi[6, 5]   0.51363437 0.274285972  4.086506e-02  0.51890928  0.96481581 1.00  7684
mean.phi[1, 6]   0.97133798 0.047109672  8.312423e-01  0.99024631  0.99997162 1.01  9135
mean.phi[2, 6]   0.96259572 0.033828641  8.743276e-01  0.97226232  0.99842263 1.00  9302
mean.phi[3, 6]   0.98459240 0.027972209  9.010483e-01  0.99596202  0.99999301 1.00  8375
mean.phi[4, 6]   0.94021402 0.025914465  8.795661e-01  0.94382443  0.98004130 1.00  8549
mean.phi[5, 6]   0.08142579 0.122181683  5.862172e-05  0.02857026  0.45079116 1.00  7537
mean.phi[6, 6]   0.49199545 0.273917582  3.566877e-02  0.48786313  0.96268799 1.00  7485
mean.phi[1, 7]   0.98955422 0.016554133  9.403409e-01  0.99624620  0.99998638 1.00  8772
mean.phi[2, 7]   0.97811458 0.041223145  8.569616e-01  0.99478717  0.99999367 1.00  7278
mean.phi[3, 7]   0.99029054 0.017200090  9.399689e-01  0.99723890  0.99999504 1.00  7863
mean.phi[4, 7]   0.99607269 0.006654025  9.774870e-01  0.99866633  0.99999656 1.00  7312
mean.phi[5, 7]   0.97014606 0.045500368  8.372360e-01  0.98869829  0.99997091 1.00  7315
mean.phi[6, 7]   0.80122010 0.252615436  1.161142e-01  0.91904224  0.99988950 1.00  6496
mean.phi[1, 8]   0.64258783 0.229973145  1.596439e-01  0.67036052  0.97755417 1.00  6761
mean.phi[2, 8]   0.99171256 0.014128542  9.496136e-01  0.99735234  0.99999426 1.00  7824
mean.phi[3, 8]   0.97664163 0.040576079  8.546080e-01  0.99332666  0.99999102 1.00  8086
mean.phi[4, 8]   0.98871929 0.010269858  9.614609e-01  0.99174311  0.99939008 1.00  7006
mean.phi[5, 8]   0.98699505 0.020842813  9.264458e-01  0.99543613  0.99998564 1.00  7872
mean.phi[6, 8]   0.21494410 0.258331145  1.549624e-04  0.09363666  0.88024403 1.00  6692
mean.phi[1, 9]   0.92733460 0.038305722  8.354997e-01  0.93367032  0.98244394 1.00  7422
mean.phi[2, 9]   0.92094862 0.136619993  4.801812e-01  0.98169431  0.99998075 1.00  6910
mean.phi[3, 9]   0.99199892 0.013978344  9.511365e-01  0.99749264  0.99999365 1.00  7327
mean.phi[4, 9]   0.97471668 0.016801695  9.327958e-01  0.97827199  0.99651844 1.00  7300
mean.phi[5, 9]   0.96025892 0.026177892  8.953635e-01  0.96574963  0.99414914 1.00  7758
mean.phi[6, 9]   0.83703564 0.224544850  1.856688e-01  0.94273061  0.99993034 1.00  6920
mean.phi[1, 10]  0.98444484 0.024450071  9.148082e-01  0.99380160  0.99997669 1.00  7186
mean.phi[2, 10]  0.97324865 0.023120155  9.131576e-01  0.97970118  0.99863077 1.00  7963
mean.phi[3, 10]  0.92651704 0.131014788  5.129379e-01  0.98481523  0.99998408 1.00  7638
mean.phi[4, 10]  0.99657924 0.005756945  9.804491e-01  0.99887823  0.99999727 1.00  7977
mean.phi[5, 10]  0.96945603 0.019885910  9.205909e-01  0.97371150  0.99535321 1.00  7217
mean.phi[6, 10]  0.97149578 0.044743050  8.434365e-01  0.98950440  0.99996673 1.00  6909
mean.phi[1, 11]  0.87975806 0.095992618  6.369416e-01  0.90370923  0.99255682 1.00  8943
mean.phi[2, 11]  0.95298054 0.041261932  8.433154e-01  0.96482453  0.99756816 1.00  8010
mean.phi[3, 11]  0.97373361 0.023329185  9.125449e-01  0.98019322  0.99863998 1.00  8278
mean.phi[4, 11]  0.99649896 0.006062300  9.786699e-01  0.99892431  0.99999714 1.01  8642
mean.phi[5, 11]  0.96967069 0.019761599  9.208099e-01  0.97379687  0.99547188 1.00  8327
mean.phi[6, 11]  0.95307564 0.041411288  8.422806e-01  0.96494423  0.99760631 1.00  7997
mean.phi[1, 12]  0.98819986 0.017684098  9.370358e-01  0.99500472  0.99997964 1.00  8048
mean.phi[2, 12]  0.76711355 0.134406476  4.582397e-01  0.78750787  0.96432917 1.00  7252
mean.phi[3, 12]  0.98859964 0.019538612  9.316313e-01  0.99642534  0.99999282 1.01  7730
mean.phi[4, 12]  0.99686308 0.005597107  9.805721e-01  0.99906236  0.99999802 1.00  7650
mean.phi[5, 12]  0.99509765 0.007946408  9.721348e-01  0.99823349  0.99999537 1.00  7012
mean.phi[6, 12]  0.99328380 0.010591070  9.625020e-01  0.99744317  0.99998919 1.00  7286
mean.phi[1, 13]  0.97242671 0.041677754  8.477075e-01  0.98936741  0.99996387 1.00  7637
mean.phi[2, 13]  0.93451460 0.042263560  8.306460e-01  0.94347338  0.99002978 1.00  9027
mean.phi[3, 13]  0.85527025 0.120159023  5.508112e-01  0.88560795  0.99377010 1.00  7660
mean.phi[4, 13]  0.98915288 0.010035205  9.630881e-01  0.99203560  0.99951001 1.00  6909
mean.phi[5, 13]  0.97720707 0.019992727  9.251413e-01  0.98276703  0.99868073 1.00  7852
mean.phi[6, 13]  0.99511945 0.007505602  9.738463e-01  0.99799119  0.99999131 1.00  7606
mean.phi[1, 14]  0.97398578 0.040115605  8.558565e-01  0.98991643  0.99996092 1.00  7965
mean.phi[2, 14]  0.97978001 0.035736371  8.737351e-01  0.99417228  0.99998910 1.01  7768
mean.phi[3, 14]  0.99035414 0.016875887  9.405221e-01  0.99716977  0.99999186 1.00  8078
mean.phi[4, 14]  0.98501088 0.013469780  9.492758e-01  0.98894930  0.99930001 1.00  7550
mean.phi[5, 14]  0.99520126 0.007562967  9.732383e-01  0.99827011  0.99999329 1.00  7176
mean.phi[6, 14]  0.96494365 0.018934459  9.199938e-01  0.96815157  0.99179017 1.00  8194
mean.phi[1, 15]  0.96016758 0.033877962  8.721423e-01  0.96940471  0.99756350 1.00  7627
mean.phi[2, 15]  0.97821986 0.038612005  8.651445e-01  0.99375434  0.99998776 1.00  7757
mean.phi[3, 15]  0.98151131 0.031982276  8.878364e-01  0.99440534  0.99998592 1.00  8604
mean.phi[4, 15]  0.98896943 0.010145947  9.618720e-01  0.99202467  0.99948901 1.00  7405
mean.phi[5, 15]  0.99307487 0.011354855  9.600930e-01  0.99756187  0.99999212 1.00  7556
mean.phi[6, 15]  0.99651916 0.005266077  9.814391e-01  0.99850647  0.99999400 1.00  7109
mean.phi[1, 16]  0.97903179 0.032170157  8.856651e-01  0.99195584  0.99997645 1.00  6921
mean.phi[2, 16]  0.96178737 0.033628301  8.728014e-01  0.97076990  0.99804863 1.00  7581
mean.phi[3, 16]  0.97998768 0.035618981  8.721048e-01  0.99442922  0.99998972 1.00  7745
mean.phi[4, 16]  0.99618293 0.006577479  9.772353e-01  0.99882508  0.99999671 1.00  6546
mean.phi[5, 16]  0.98474970 0.013281464  9.495893e-01  0.98839590  0.99919722 1.00  7502
mean.phi[6, 16]  0.99672379 0.004611128  9.832859e-01  0.99854817  0.99999230 1.01  7468
mean.phi[1, 17]  0.95852467 0.063231677  7.702895e-01  0.98539163  0.99996517 1.00  3425
mean.phi[2, 17]  0.86244698 0.169448642  4.273644e-01  0.94256756  0.99997030 1.00   545
mean.phi[3, 17]  0.70679020 0.230260313  2.871154e-01  0.70670000  0.99986684 1.01   276
mean.phi[4, 17]  0.57447196 0.200047857  2.750975e-01  0.53869663  0.99896546 1.02   219
mean.phi[5, 17]  0.19135033 0.089604314  6.563221e-02  0.17507521  0.40662269 1.01   928
mean.phi[6, 17]  0.01711315 0.015439950  1.100936e-03  0.01276797  0.05885028 1.02  2596
mu.R[1]          0.45685538 0.127493286  2.183326e-01  0.45343191  0.70590547 1.00  4067
mu.R[2]          0.41294325 0.129176974  1.806391e-01  0.40768875  0.67590923 1.01  3896
mu.R[3]          0.33953342 0.130023862  1.174616e-01  0.33172595  0.61421149 1.00  4153
mu.R[4]          0.22290707 0.103529565  6.567189e-02  0.20933948  0.46088834 1.01  1519
mu.R[5]          0.22313728 0.099136488  6.503829e-02  0.21091328  0.44154041 1.01   989
mu.R[6]          0.05978071 0.045066577  8.941641e-03  0.04759531  0.17787309 1.05   422
mu.p             0.49160362 0.076141723  3.543563e-01  0.48723355  0.66027823 1.07    74
mu.phi[1]        0.58738782 0.091679455  4.040176e-01  0.58852660  0.75974914 1.01  1200
mu.phi[2]        0.86693048 0.057976669  7.335121e-01  0.87553813  0.95648463 1.01   977
mu.phi[3]        0.88041974 0.058856959  7.358334e-01  0.89086762  0.96458279 1.01   885
mu.phi[4]        0.93694617 0.039211995  8.395889e-01  0.94563364  0.98788696 1.01   263
mu.phi[5]        0.76825735 0.073092396  6.095274e-01  0.77525783  0.89357630 1.01   887
mu.phi[6]        0.63580008 0.077963253  4.777387e-01  0.63945968  0.77840335 1.00  2047
sigma.R          1.97795638 0.707842168  7.628405e-01  1.91230192  3.52892618 1.03   509
sigma.p          1.15957074 0.277894833  7.322528e-01  1.11690039  1.82223695 1.02   428
sigma.phi        3.92834153 0.610840154  2.818313e+00  3.89643587  5.22208851 1.01   493
vegr[1]         -0.32064247 0.992097195 -2.247283e+00 -0.33199724  1.65434780 1.00  2393
vegr[2]          0.15900000 0.000000000  1.590000e-01  0.15900000  0.15900000  NaN     0
vegr[3]          0.19500000 0.000000000  1.950000e-01  0.19500000  0.19500000  NaN     0
vegr[4]          0.66200000 0.000000000  6.620000e-01  0.66200000  0.66200000  NaN     0
vegr[5]         -1.87200000 0.000000000 -1.872000e+00 -1.87200000 -1.87200000  NaN     0
vegr[6]         -1.61200000 0.000000000 -1.612000e+00 -1.61200000 -1.61200000  NaN     0
vegr[7]         -1.79500000 0.000000000 -1.795000e+00 -1.79500000 -1.79500000  NaN     0
vegr[8]         -0.14500000 0.000000000 -1.450000e-01 -0.14500000 -0.14500000  NaN     0
vegr[9]          0.08100000 0.000000000  8.100000e-02  0.08100000  0.08100000  NaN     0
vegr[10]        -0.36000000 0.000000000 -3.600000e-01 -0.36000000 -0.36000000  NaN     0
vegr[11]         1.08500000 0.000000000  1.085000e+00  1.08500000  1.08500000  NaN     0
vegr[12]         1.02700000 0.000000000  1.027000e+00  1.02700000  1.02700000  NaN     0
vegr[13]         0.86700000 0.000000000  8.670000e-01  0.86700000  0.86700000  NaN     0
vegr[14]         0.76500000 0.000000000  7.650000e-01  0.76500000  0.76500000  NaN     0
vegr[15]         0.51600000 0.000000000  5.160000e-01  0.51600000  0.51600000  NaN     0
vegr[16]         0.42700000 0.000000000  4.270000e-01  0.42700000  0.42700000  NaN     0
vegr[17]        -0.32215410 0.863274568 -1.941057e+00 -0.34056232  1.44231171 1.01   215
