Information and diagnostics 
=========================== 
Total iter:                       10000 
Thin:                             1 
Num chains:                       3 
Max Rhat:                         1.14 
Min n.eff:                        0 


Model summary 
============= 
                        mean          sd         2.5%           50%       97.5% Rhat n.eff
betaVR.R[1]      0.535593091 0.720803227 -0.862674914  5.204962e-01  1.96702089 1.00  1445
betaVR.R[2]     -0.619408820 0.613672133 -1.829532108 -6.146096e-01  0.58981007 1.01  2208
betaVR.R[3]      0.695371596 0.691222288 -0.628158143  6.881520e-01  2.07886270 1.00  4102
betaVR.R[4]      0.162510626 0.503152403 -0.852998915  1.645623e-01  1.14368834 1.00  2413
betaVR.phi[1]   -0.137702734 0.275027400 -0.693033137 -1.327317e-01  0.38381603 1.01  1706
betaVR.phi[2]   -0.118585700 0.244464853 -0.592901594 -1.226932e-01  0.37740238 1.00  1710
betaVR.phi[3]    0.239001225 0.290483994 -0.344327709  2.469488e-01  0.79062042 1.00  2076
betaVR.phi[4]    0.186008415 0.257854606 -0.335579452  1.903334e-01  0.66891292 1.00  1406
betaX.R         -1.430060086 0.351707880 -2.159427629 -1.421640e+00 -0.76929824 1.03  1490
betaX.phi        0.425119011 0.094038880  0.242866970  4.249027e-01  0.61279445 1.00  4727
eps.R[1]         0.779874335 1.284060455 -1.381839228  5.823771e-01  3.75478185 1.01  2099
eps.R[2]        -0.644241529 1.145681040 -3.300917951 -4.731765e-01  1.24266843 1.01  2452
eps.R[3]        -0.922158626 0.953202850 -3.075337829 -7.985480e-01  0.61961368 1.03  1310
eps.R[4]        -1.346564543 1.012847674 -3.607568707 -1.232566e+00  0.24335428 1.05   979
eps.R[5]         0.267465143 0.928819916 -1.617003819  2.402566e-01  2.14330101 1.01  2499
eps.R[6]        -0.944793064 1.011481615 -3.248713570 -8.227047e-01  0.73552690 1.02  1250
eps.R[7]        -0.659935615 1.011601186 -2.954838172 -5.398310e-01  1.05659466 1.01  1756
eps.R[8]         0.271342737 0.600429433 -0.914850427  2.507280e-01  1.48415709 1.00  2680
eps.R[9]         0.259729978 0.589929002 -0.899670577  2.434304e-01  1.46795755 1.01  3120
eps.R[10]        0.699108931 0.840693229 -0.819092384  6.317838e-01  2.46859227 1.01  2098
eps.R[11]       -0.387355051 0.950909118 -2.478035544 -2.937862e-01  1.33845691 1.01  2722
eps.R[12]       -0.778671623 1.130496743 -3.402989634 -6.059817e-01  1.04872261 1.04  1551
eps.R[13]        2.117228590 1.408107872 -0.031043830  1.980747e+00  5.34531769 1.06   486
eps.R[14]       -0.272303420 0.770630129 -1.931465155 -2.251642e-01  1.17156820 1.01  3220
eps.R[15]        0.042135187 0.957773563 -2.007693675  5.866648e-02  1.89811998 1.00  3110
eps.R[16]        0.018142867 0.943810534 -1.962117248  1.627356e-02  1.96233125 1.01  2231
eps.R[17]       -0.021533613 1.360355000 -2.948228363  6.024916e-03  2.77349077 1.02  1285
eps.p[1]         0.000000000 0.000000000  0.000000000  0.000000e+00  0.00000000  NaN     0
eps.p[2]         0.009787413 0.156845556 -0.294183639  5.855216e-04  0.35000737 1.08  1236
eps.p[3]         0.005165330 0.147053000 -0.303444214  8.218787e-04  0.33643898 1.07  1906
eps.p[4]         0.007897827 0.134353895 -0.257934208  1.406101e-03  0.31316448 1.04  2192
eps.p[5]        -0.008490846 0.142066110 -0.335316590 -1.176062e-03  0.28488481 1.04  1801
eps.p[6]         0.016209729 0.147076954 -0.261903060  5.655140e-03  0.36259811 1.07  1859
eps.p[7]        -0.026297141 0.159562364 -0.422642113 -5.551286e-03  0.24411040 1.06   974
eps.p[8]        -0.001966948 0.148033580 -0.314861135 -8.460632e-04  0.30579849 1.07  1781
eps.p[9]        -0.003622989 0.145357303 -0.325760142 -1.847208e-04  0.28879654 1.07  1146
eps.p[10]        0.013792722 0.152528048 -0.285728402  3.687554e-03  0.36800919 1.09  1704
eps.p[11]        0.010557727 0.142483110 -0.264795852  1.865490e-03  0.33444417 1.05  1984
eps.p[12]        0.012132932 0.150981442 -0.274159569  2.470968e-03  0.35048176 1.10  1862
eps.p[13]        0.023469997 0.157506956 -0.240559240  4.733490e-03  0.41143064 1.08  1133
eps.p[14]        0.012825205 0.140328850 -0.267107805  3.843846e-03  0.35064399 1.08  2268
eps.p[15]        0.017687153 0.146386085 -0.264029795  4.400177e-03  0.37650340 1.08  2107
eps.p[16]       -0.003652047 0.145020246 -0.324291959 -1.405889e-03  0.30099012 1.04  1837
eps.p[17]        0.002909380 0.141493648 -0.297976349  3.177935e-05  0.31709123 1.06  2321
eps.p[18]       -0.005733252 0.161518239 -0.332653993 -7.844817e-04  0.31760896 1.10  1503
eps.phi[1, 1]    0.439869391 0.624873215 -0.704377400  4.073858e-01  1.76809274 1.00  5344
eps.phi[2, 1]    0.122692314 0.666392424 -1.155974859  1.084739e-01  1.49619715 1.00  6779
eps.phi[3, 1]    0.233020983 0.647177433 -0.981129746  2.110973e-01  1.57161593 1.00  6371
eps.phi[4, 1]    0.763334203 0.562191244 -0.261405349  7.340125e-01  1.97454579 1.00  2847
eps.phi[1, 2]   -0.293651429 0.515671781 -1.311462250 -2.981577e-01  0.71994222 1.00  5970
eps.phi[2, 2]    0.027692015 0.578575428 -1.077959148  1.222022e-02  1.20598907 1.00  6228
eps.phi[3, 2]    0.326000430 0.627685891 -0.829519331  2.994680e-01  1.63614522 1.00  6261
eps.phi[4, 2]   -0.170983401 0.446504646 -1.041906502 -1.789527e-01  0.71301586 1.00  5435
eps.phi[1, 3]    0.177426961 0.469390594 -0.706124717  1.632365e-01  1.14080751 1.00  5020
eps.phi[2, 3]    0.590180816 0.603536275 -0.493352450  5.464222e-01  1.90318062 1.00  4691
eps.phi[3, 3]   -0.363923436 0.591408257 -1.557167576 -3.459121e-01  0.77612487 1.00  5205
eps.phi[4, 3]    0.059098134 0.455951870 -0.831813331  5.921805e-02  0.95664242 1.00  5707
eps.phi[1, 4]    0.535546279 0.484959869 -0.361456681  5.109298e-01  1.53785840 1.00  4915
eps.phi[2, 4]   -0.322547125 0.484920140 -1.280340742 -3.206188e-01  0.63057785 1.00  4254
eps.phi[3, 4]    0.405628911 0.622047348 -0.748653838  3.765875e-01  1.74015580 1.00  5487
eps.phi[4, 4]    0.100818605 0.479091400 -0.805590363  9.128608e-02  1.06301021 1.00  5663
eps.phi[1, 5]   -0.099915900 0.596341025 -1.287514517 -9.464344e-02  1.07611698 1.00  4047
eps.phi[2, 5]   -0.141152976 0.528111597 -1.186816463 -1.414221e-01  0.90080300 1.00  2823
eps.phi[3, 5]    0.696523227 0.611000618 -0.425333747  6.653241e-01  1.98867113 1.00  3113
eps.phi[4, 5]    0.641162944 0.557846820 -0.422180922  6.213141e-01  1.78471654 1.00  2663
eps.phi[1, 6]    0.134044396 0.591018874 -1.006302895  1.155635e-01  1.32625310 1.00  4825
eps.phi[2, 6]    0.592284372 0.572453122 -0.449247297  5.673083e-01  1.79627789 1.00  2767
eps.phi[3, 6]   -0.821816599 0.561989452 -2.002314077 -7.944047e-01  0.20343676 1.00  1946
eps.phi[4, 6]   -0.772630836 0.540388970 -1.867919783 -7.532918e-01  0.23855893 1.00  2295
eps.phi[1, 7]    0.003324070 0.605226503 -1.181875975  1.067729e-04  1.22421948 1.00  5085
eps.phi[2, 7]   -0.040053769 0.518233759 -1.039206784 -5.091957e-02  1.01508137 1.00  2562
eps.phi[3, 7]    0.725745346 0.609385685 -0.399249771  6.909555e-01  2.01882451 1.00  3766
eps.phi[4, 7]    0.379632039 0.608254215 -0.767519016  3.611889e-01  1.64185448 1.00  4521
eps.phi[1, 8]   -0.259782559 0.567283697 -1.373777793 -2.653759e-01  0.85868283 1.00  6236
eps.phi[2, 8]   -0.246307071 0.442163675 -1.106347434 -2.530906e-01  0.63241386 1.00  4962
eps.phi[3, 8]   -0.959222690 0.438726496 -1.829025380 -9.518816e-01 -0.11754624 1.00  2094
eps.phi[4, 8]   -0.706344719 0.518582024 -1.777156799 -6.847002e-01  0.25606455 1.00  3908
eps.phi[1, 9]    0.332038425 0.628516364 -0.809079778  2.946339e-01  1.67349421 1.00  5448
eps.phi[2, 9]   -0.920044798 0.490996136 -1.907385978 -9.041760e-01  0.01703738 1.00  2821
eps.phi[3, 9]   -0.632620468 0.422371319 -1.481099586 -6.289694e-01  0.17983780 1.00  3048
eps.phi[4, 9]   -1.091528150 0.544749357 -2.241525707 -1.076194e+00 -0.09959617 1.00  2478
eps.phi[1, 10]   0.340112953 0.498377821 -0.599303972  3.258037e-01  1.39700958 1.00  5317
eps.phi[2, 10]   0.023175165 0.583147690 -1.093814568  7.250837e-03  1.21542638 1.00  6407
eps.phi[3, 10]  -0.177863189 0.446045339 -1.048389427 -1.811225e-01  0.71304580 1.00  4298
eps.phi[4, 10]   0.332178828 0.580161357 -0.754732581  3.135724e-01  1.57445215 1.00  6115
eps.phi[1, 11]   0.015721257 0.453530516 -0.858730538  1.634059e-02  0.91904638 1.00  3546
eps.phi[2, 11]   0.375479986 0.628135865 -0.758086610  3.485971e-01  1.72682623 1.00  5113
eps.phi[3, 11]   0.619440550 0.605230144 -0.473068884  5.823731e-01  1.92534733 1.00  3792
eps.phi[4, 11]   0.636084914 0.559466212 -0.383909284  6.052241e-01  1.81589620 1.00  3582
eps.phi[1, 12]  -0.318509474 0.471633066 -1.247868613 -3.206228e-01  0.59952326 1.00  3465
eps.phi[2, 12]  -0.081153470 0.513707412 -1.080049807 -8.551521e-02  0.94027479 1.00  4123
eps.phi[3, 12]   0.095273408 0.577408901 -0.998020984  8.272025e-02  1.29135443 1.00  5857
eps.phi[4, 12]  -0.016831603 0.429688292 -0.844505229 -2.232434e-02  0.83486434 1.00  3252
eps.phi[1, 13]  -0.720930038 0.435710576 -1.604448159 -7.152352e-01  0.12301720 1.00  2884
eps.phi[2, 13]   0.127766271 0.517331184 -0.846689118  1.117029e-01  1.20222459 1.00  5188
eps.phi[3, 13]  -0.093350147 0.604435573 -1.286356723 -9.808882e-02  1.11424602 1.00  6278
eps.phi[4, 13]   0.127689746 0.430077622 -0.700383996  1.220452e-01  1.01398692 1.00  3432
eps.phi[1, 14]   0.319456001 0.495829410 -0.615474077  3.012131e-01  1.36675961 1.00  4794
eps.phi[2, 14]   0.192169738 0.515089709 -0.768571868  1.693383e-01  1.26616904 1.00  5380
eps.phi[3, 14]  -0.064358877 0.599293525 -1.251186867 -7.282572e-02  1.16133546 1.00  6459
eps.phi[4, 14]  -0.588673048 0.415577908 -1.428369989 -5.811895e-01  0.21552158 1.00  3483
eps.phi[1, 15]   0.183312928 0.436806890 -0.635020054  1.634939e-01  1.08049954 1.00  4737
eps.phi[2, 15]   0.051453426 0.480162760 -0.872226652  4.661416e-02  1.01950855 1.00  4646
eps.phi[3, 15]   0.204416507 0.644708720 -1.018725489  1.892503e-01  1.52873417 1.00  6420
eps.phi[4, 15]   0.128770661 0.462553012 -0.767794455  1.146610e-01  1.07134312 1.00  5305
eps.phi[1, 16]  -0.158524460 0.402984252 -0.949846368 -1.628143e-01  0.63955117 1.00  3786
eps.phi[2, 16]   0.238174819 0.501231649 -0.711818502  2.266469e-01  1.26146600 1.00  5704
eps.phi[3, 16]   0.027876731 0.520698530 -0.961549985  1.859221e-02  1.06676800 1.00  5105
eps.phi[4, 16]   0.428438049 0.512553306 -0.514660357  4.032061e-01  1.49420263 1.00  4763
eps.phi[1, 17]  -0.061823459 0.450101814 -0.919326850 -7.823924e-02  0.87793399 1.00  3376
eps.phi[2, 17]  -0.305041942 0.483134226 -1.245145242 -3.104513e-01  0.65636270 1.00  3098
eps.phi[3, 17]   0.601710315 0.615939104 -0.511833362  5.671965e-01  1.92631443 1.00  3495
eps.phi[4, 17]   0.426792846 0.543148708 -0.608885246  4.099664e-01  1.54176346 1.00  4437
mean.R[1, 1]     0.431513391 0.278190408  0.028554791  3.866812e-01  0.96545562 1.01  3227
mean.R[2, 1]     0.339237169 0.264217285  0.013929093  2.681545e-01  0.93188448 1.01  2299
mean.R[3, 1]     0.422389891 0.277670747  0.029852180  3.723643e-01  0.96365225 1.01  4027
mean.R[4, 1]     0.256273330 0.221249933  0.019776771  1.790566e-01  0.84422297 1.01  2456
mean.R[1, 2]     0.186260463 0.151668166  0.008988135  1.482507e-01  0.58085979 1.01  2793
mean.R[2, 2]     0.139324578 0.126033385  0.005564588  1.038325e-01  0.48021093 1.00  2937
mean.R[3, 2]     0.175277632 0.141845490  0.007754117  1.421124e-01  0.54057172 1.00  3429
mean.R[4, 2]     0.076239116 0.069513890  0.003223628  5.787738e-02  0.25879639 1.01  4083
mean.R[1, 3]     0.144911741 0.115983883  0.011390910  1.146768e-01  0.43861566 1.03  2577
mean.R[2, 3]     0.102665001 0.090872800  0.006226935  7.614190e-02  0.34341346 1.01  2325
mean.R[3, 3]     0.134195464 0.104184438  0.010838228  1.076552e-01  0.39907748 1.03  1838
mean.R[4, 3]     0.056508527 0.049834160  0.003381048  4.286711e-02  0.18703333 1.03  2400
mean.R[1, 4]     0.129663056 0.110999854  0.008858860  9.764061e-02  0.42365250 1.05  1511
mean.R[2, 4]     0.058405121 0.059879961  0.002797772  3.898067e-02  0.22204851 1.03  1513
mean.R[3, 4]     0.137237728 0.125072065  0.006521049  9.773782e-02  0.46578404 1.05  1454
mean.R[4, 4]     0.043939069 0.043648873  0.002259693  2.954095e-02  0.16211525 1.08   998
mean.R[1, 5]     0.209227926 0.229425862  0.003264119  1.161394e-01  0.82034303 1.00  1755
mean.R[2, 5]     0.474538889 0.226891051  0.090691459  4.646377e-01  0.90369630 1.00  4956
mean.R[3, 5]     0.145534703 0.168254484  0.003536308  8.131062e-02  0.64070050 1.01  3926
mean.R[4, 5]     0.126438509 0.121637790  0.008287636  8.750506e-02  0.46540221 1.01  3778
mean.R[1, 6]     0.101871908 0.140629312  0.001152763  4.562299e-02  0.53465078 1.01  1854
mean.R[2, 6]     0.248022473 0.201666420  0.011757841  1.939320e-01  0.74484639 1.02  2194
mean.R[3, 6]     0.051105644 0.053983065  0.001905476  3.363108e-02  0.19924583 1.01  4207
mean.R[4, 6]     0.042075579 0.039229667  0.002944778  3.012656e-02  0.14815162 1.02  4250
mean.R[1, 7]     0.112949140 0.148965405  0.001462442  5.344022e-02  0.55859724 1.01  2156
mean.R[2, 7]     0.305229617 0.215173773  0.020930062  2.618445e-01  0.78919897 1.02  2837
mean.R[3, 7]     0.077615174 0.108781158  0.001287116  3.742625e-02  0.40363570 1.01  4792
mean.R[4, 7]     0.063288054 0.075794460  0.002681513  3.750809e-02  0.27323786 1.00  4506
mean.R[1, 8]     0.276200068 0.158291664  0.053769639  2.457875e-01  0.64895012 1.00  1912
mean.R[2, 8]     0.254929491 0.124257594  0.070033097  2.365808e-01  0.54245847 1.00  3524
mean.R[3, 8]     0.240493935 0.111271847  0.073825521  2.240298e-01  0.49866063 1.00  4599
mean.R[4, 8]     0.126818801 0.073450287  0.028445093  1.115035e-01  0.31080587 1.00  3880
mean.R[1, 9]     0.293209629 0.155312578  0.064440615  2.677051e-01  0.64859913 1.00  2386
mean.R[2, 9]     0.230265581 0.120499317  0.059048743  2.093172e-01  0.52062339 1.01  3706
mean.R[3, 9]     0.264970504 0.114616823  0.087371619  2.495545e-01  0.52798860 1.00  5713
mean.R[4, 9]     0.129625031 0.075735121  0.029229929  1.141173e-01  0.32593144 1.00  3935
mean.R[1, 10]    0.343243182 0.210054719  0.049869759  3.014926e-01  0.81042048 1.00  1635
mean.R[2, 10]    0.369635553 0.188986351  0.083750208  3.397523e-01  0.78737682 1.01  2887
mean.R[3, 10]    0.299876328 0.163116638  0.071183912  2.682194e-01  0.68891612 1.01  2904
mean.R[4, 10]    0.190065678 0.142563603  0.028818015  1.479803e-01  0.57663809 1.01  2380
mean.R[1, 11]    0.285564965 0.175800090  0.035640755  2.554178e-01  0.68692017 1.00  4214
mean.R[2, 11]    0.115774208 0.126242696  0.004635472  7.210050e-02  0.48155204 1.01  3060
mean.R[3, 11]    0.313086812 0.218289456  0.020156182  2.680032e-01  0.80056592 1.00  3818
mean.R[4, 11]    0.106552519 0.096784987  0.006556012  7.802397e-02  0.36600414 1.00  4164
mean.R[1, 12]    0.238848543 0.185045264  0.010824151  1.953416e-01  0.68827295 1.01  2468
mean.R[2, 12]    0.091493251 0.104598558  0.002190682  5.449333e-02  0.38716054 1.00  2839
mean.R[3, 12]    0.251186674 0.196440760  0.010153139  2.038544e-01  0.71493815 1.02  2799
mean.R[4, 12]    0.080332889 0.075603836  0.002675376  5.835656e-02  0.28026095 1.02  2483
mean.R[1, 13]    0.705402020 0.224309769  0.215342136  7.540609e-01  0.99132809 1.07   628
mean.R[2, 13]    0.493638243 0.278711876  0.059096557  4.760412e-01  0.97374208 1.07   765
mean.R[3, 13]    0.708499217 0.225897901  0.213347240  7.596654e-01  0.99144750 1.05   883
mean.R[4, 13]    0.472513076 0.250832324  0.087285482  4.463231e-01  0.95410785 1.06   650
mean.R[1, 14]    0.268892855 0.158468753  0.046236977  2.395532e-01  0.63767398 1.00  3987
mean.R[2, 14]    0.129633729 0.115454935  0.010462467  9.505221e-02  0.45059223 1.00  2888
mean.R[3, 14]    0.276434170 0.172219073  0.037498487  2.454698e-01  0.67952266 1.01  4568
mean.R[4, 14]    0.098057813 0.070770909  0.012719620  8.130790e-02  0.28076311 1.01  4303
mean.R[1, 15]    0.307774956 0.188961301  0.038451603  2.732322e-01  0.74459289 1.00  2995
mean.R[2, 15]    0.185390332 0.149135848  0.014425324  1.436372e-01  0.57245658 1.01  2886
mean.R[3, 15]    0.306931317 0.195262906  0.031935944  2.710118e-01  0.75572006 1.00  3628
mean.R[4, 15]    0.133976720 0.112690772  0.010758638  1.040921e-01  0.44042329 1.01  3800
mean.R[1, 16]    0.294118439 0.186203392  0.039302175  2.580713e-01  0.74825693 1.00  2366
mean.R[2, 16]    0.189511733 0.154736142  0.015164920  1.453075e-01  0.60575415 1.01  2364
mean.R[3, 16]    0.287661668 0.178770539  0.034086619  2.575911e-01  0.71023492 1.00  2899
mean.R[4, 16]    0.131140649 0.117113893  0.011059002  9.736575e-02  0.46202396 1.01  2586
mean.R[1, 17]    0.321402178 0.256418477  0.010076301  2.571935e-01  0.91086039 1.01  1376
mean.R[2, 17]    0.219113735 0.217000508  0.004058649  1.454728e-01  0.81991912 1.01  1611
mean.R[3, 17]    0.316616405 0.258476522  0.009533548  2.444689e-01  0.91949737 1.00  1788
mean.R[4, 17]    0.157456960 0.173671491  0.003938709  9.763939e-02  0.68186699 1.01  1446
mean.p[1]        0.990721049 0.002846936  0.984284402  9.910133e-01  0.99538779 1.00  5156
mean.p[2]        0.990720176 0.003145202  0.983550513  9.910671e-01  0.99575288 1.00  4352
mean.p[3]        0.990675920 0.003179120  0.983350112  9.910454e-01  0.99570312 1.00  4007
mean.p[4]        0.990715369 0.003111546  0.983576371  9.911014e-01  0.99565385 1.00  4729
mean.p[5]        0.990566048 0.003183839  0.983237352  9.909321e-01  0.99559501 1.01  3819
mean.p[6]        0.990795699 0.003063608  0.983791772  9.911275e-01  0.99572122 1.01  4520
mean.p[7]        0.990372125 0.003390820  0.982673600  9.908381e-01  0.99548813 1.01  3164
mean.p[8]        0.990613585 0.003229098  0.983413792  9.910101e-01  0.99562748 1.00  4207
mean.p[9]        0.990604841 0.003188797  0.983398165  9.910087e-01  0.99560610 1.01  4033
mean.p[10]       0.990745755 0.003194864  0.983463903  9.911297e-01  0.99576291 1.00  3839
mean.p[11]       0.990739073 0.003115383  0.983587557  9.911126e-01  0.99568705 1.00  4441
mean.p[12]       0.990747459 0.003143305  0.983686828  9.911012e-01  0.99568681 1.01  4281
mean.p[13]       0.990838890 0.003097733  0.983829806  9.911738e-01  0.99585467 1.00  4255
mean.p[14]       0.990756569 0.003125332  0.983599135  9.911537e-01  0.99568120 1.00  4459
mean.p[15]       0.990797118 0.003120640  0.983712515  9.911519e-01  0.99573747 1.00  4139
mean.p[16]       0.990611658 0.003159395  0.983416117  9.909902e-01  0.99556218 1.00  4288
mean.p[17]       0.990669267 0.003136929  0.983470967  9.910480e-01  0.99562710 1.00  4420
mean.p[18]       0.990548783 0.003398023  0.982843814  9.909727e-01  0.99566147 1.02  3200
mean.phi[1, 1]   0.907912575 0.054022928  0.774639364  9.184922e-01  0.98094334 1.00  6778
mean.phi[2, 1]   0.923999808 0.053149338  0.784047259  9.366519e-01  0.98606312 1.00  6350
mean.phi[3, 1]   0.916104682 0.055748069  0.773178510  9.283051e-01  0.98572753 1.00  6290
mean.phi[4, 1]   0.821413260 0.076954402  0.646773586  8.299261e-01  0.94519652 1.00  4065
mean.phi[1, 2]   0.832027013 0.071295902  0.664537173  8.424676e-01  0.93957091 1.00  6291
mean.phi[2, 2]   0.923282647 0.041650166  0.819980850  9.315341e-01  0.97962017 1.00  6283
mean.phi[3, 2]   0.920318634 0.047185660  0.803848828  9.297721e-01  0.98226983 1.00  5718
mean.phi[4, 2]   0.632895649 0.096603291  0.431528165  6.367783e-01  0.80727636 1.00  6891
mean.phi[1, 3]   0.888350942 0.044553916  0.785937860  8.948333e-01  0.95719066 1.00  7189
mean.phi[2, 3]   0.953814074 0.025858703  0.890374795  9.585206e-01  0.98958640 1.00  5425
mean.phi[3, 3]   0.859801256 0.071675755  0.681183380  8.736518e-01  0.95769022 1.00  6639
mean.phi[4, 3]   0.683483068 0.093837937  0.482346623  6.902827e-01  0.84380316 1.00  6830
mean.phi[1, 4]   0.913416714 0.036648891  0.828547359  9.184557e-01  0.96964883 1.00  6105
mean.phi[2, 4]   0.894628341 0.043206624  0.793372386  9.010236e-01  0.96052159 1.00  7196
mean.phi[3, 4]   0.933688143 0.039149981  0.836268688  9.418490e-01  0.98605010 1.00  5561
mean.phi[4, 4]   0.708674711 0.093632988  0.504316221  7.165577e-01  0.86931022 1.00  6731
mean.phi[1, 5]   0.881645212 0.065111982  0.723023277  8.940797e-01  0.97154067 1.00  5446
mean.phi[2, 5]   0.931503446 0.029605238  0.861536386  9.360397e-01  0.97596058 1.00  7939
mean.phi[3, 5]   0.910212493 0.053650861  0.779636920  9.206198e-01  0.98306728 1.00  2646
mean.phi[4, 5]   0.719732267 0.100981373  0.501511841  7.275761e-01  0.89079276 1.00  3860
mean.phi[1, 6]   0.899171264 0.058690995  0.754956423  9.109968e-01  0.97788280 1.00  5143
mean.phi[2, 6]   0.963333860 0.019059472  0.917292222  9.668696e-01  0.99036180 1.00  5550
mean.phi[3, 6]   0.730842814 0.089570846  0.535158397  7.388499e-01  0.88080511 1.00  7129
mean.phi[4, 6]   0.415481434 0.112266921  0.203267762  4.141628e-01  0.63397225 1.00  5008
mean.phi[1, 7]   0.887284824 0.069816402  0.708164161  9.026746e-01  0.97736931 1.00  4712
mean.phi[2, 7]   0.937388533 0.026591815  0.874882529  9.416230e-01  0.97692877 1.00  8256
mean.phi[3, 7]   0.914153552 0.051165584  0.790189226  9.242345e-01  0.98360275 1.00  3096
mean.phi[4, 7]   0.664560107 0.137936290  0.368785038  6.741459e-01  0.89691519 1.00  3718
mean.phi[1, 8]   0.839349228 0.076906729  0.655046350  8.524172e-01  0.94978785 1.00  5677
mean.phi[2, 8]   0.910734635 0.033954015  0.830401684  9.153319e-01  0.96284087 1.00  7204
mean.phi[3, 8]   0.772150392 0.068173032  0.621807764  7.788979e-01  0.88582417 1.00  5410
mean.phi[4, 8]   0.495020764 0.121173668  0.251868903  4.983170e-01  0.71904858 1.00  4485
mean.phi[1, 9]   0.897100535 0.057692976  0.755165042  9.087697e-01  0.97644077 1.00  5209
mean.phi[2, 9]   0.835098670 0.063991796  0.684435028  8.446168e-01  0.93180265 1.00  4016
mean.phi[3, 9]   0.831514226 0.052278887  0.712663511  8.368976e-01  0.91573567 1.00  7467
mean.phi[4, 9]   0.415551664 0.121640306  0.187263743  4.136721e-01  0.65064244 1.00  2210
mean.phi[1, 10]  0.908521932 0.039847105  0.815257297  9.144498e-01  0.96961588 1.00  6360
mean.phi[2, 10]  0.927131151 0.040216392  0.826467262  9.351434e-01  0.98102139 1.00  6385
mean.phi[3, 10]  0.873145420 0.045073467  0.769657016  8.785209e-01  0.94527529 1.00  7882
mean.phi[4, 10]  0.711671965 0.112792316  0.468829465  7.216041e-01  0.90291507 1.00  6168
mean.phi[1, 11]  0.859290736 0.048713630  0.748882456  8.644152e-01  0.93911106 1.00  8183
mean.phi[2, 11]  0.935952367 0.039201830  0.837475270  9.441692e-01  0.98729839 1.00  4926
mean.phi[3, 11]  0.950614446 0.029060686  0.878467943  9.564386e-01  0.98968506 1.00  4975
mean.phi[4, 11]  0.810505992 0.081215256  0.627640376  8.197151e-01  0.94022799 1.00  4487
mean.phi[1, 12]  0.815018341 0.064866396  0.670494694  8.221267e-01  0.92029612 1.00  7392
mean.phi[2, 12]  0.910714873 0.039408298  0.817758872  9.167924e-01  0.97004309 1.00  7124
mean.phi[3, 12]  0.919946775 0.044863316  0.808632308  9.289074e-01  0.98023120 1.00  6031
mean.phi[4, 12]  0.701898190 0.076227760  0.542447099  7.058462e-01  0.83766388 1.00  7730
mean.phi[1, 13]  0.755078818 0.069668198  0.602695989  7.613095e-01  0.87331165 1.00  6162
mean.phi[2, 13]  0.926849383 0.033937194  0.847414931  9.321402e-01  0.97699041 1.00  6965
mean.phi[3, 13]  0.900492740 0.059124365  0.748494638  9.138280e-01  0.97607047 1.00  6251
mean.phi[4, 13]  0.724462880 0.074220682  0.565989242  7.286092e-01  0.85829668 1.00  7607
mean.phi[1, 14]  0.893109813 0.046126474  0.784259564  9.000925e-01  0.96376040 1.00  6622
mean.phi[2, 14]  0.931984275 0.031242512  0.858662277  9.368532e-01  0.97856586 1.00  7447
mean.phi[3, 14]  0.901627113 0.056603259  0.760858089  9.130955e-01  0.97558926 1.00  6681
mean.phi[4, 14]  0.563374835 0.091923397  0.379844576  5.656575e-01  0.73241534 1.00  5245
mean.phi[1, 15]  0.885944982 0.041077981  0.793698748  8.905852e-01  0.95159265 1.00  7347
mean.phi[2, 15]  0.925788681 0.031406467  0.851684516  9.304405e-01  0.97319479 1.00  6838
mean.phi[3, 15]  0.916050737 0.053427263  0.780960694  9.281219e-01  0.98273087 1.00  5914
mean.phi[4, 15]  0.709659936 0.088801373  0.520779576  7.156192e-01  0.86506724 1.00  7077
mean.phi[1, 16]  0.850529915 0.046127523  0.748604176  8.552758e-01  0.92692544 1.00  7552
mean.phi[2, 16]  0.937279201 0.028891696  0.868406655  9.421092e-01  0.97997554 1.00  6813
mean.phi[3, 16]  0.906954811 0.043449291  0.803871837  9.144555e-01  0.97062259 1.00  6785
mean.phi[4, 16]  0.760084622 0.087556947  0.566848460  7.681870e-01  0.90908070 1.00  6134
mean.phi[1, 17]  0.861338596 0.045875151  0.758599119  8.655701e-01  0.93794647 1.00  8195
mean.phi[2, 17]  0.896259051 0.039843699  0.804753832  9.010547e-01  0.95984671 1.00  7224
mean.phi[3, 17]  0.945847365 0.032297563  0.867853276  9.519389e-01  0.98947701 1.00  5016
mean.phi[4, 17]  0.768219997 0.091072238  0.564539902  7.771840e-01  0.91883991 1.00  6949
mu.R[1]          0.228846173 0.101945940  0.072798523  2.151635e-01  0.46619547 1.00  1530
mu.R[2]          0.189391100 0.081291348  0.060619352  1.784128e-01  0.37381412 1.00  2226
mu.R[3]          0.205520116 0.077137536  0.079346139  1.967801e-01  0.37685462 1.00  2710
mu.R[4]          0.095572453 0.041536449  0.033406665  8.915042e-02  0.19375790 1.00  2303
mu.p             0.990721049 0.002846936  0.984284402  9.910133e-01  0.99538779 1.00  5156
mu.phi[1]        0.878952914 0.024683260  0.826670259  8.808000e-01  0.92280060 1.00  1755
mu.phi[2]        0.930789857 0.015440925  0.896496498  9.321593e-01  0.95721484 1.00  1877
mu.phi[3]        0.902883719 0.022220838  0.855741110  9.045067e-01  0.94178045 1.01  2117
mu.phi[4]        0.669012039 0.043582233  0.578242861  6.701961e-01  0.75068192 1.00  2204
sigma.R          1.220522491 0.573223763  0.252647328  1.171522e+00  2.50800304 1.09   342
sigma.p          0.110549300 0.102496851  0.006991150  7.992021e-02  0.40275922 1.14    94
sigma.phi        0.688018683 0.145171928  0.419884574  6.820258e-01  0.99162226 1.00   591
vegr[1]          0.310078233 1.033479032 -1.752037335  3.219397e-01  2.30599555 1.00  2792
vegr[2]          0.159000000 0.000000000  0.159000000  1.590000e-01  0.15900000  NaN     0
vegr[3]          0.195000000 0.000000000  0.195000000  1.950000e-01  0.19500000  NaN     0
vegr[4]          0.662000000 0.000000000  0.662000000  6.620000e-01  0.66200000  NaN     0
vegr[5]         -1.872000000 0.000000000 -1.872000000 -1.872000e+00 -1.87200000  NaN     0
vegr[6]         -1.612000000 0.000000000 -1.612000000 -1.612000e+00 -1.61200000  NaN     0
vegr[7]         -1.795000000 0.000000000 -1.795000000 -1.795000e+00 -1.79500000  NaN     0
vegr[8]         -0.145000000 0.000000000 -0.145000000 -1.450000e-01 -0.14500000  NaN     0
vegr[9]          0.081000000 0.000000000  0.081000000  8.100000e-02  0.08100000  NaN     0
vegr[10]        -0.360000000 0.000000000 -0.360000000 -3.600000e-01 -0.36000000  NaN     0
vegr[11]         1.085000000 0.000000000  1.085000000  1.085000e+00  1.08500000  NaN     0
vegr[12]         1.027000000 0.000000000  1.027000000  1.027000e+00  1.02700000  NaN     0
vegr[13]         0.867000000 0.000000000  0.867000000  8.670000e-01  0.86700000  NaN     0
vegr[14]         0.765000000 0.000000000  0.765000000  7.650000e-01  0.76500000  NaN     0
vegr[15]         0.516000000 0.000000000  0.516000000  5.160000e-01  0.51600000  NaN     0
vegr[16]         0.427000000 0.000000000  0.427000000  4.270000e-01  0.42700000  NaN     0
vegr[17]         0.458218584 0.926974884 -1.413962707  4.711111e-01  2.27924181 1.00  2071
