Information and diagnostics 
=========================== 
Total iter:                       10000 
Thin:                             1 
Num chains:                       3 
Max Rhat:                         1.57 
Min n.eff:                        31 


Model summary 
============= 
                      mean          sd        2.5%        50%      97.5% Rhat n.eff
mean.M[1, 1]    0.09951964 0.023289682 0.058694657 0.09792386 0.14859126 1.00  5889
mean.M[2, 1]    0.12222755 0.026005997 0.076910195 0.12055762 0.17782160 1.00  6104
mean.M[3, 1]    0.03737555 0.009240029 0.021979532 0.03669624 0.05689741 1.00  4961
mean.M[4, 1]    0.01979351 0.007720816 0.007683064 0.01881849 0.03765834 1.01  5830
mean.M[5, 1]    0.04615491 0.012262459 0.025287689 0.04515764 0.07261190 1.00  5193
mean.M[1, 2]    0.09869486 0.022681204 0.057850194 0.09726301 0.14655546 1.00  6272
mean.M[2, 2]    0.12850454 0.030011520 0.082010058 0.12501194 0.19551202 1.01  1653
mean.M[3, 2]    0.03764154 0.009103231 0.022257052 0.03690302 0.05742047 1.00  5536
mean.M[4, 2]    0.01979926 0.007717196 0.007601566 0.01881182 0.03761108 1.01  5570
mean.M[5, 2]    0.04622211 0.012098317 0.025521732 0.04520018 0.07271714 1.00  5821
mean.M[1, 3]    0.09796219 0.022315460 0.057351580 0.09682512 0.14509722 1.00  5945
mean.M[2, 3]    0.12474415 0.026550684 0.079743099 0.12261900 0.18221747 1.00  5661
mean.M[3, 3]    0.03700329 0.008835581 0.021856395 0.03637768 0.05575352 1.01  5622
mean.M[4, 3]    0.01986324 0.007845653 0.007687530 0.01882760 0.03813631 1.00  5582
mean.M[5, 3]    0.04677027 0.012291000 0.026012526 0.04568980 0.07350961 1.00  5694
mean.M[1, 4]    0.09834462 0.022641761 0.057673791 0.09728753 0.14613750 1.00  6270
mean.M[2, 4]    0.12122977 0.025017059 0.076752290 0.11968334 0.17455790 1.01  6127
mean.M[3, 4]    0.03687449 0.008747790 0.021501021 0.03631896 0.05543140 1.00  5377
mean.M[4, 4]    0.01971051 0.007661446 0.007591273 0.01869894 0.03753014 1.00  5648
mean.M[5, 4]    0.04617756 0.011850188 0.025492968 0.04520477 0.07210269 1.00  6137
mean.M[1, 5]    0.09970444 0.023004182 0.059537174 0.09812832 0.14930037 1.00  6163
mean.M[2, 5]    0.12440187 0.026419209 0.079440102 0.12236116 0.18111014 1.00  5681
mean.M[3, 5]    0.03703407 0.008697576 0.021697418 0.03645094 0.05586448 1.00  5787
mean.M[4, 5]    0.01981239 0.007781344 0.007730993 0.01880185 0.03771837 1.01  5608
mean.M[5, 5]    0.04609187 0.011972296 0.025444769 0.04518499 0.07218366 1.01  6071
mean.M[1, 6]    0.10000131 0.023012179 0.059415684 0.09846209 0.14864150 1.00  6320
mean.M[2, 6]    0.12251795 0.025765516 0.077357879 0.12067769 0.17681326 1.00  6004
mean.M[3, 6]    0.03672150 0.008515528 0.021756116 0.03622605 0.05486868 1.00  5871
mean.M[4, 6]    0.02004317 0.007853865 0.007817137 0.01901422 0.03842822 1.01  5640
mean.M[5, 6]    0.04623178 0.012087577 0.025409014 0.04530505 0.07238215 1.00  5902
mean.M[1, 7]    0.09999898 0.023479898 0.059345169 0.09847283 0.14979086 1.00  5973
mean.M[2, 7]    0.12190525 0.025446835 0.076576637 0.12049451 0.17603516 1.00  6189
mean.M[3, 7]    0.03718706 0.008599760 0.022390475 0.03655204 0.05569475 1.00  5937
mean.M[4, 7]    0.01973598 0.007633643 0.007633534 0.01874246 0.03712509 1.01  5810
mean.M[5, 7]    0.04619197 0.012037289 0.025314568 0.04520984 0.07202668 1.00  5877
mean.M[1, 8]    0.10168591 0.024162013 0.060722838 0.09973156 0.15441419 1.01  5713
mean.M[2, 8]    0.12330853 0.026543544 0.078360257 0.12136158 0.17932825 1.00  5592
mean.M[3, 8]    0.03694650 0.008704824 0.021976593 0.03636701 0.05598565 1.00  5888
mean.M[4, 8]    0.02021850 0.007906001 0.007938915 0.01912602 0.03863644 1.01  5766
mean.M[5, 8]    0.04627803 0.012161632 0.025229297 0.04537736 0.07244838 1.00  5855
mean.M[1, 9]    0.09972918 0.023595145 0.058202777 0.09825656 0.14971902 1.00  5791
mean.M[2, 9]    0.12342155 0.026120212 0.077992120 0.12154222 0.17870043 1.00  6136
mean.M[3, 9]    0.03849807 0.009379844 0.023331985 0.03762957 0.05887025 1.01  4509
mean.M[4, 9]    0.01984793 0.007739608 0.007734392 0.01880816 0.03786803 1.01  5799
mean.M[5, 9]    0.04676824 0.012123796 0.026097686 0.04575580 0.07327163 1.00  6083
mean.M[1, 10]   0.09868798 0.022036860 0.059043505 0.09745416 0.14518835 1.00  6237
mean.M[2, 10]   0.12288364 0.026433094 0.077438217 0.12093018 0.17890771 1.00  5774
mean.M[3, 10]   0.03700163 0.008812382 0.021585022 0.03641539 0.05619879 1.00  5442
mean.M[4, 10]   0.01962202 0.007543570 0.007681370 0.01870607 0.03683304 1.01  5457
mean.M[5, 10]   0.04649802 0.012102631 0.025826890 0.04564693 0.07267863 1.00  5589
mean.M[1, 11]   0.09867639 0.022591257 0.057975497 0.09746585 0.14643626 1.00  6253
mean.M[2, 11]   0.12132203 0.024864398 0.076866311 0.11959149 0.17402996 1.00  6168
mean.M[3, 11]   0.03700429 0.008819621 0.021789186 0.03648082 0.05579614 1.00  5688
mean.M[4, 11]   0.01989397 0.007741135 0.007843186 0.01888630 0.03817645 1.01  5636
mean.M[5, 11]   0.04582463 0.011795467 0.025220690 0.04510993 0.07140933 1.01  5999
mean.M[1, 12]   0.10029449 0.022910675 0.060119572 0.09886213 0.14892661 1.00  6046
mean.M[2, 12]   0.12668528 0.028082423 0.080808223 0.12380363 0.18842001 1.01  4271
mean.M[3, 12]   0.03715800 0.008712348 0.022035818 0.03652430 0.05597959 1.00  5800
mean.M[4, 12]   0.01970319 0.007758197 0.007656808 0.01870663 0.03786684 1.01  5633
mean.M[5, 12]   0.04659929 0.011821094 0.026138523 0.04559912 0.07223069 1.00  5970
mean.M[1, 13]   0.10277656 0.024473297 0.061477172 0.10062997 0.15582341 1.01  4233
mean.M[2, 13]   0.12583915 0.026659275 0.081193692 0.12365228 0.18361841 1.00  5028
mean.M[3, 13]   0.03746793 0.008770484 0.022473728 0.03676415 0.05648296 1.00  5732
mean.M[4, 13]   0.02006618 0.007890032 0.007866482 0.01900460 0.03839880 1.01  5712
mean.M[5, 13]   0.04741479 0.012025143 0.027140807 0.04636590 0.07384271 1.00  6144
mean.M[1, 14]   0.09836447 0.022591059 0.057496600 0.09714442 0.14530145 1.00  5870
mean.M[2, 14]   0.12060666 0.025083058 0.075409459 0.11908416 0.17354436 1.00  6017
mean.M[3, 14]   0.03726881 0.008674653 0.022273217 0.03671946 0.05564612 1.00  5809
mean.M[4, 14]   0.01975721 0.007676955 0.007713667 0.01880626 0.03781400 1.01  5745
mean.M[5, 14]   0.04589352 0.011664482 0.025423945 0.04503928 0.07101724 1.01  5914
mean.M[1, 15]   0.10135798 0.023498978 0.061173524 0.09935659 0.15197427 1.00  5840
mean.M[2, 15]   0.12028747 0.025086869 0.074469524 0.11892328 0.17242449 1.01  5918
mean.M[3, 15]   0.03718469 0.008640308 0.022125837 0.03652193 0.05577629 1.00  5956
mean.M[4, 15]   0.01976111 0.007661110 0.007769043 0.01877202 0.03754919 1.01  5721
mean.M[5, 15]   0.04624774 0.011659728 0.025861236 0.04536005 0.07150335 1.00  6258
mean.M[1, 16]   0.10224444 0.023775336 0.062031047 0.10024987 0.15406130 1.00  4296
mean.M[2, 16]   0.12151896 0.025159621 0.076190105 0.12004953 0.17450488 1.00  6248
mean.M[3, 16]   0.03726704 0.008707522 0.022213166 0.03664846 0.05590795 1.00  6100
mean.M[4, 16]   0.01974593 0.007657812 0.007714596 0.01875209 0.03749113 1.01  5706
mean.M[5, 16]   0.04676040 0.011789375 0.026539966 0.04583026 0.07249170 1.00  6220
mean.M[1, 17]   0.09919229 0.022505112 0.059242186 0.09804708 0.14705990 1.00  6348
mean.M[2, 17]   0.12441575 0.025428859 0.080272262 0.12261056 0.17922986 1.00  6421
mean.M[3, 17]   0.03865232 0.009486993 0.023480535 0.03773196 0.05981300 1.01  2866
mean.M[4, 17]   0.01964079 0.007560226 0.007730995 0.01867586 0.03718664 1.01  5781
mean.M[5, 17]   0.04616956 0.011783988 0.025799706 0.04520166 0.07137741 1.00  6323
mean.Pi[1]      0.99603049 0.002083301 0.991116789 0.99633005 0.99915982 1.00  3469
mean.Pi[2]      0.99603049 0.002083301 0.991116789 0.99633005 0.99915982 1.00  3469
mean.Pi[3]      0.99603049 0.002083301 0.991116789 0.99633005 0.99915982 1.00  3469
mean.Pi[4]      0.99603049 0.002083301 0.991116789 0.99633005 0.99915982 1.00  3469
mean.Pi[5]      0.99603049 0.002083301 0.991116789 0.99633005 0.99915982 1.00  3469
mean.Pi[6]      0.99603049 0.002083301 0.991116789 0.99633005 0.99915982 1.00  3469
mean.Pi[7]      0.99603049 0.002083301 0.991116789 0.99633005 0.99915982 1.00  3469
mean.Pi[8]      0.99603049 0.002083301 0.991116789 0.99633005 0.99915982 1.00  3469
mean.Pi[9]      0.99603049 0.002083301 0.991116789 0.99633005 0.99915982 1.00  3469
mean.Pi[10]     0.99603049 0.002083301 0.991116789 0.99633005 0.99915982 1.00  3469
mean.Pi[11]     0.99603049 0.002083301 0.991116789 0.99633005 0.99915982 1.00  3469
mean.Pi[12]     0.99603049 0.002083301 0.991116789 0.99633005 0.99915982 1.00  3469
mean.Pi[13]     0.99603049 0.002083301 0.991116789 0.99633005 0.99915982 1.00  3469
mean.Pi[14]     0.99603049 0.002083301 0.991116789 0.99633005 0.99915982 1.00  3469
mean.Pi[15]     0.99603049 0.002083301 0.991116789 0.99633005 0.99915982 1.00  3469
mean.Pi[16]     0.99603049 0.002083301 0.991116789 0.99633005 0.99915982 1.00  3469
mean.Pi[17]     0.99603049 0.002083301 0.991116789 0.99633005 0.99915982 1.00  3469
mean.Pi[18]     0.99603049 0.002083301 0.991116789 0.99633005 0.99915982 1.00  3469
mean.Po[1]      0.03531165 0.007574456 0.021988166 0.03483808 0.05144662 1.00  6695
mean.Po[2]      0.03531165 0.007574456 0.021988166 0.03483808 0.05144662 1.00  6695
mean.Po[3]      0.03531165 0.007574456 0.021988166 0.03483808 0.05144662 1.00  6695
mean.Po[4]      0.03531165 0.007574456 0.021988166 0.03483808 0.05144662 1.00  6695
mean.Po[5]      0.03531165 0.007574456 0.021988166 0.03483808 0.05144662 1.00  6695
mean.Po[6]      0.03531165 0.007574456 0.021988166 0.03483808 0.05144662 1.00  6695
mean.Po[7]      0.03531165 0.007574456 0.021988166 0.03483808 0.05144662 1.00  6695
mean.Po[8]      0.03531165 0.007574456 0.021988166 0.03483808 0.05144662 1.00  6695
mean.Po[9]      0.03531165 0.007574456 0.021988166 0.03483808 0.05144662 1.00  6695
mean.Po[10]     0.03531165 0.007574456 0.021988166 0.03483808 0.05144662 1.00  6695
mean.Po[11]     0.03531165 0.007574456 0.021988166 0.03483808 0.05144662 1.00  6695
mean.Po[12]     0.03531165 0.007574456 0.021988166 0.03483808 0.05144662 1.00  6695
mean.Po[13]     0.03531165 0.007574456 0.021988166 0.03483808 0.05144662 1.00  6695
mean.Po[14]     0.03531165 0.007574456 0.021988166 0.03483808 0.05144662 1.00  6695
mean.Po[15]     0.03531165 0.007574456 0.021988166 0.03483808 0.05144662 1.00  6695
mean.Po[16]     0.03531165 0.007574456 0.021988166 0.03483808 0.05144662 1.00  6695
mean.Po[17]     0.03531165 0.007574456 0.021988166 0.03483808 0.05144662 1.00  6695
mean.Po[18]     0.03531165 0.007574456 0.021988166 0.03483808 0.05144662 1.00  6695
mean.R[1, 1]    0.37348058 0.127909143 0.147034328 0.36606935 0.64007008 1.01  5975
mean.R[2, 1]    0.25606923 0.115358023 0.070833197 0.24273144 0.51393418 1.00  5539
mean.R[3, 1]    0.31875236 0.101640915 0.138370319 0.31250185 0.53239126 1.01  5540
mean.R[4, 1]    0.28277227 0.083842341 0.131674235 0.27882419 0.46028215 1.02  5135
mean.R[5, 1]    0.14330650 0.056493392 0.063925197 0.13506277 0.27322112 1.06  3159
mean.R[1, 2]    0.37403845 0.127369114 0.150852560 0.36594965 0.64247463 1.01  6027
mean.R[2, 2]    0.25476182 0.114549125 0.071016883 0.24197176 0.50914993 1.00  5833
mean.R[3, 2]    0.32050459 0.102614054 0.140685641 0.31426546 0.53498983 1.01  4754
mean.R[4, 2]    0.28318614 0.082717015 0.134837162 0.27945597 0.46115478 1.02  5779
mean.R[5, 2]    0.13193570 0.045008689 0.056722843 0.12733884 0.23128749 1.02  4925
mean.R[1, 3]    0.38137967 0.126783535 0.160344734 0.37314716 0.64938253 1.01  6480
mean.R[2, 3]    0.25434581 0.112960388 0.072134647 0.24184615 0.50812681 1.00  5997
mean.R[3, 3]    0.31879585 0.100360295 0.138550587 0.31252984 0.52939042 1.01  5655
mean.R[4, 3]    0.27894876 0.081713125 0.129754133 0.27620283 0.45110631 1.02  5324
mean.R[5, 3]    0.13356948 0.046218932 0.057602803 0.12843490 0.23718705 1.01  5331
mean.R[1, 4]    0.38175000 0.128776152 0.154773318 0.37259321 0.65460828 1.01  5890
mean.R[2, 4]    0.25275106 0.113239624 0.070965329 0.23979412 0.50716435 1.00  5771
mean.R[3, 4]    0.30916483 0.096887249 0.131896323 0.30516136 0.50985144 1.02  4105
mean.R[4, 4]    0.28406968 0.083387598 0.136268419 0.27917634 0.46353217 1.02  5726
mean.R[5, 4]    0.13320257 0.045402126 0.057572573 0.12874369 0.23436246 1.02  5793
mean.R[1, 5]    0.37500126 0.126785250 0.150813494 0.36806621 0.64077769 1.01  6236
mean.R[2, 5]    0.25527280 0.115544030 0.070142936 0.24227006 0.51631937 1.00  5512
mean.R[3, 5]    0.34212065 0.106327770 0.165088493 0.33191944 0.58203630 1.04  3117
mean.R[4, 5]    0.28276565 0.083713558 0.132811279 0.27901971 0.46127306 1.02  5387
mean.R[5, 5]    0.13406719 0.046819092 0.057140006 0.12873815 0.23773395 1.02  4834
mean.R[1, 6]    0.37728971 0.128842214 0.152919047 0.36901212 0.65229886 1.01  5860
mean.R[2, 6]    0.25620620 0.114867832 0.071723507 0.24278451 0.51084174 1.00  5739
mean.R[3, 6]    0.31968013 0.100721451 0.141917717 0.31370892 0.53078555 1.01  5684
mean.R[4, 6]    0.26715406 0.078616108 0.113573850 0.26601028 0.42696742 1.05  3060
mean.R[5, 6]    0.13353572 0.044688584 0.060162330 0.12877445 0.23351907 1.01  5111
mean.R[1, 7]    0.37406659 0.127749908 0.145328438 0.36712686 0.63982439 1.01  5890
mean.R[2, 7]    0.25184592 0.112489408 0.071092966 0.23911365 0.50114719 1.00  5848
mean.R[3, 7]    0.31108866 0.097803965 0.131433082 0.30700748 0.51234993 1.02  4835
mean.R[4, 7]    0.28456218 0.084964387 0.136282252 0.27995076 0.46526619 1.02  4545
mean.R[5, 7]    0.14342327 0.057132720 0.063902539 0.13425578 0.27620646 1.06  2881
mean.R[1, 8]    0.37353569 0.127689780 0.145547131 0.36723855 0.63968515 1.01  6096
mean.R[2, 8]    0.25610374 0.116078355 0.071768289 0.24241983 0.51907977 1.00  5630
mean.R[3, 8]    0.32706356 0.097948258 0.155855873 0.32029019 0.53495927 1.01  5511
mean.R[4, 8]    0.29263316 0.080998779 0.152427516 0.28710979 0.47030291 1.02  5695
mean.R[5, 8]    0.13749626 0.047812520 0.061889380 0.13163555 0.24609929 1.02  4718
mean.R[1, 9]    0.37428815 0.127568870 0.147616726 0.36692732 0.64319644 1.01  6177
mean.R[2, 9]    0.25525178 0.114919965 0.073098989 0.24094091 0.51500637 1.00  5650
mean.R[3, 9]    0.33084810 0.100883147 0.156691556 0.32335166 0.54823920 1.01  5282
mean.R[4, 9]    0.29286475 0.081084671 0.151972812 0.28671664 0.46945564 1.02  5663
mean.R[5, 9]    0.13079926 0.044948765 0.054009952 0.12668103 0.23031149 1.02  4370
mean.R[1, 10]   0.37476546 0.127807620 0.146121046 0.36795345 0.64147623 1.01  5453
mean.R[2, 10]   0.25588830 0.114511199 0.072384659 0.24245776 0.51480806 1.00  5859
mean.R[3, 10]   0.31576848 0.098869113 0.136584712 0.31057277 0.52247816 1.01  5489
mean.R[4, 10]   0.29697022 0.085670398 0.154660727 0.28980464 0.48823471 1.04  3987
mean.R[5, 10]   0.13750989 0.049981419 0.059979819 0.13121140 0.25183840 1.03  4455
mean.R[1, 11]   0.37809395 0.125617093 0.158200310 0.37049673 0.64219193 1.01  6481
mean.R[2, 11]   0.25249148 0.112965976 0.070539941 0.24011827 0.50466148 1.00  5887
mean.R[3, 11]   0.31800857 0.099018820 0.140052513 0.31332895 0.52535480 1.01  5624
mean.R[4, 11]   0.28438197 0.082504436 0.140045474 0.27966643 0.45960837 1.02  5512
mean.R[5, 11]   0.13747945 0.050740305 0.060683706 0.13064122 0.25067249 1.03  4322
mean.R[1, 12]   0.37418976 0.127860759 0.149079307 0.36673898 0.64316725 1.01  6007
mean.R[2, 12]   0.25412735 0.114820674 0.070106936 0.24063875 0.51164230 1.00  5724
mean.R[3, 12]   0.31443660 0.098041990 0.136638124 0.30973617 0.51864511 1.01  5436
mean.R[4, 12]   0.28104924 0.083006706 0.130483199 0.27717285 0.45646755 1.02  4839
mean.R[5, 12]   0.13223519 0.044693628 0.056810761 0.12788227 0.23063615 1.01  5377
mean.R[1, 13]   0.38076781 0.129053639 0.156973946 0.37272914 0.65716973 1.01  5477
mean.R[2, 13]   0.25435814 0.114002813 0.071106587 0.24063621 0.50813664 1.00  5826
mean.R[3, 13]   0.31824730 0.099843922 0.135682059 0.31292656 0.52644910 1.01  5050
mean.R[4, 13]   0.28334533 0.083254189 0.133505181 0.27944517 0.46009713 1.02  5295
mean.R[5, 13]   0.15514556 0.067682101 0.069222940 0.14236863 0.33109967 1.11  2072
mean.R[1, 14]   0.36971991 0.126119941 0.146495458 0.36230156 0.63280575 1.01  6315
mean.R[2, 14]   0.25131132 0.112413352 0.070771765 0.23998830 0.50360063 1.00  5859
mean.R[3, 14]   0.31869586 0.100592145 0.138518059 0.31241563 0.52976521 1.01  5439
mean.R[4, 14]   0.29128702 0.086600883 0.144329419 0.28455177 0.48151235 1.03  4898
mean.R[5, 14]   0.13546472 0.045393584 0.060903627 0.13047475 0.23682671 1.01  5581
mean.R[1, 15]   0.37613883 0.128853674 0.149977592 0.36816764 0.64618460 1.01  6134
mean.R[2, 15]   0.26347875 0.117870632 0.076170138 0.24927306 0.52867168 1.01  5712
mean.R[3, 15]   0.31672977 0.098375100 0.140193101 0.31135025 0.52179242 1.01  5606
mean.R[4, 15]   0.28470740 0.084479557 0.134077879 0.28025477 0.46707595 1.02  4881
mean.R[5, 15]   0.13546123 0.048641325 0.058634545 0.12985245 0.24207890 1.02  4799
mean.R[1, 16]   0.37514117 0.129293309 0.148096367 0.36661712 0.64803751 1.01  5644
mean.R[2, 16]   0.26250872 0.117111998 0.076874041 0.24784482 0.52863749 1.01  5102
mean.R[3, 16]   0.31978303 0.099825534 0.141088693 0.31382997 0.53060786 1.01  5927
mean.R[4, 16]   0.27794992 0.080250903 0.128440831 0.27529992 0.44479401 1.02  5086
mean.R[5, 16]   0.13691387 0.050062912 0.058716282 0.13037795 0.25268324 1.03  5072
mean.R[1, 17]   0.37303640 0.127203370 0.146634479 0.36599727 0.64232859 1.01  6140
mean.R[2, 17]   0.25558688 0.116828929 0.070355291 0.24200100 0.51939711 1.01  5235
mean.R[3, 17]   0.31959075 0.101240593 0.140417764 0.31305750 0.53165920 1.01  5467
mean.R[4, 17]   0.28420980 0.084034463 0.136598251 0.27919371 0.46158308 1.02  5200
mean.R[5, 17]   0.13707115 0.049693886 0.057662739 0.13125584 0.24930060 1.02  4746
mean.phi[1, 1]  0.95987101 0.042132522 0.844091527 0.97256869 0.99678753 1.01  6648
mean.phi[2, 1]  0.96255646 0.037765163 0.858222932 0.97428284 0.99663993 1.00  6578
mean.phi[3, 1]  0.96856620 0.033272136 0.875541188 0.97905086 0.99717284 1.00  6259
mean.phi[4, 1]  0.93688922 0.053373921 0.792342267 0.95204828 0.99300753 1.00  6827
mean.phi[5, 1]  0.87677272 0.067331322 0.716189420 0.88889315 0.97016787 1.00  6723
mean.phi[1, 2]  0.96612569 0.032569145 0.877276570 0.97602972 0.99703128 1.00  6846
mean.phi[2, 2]  0.96371825 0.035331507 0.865775417 0.97456690 0.99683586 1.00  6675
mean.phi[3, 2]  0.97571986 0.022428198 0.915767933 0.98235242 0.99755070 1.00  6554
mean.phi[4, 2]  0.94222877 0.047167654 0.816659306 0.95533270 0.99319835 1.00  6247
mean.phi[5, 2]  0.66583342 0.103799542 0.448245621 0.67240362 0.84936497 1.00  6760
mean.phi[1, 3]  0.95647415 0.032408089 0.871262619 0.96478255 0.99356533 1.00  7611
mean.phi[2, 3]  0.96469031 0.034514664 0.869287918 0.97534395 0.99689907 1.00  6516
mean.phi[3, 3]  0.98015066 0.016866607 0.936469960 0.98485586 0.99769438 1.00  6491
mean.phi[4, 3]  0.85615149 0.084524866 0.645027599 0.87276238 0.96897093 1.00  7147
mean.phi[5, 3]  0.75158269 0.094534203 0.543555519 0.76172830 0.90634411 1.00  7179
mean.phi[1, 4]  0.94447422 0.044726867 0.826849850 0.95684340 0.99250076 1.00  6740
mean.phi[2, 4]  0.95794388 0.030952577 0.876707254 0.96592594 0.99361047 1.00  7315
mean.phi[3, 4]  0.93877428 0.034503303 0.851861086 0.94593908 0.98447211 1.00  7330
mean.phi[4, 4]  0.95325130 0.035851090 0.856759900 0.96265591 0.99419151 1.00  5438
mean.phi[5, 4]  0.73658210 0.099078735 0.519301583 0.74741696 0.89865688 1.00  7210
mean.phi[1, 5]  0.96242200 0.038114305 0.856472095 0.97420321 0.99679727 1.00  6638
mean.phi[2, 5]  0.96808210 0.029311505 0.889443929 0.97681965 0.99692140 1.00  6957
mean.phi[3, 5]  0.95501333 0.023957242 0.895037417 0.95965043 0.98785839 1.00  7488
mean.phi[4, 5]  0.95679645 0.032683363 0.871107103 0.96523928 0.99414610 1.00  5739
mean.phi[5, 5]  0.80646709 0.082475243 0.620155830 0.81737847 0.93592379 1.00  6991
mean.phi[1, 6]  0.96715101 0.031076893 0.882319345 0.97651887 0.99700808 1.00  7112
mean.phi[2, 6]  0.96149204 0.039278648 0.851611472 0.97383927 0.99666068 1.00  6241
mean.phi[3, 6]  0.98623397 0.010465977 0.958492991 0.98900141 0.99809043 1.00  6799
mean.phi[4, 6]  0.73190677 0.091029673 0.533352796 0.73899849 0.88574560 1.00  6178
mean.phi[5, 6]  0.44733241 0.110868624 0.238550133 0.44510957 0.66898198 1.00  5123
mean.phi[1, 7]  0.95610490 0.049730046 0.818885943 0.97193284 0.99653447 1.00  6010
mean.phi[2, 7]  0.93819858 0.050671772 0.802369625 0.95290726 0.99180698 1.00  6583
mean.phi[3, 7]  0.96996747 0.017335854 0.927348203 0.97337665 0.99304926 1.00  7336
mean.phi[4, 7]  0.96068457 0.029302098 0.884513378 0.96791682 0.99466498 1.00  5721
mean.phi[5, 7]  0.82108292 0.102161605 0.576516977 0.84133375 0.96283841 1.00  6679
mean.phi[1, 8]  0.96553599 0.033842901 0.874902262 0.97571141 0.99677265 1.00  6478
mean.phi[2, 8]  0.95604698 0.047893444 0.825177872 0.97113948 0.99646782 1.00  6761
mean.phi[3, 8]  0.94170820 0.028329467 0.874382004 0.94675920 0.98242621 1.00  6893
mean.phi[4, 8]  0.83086986 0.057956920 0.703171193 0.83672120 0.92683942 1.00  7120
mean.phi[5, 8]  0.55463508 0.130869643 0.289004100 0.56047564 0.79246060 1.00  5055
mean.phi[1, 9]  0.95915634 0.043204020 0.838046508 0.97294174 0.99658695 1.00  6445
mean.phi[2, 9]  0.96507015 0.033805161 0.872977071 0.97522117 0.99677040 1.00  6521
mean.phi[3, 9]  0.93089095 0.039981943 0.831599237 0.93957305 0.98387548 1.00  6826
mean.phi[4, 9]  0.87400090 0.043271528 0.775594785 0.87847276 0.94464708 1.00  7928
mean.phi[5, 9]  0.57472007 0.117472111 0.334865303 0.57885770 0.78775867 1.00  6270
mean.phi[1, 10] 0.97789970 0.018221693 0.928641615 0.98295957 0.99742933 1.00  6637
mean.phi[2, 10] 0.95806352 0.044004121 0.836238894 0.97180747 0.99651911 1.00  5917
mean.phi[3, 10] 0.96279936 0.027991335 0.889398243 0.97034877 0.99423163 1.00  7052
mean.phi[4, 10] 0.90346471 0.038160653 0.817285213 0.90809437 0.96383560 1.00  7628
mean.phi[5, 10] 0.91872166 0.051929977 0.785544475 0.92965562 0.98585331 1.00  6059
mean.phi[1, 11] 0.90806914 0.063438922 0.743637028 0.92346121 0.98439163 1.00  6168
mean.phi[2, 11] 0.96493245 0.024935228 0.900127388 0.97129236 0.99406679 1.00  8214
mean.phi[3, 11] 0.97787432 0.019539243 0.925471809 0.98365558 0.99747380 1.01  6986
mean.phi[4, 11] 0.97007872 0.021234462 0.915085444 0.97519132 0.99545525 1.00  5396
mean.phi[5, 11] 0.91773540 0.043704031 0.813190914 0.92493371 0.97991086 1.00  5637
mean.phi[1, 12] 0.97229701 0.024666946 0.904830998 0.97966379 0.99708877 1.00  7395
mean.phi[2, 12] 0.96611590 0.032243188 0.877516295 0.97597931 0.99686584 1.00  6565
mean.phi[3, 12] 0.97360521 0.018090808 0.926824670 0.97783160 0.99535008 1.00  7214
mean.phi[4, 12] 0.94037637 0.038080918 0.842654367 0.94888372 0.98834475 1.00  6627
mean.phi[5, 12] 0.85989329 0.046683135 0.755444964 0.86424815 0.93735582 1.00  7438
mean.phi[1, 13] 0.95437347 0.034074993 0.863498899 0.96325671 0.99356519 1.00  7263
mean.phi[2, 13] 0.97209383 0.025430138 0.905653150 0.97912053 0.99715467 1.01  6272
mean.phi[3, 13] 0.98419150 0.012488892 0.950928638 0.98746855 0.99799619 1.00  6101
mean.phi[4, 13] 0.95092239 0.038325526 0.848734838 0.96162040 0.99358382 1.00  5462
mean.phi[5, 13] 0.91821659 0.034720126 0.837606268 0.92292867 0.97168029 1.00  7267
mean.phi[1, 14] 0.95084075 0.038574877 0.846700358 0.96108882 0.99294295 1.00  7140
mean.phi[2, 14] 0.95303465 0.035623832 0.860974457 0.96235652 0.99335086 1.01  7388
mean.phi[3, 14] 0.98533698 0.011173627 0.955865642 0.98822822 0.99805068 1.00  6470
mean.phi[4, 14] 0.92851176 0.047278078 0.808545325 0.93900520 0.98739940 1.00  6713
mean.phi[5, 14] 0.82108115 0.050631605 0.711625608 0.82536754 0.90833190 1.00  7956
mean.phi[1, 15] 0.97359915 0.022808674 0.914521804 0.98021085 0.99709807 1.00  6701
mean.phi[2, 15] 0.95654100 0.031824670 0.873547118 0.96473596 0.99349216 1.00  7692
mean.phi[3, 15] 0.97961489 0.013267776 0.945828573 0.98277302 0.99609295 1.00  7239
mean.phi[4, 15] 0.94760536 0.041588535 0.836578733 0.95869551 0.99356603 1.00  5780
mean.phi[5, 15] 0.93034587 0.032075210 0.854764958 0.93525280 0.97825868 1.00  6575
mean.phi[1, 16] 0.97730928 0.018416336 0.928675613 0.98239751 0.99716576 1.00  6928
mean.phi[2, 16] 0.95584982 0.033164204 0.869401234 0.96442530 0.99343074 1.00  7531
mean.phi[3, 16] 0.98556027 0.011023608 0.956028716 0.98847255 0.99801714 1.00  6898
mean.phi[4, 16] 0.94052570 0.031614193 0.864155224 0.94663986 0.98437217 1.00  7114
mean.phi[5, 16] 0.95784413 0.024568281 0.897260163 0.96281217 0.99127033 1.00  4357
mean.phi[1, 17] 0.97473064 0.022073844 0.914225476 0.98131630 0.99719763 1.00  6520
mean.phi[2, 17] 0.97663450 0.019714052 0.923463187 0.98216712 0.99725832 1.01  6506
mean.phi[3, 17] 0.98597964 0.010409878 0.958621401 0.98863452 0.99803571 1.00  6250
mean.phi[4, 17] 0.97002329 0.021043648 0.914490739 0.97494040 0.99544919 1.01  6137
mean.phi[5, 17] 0.96031406 0.023351168 0.903073859 0.96475976 0.99201801 1.00  4240
mean.r[1]       0.96865223 0.015273115 0.932316885 0.97090263 0.99124011 1.00  5306
mean.r[2]       0.96865223 0.015273115 0.932316885 0.97090263 0.99124011 1.00  5306
mean.r[3]       0.96865223 0.015273115 0.932316885 0.97090263 0.99124011 1.00  5306
mean.r[4]       0.96865223 0.015273115 0.932316885 0.97090263 0.99124011 1.00  5306
mean.r[5]       0.96865223 0.015273115 0.932316885 0.97090263 0.99124011 1.00  5306
mean.r[6]       0.96865223 0.015273115 0.932316885 0.97090263 0.99124011 1.00  5306
mean.r[7]       0.96865223 0.015273115 0.932316885 0.97090263 0.99124011 1.00  5306
mean.r[8]       0.96865223 0.015273115 0.932316885 0.97090263 0.99124011 1.00  5306
mean.r[9]       0.96865223 0.015273115 0.932316885 0.97090263 0.99124011 1.00  5306
mean.r[10]      0.96865223 0.015273115 0.932316885 0.97090263 0.99124011 1.00  5306
mean.r[11]      0.96865223 0.015273115 0.932316885 0.97090263 0.99124011 1.00  5306
mean.r[12]      0.96865223 0.015273115 0.932316885 0.97090263 0.99124011 1.00  5306
mean.r[13]      0.96865223 0.015273115 0.932316885 0.97090263 0.99124011 1.00  5306
mean.r[14]      0.96865223 0.015273115 0.932316885 0.97090263 0.99124011 1.00  5306
mean.r[15]      0.96865223 0.015273115 0.932316885 0.97090263 0.99124011 1.00  5306
mean.r[16]      0.96865223 0.015273115 0.932316885 0.97090263 0.99124011 1.00  5306
mean.r[17]      0.96865223 0.015273115 0.932316885 0.97090263 0.99124011 1.00  5306
mean.r[18]      0.96865223 0.015273115 0.932316885 0.97090263 0.99124011 1.00  5306
mu.M[1]         0.09943959 0.020692300 0.062411325 0.09839836 0.14242869 1.00  6402
mu.M[2]         0.12273686 0.022818236 0.082363123 0.12164890 0.17028324 1.00  6304
mu.M[3]         0.03711755 0.007791689 0.023345660 0.03666818 0.05387656 1.00  5756
mu.M[4]         0.01971281 0.007315279 0.007913938 0.01882886 0.03660535 1.01  5759
mu.M[5]         0.04612179 0.010844325 0.026975458 0.04526294 0.06929585 1.01  6127
mu.Pi           0.99603049 0.002083301 0.991116789 0.99633005 0.99915982 1.00  3469
mu.Po           0.03531165 0.007574456 0.021988166 0.03483808 0.05144662 1.00  6695
mu.R[1]         0.37348940 0.118034903 0.165025464 0.36716982 0.61799978 1.00  6702
mu.R[2]         0.25305398 0.106627383 0.076964743 0.24254030 0.48771699 1.00  6068
mu.R[3]         0.31778219 0.088913662 0.157536549 0.31297706 0.50232631 1.00  6324
mu.R[4]         0.28169220 0.070620152 0.154776120 0.27852347 0.42702164 1.00  5900
mu.R[5]         0.13481484 0.039780030 0.067332587 0.13107961 0.22257374 1.00  5717
mu.phi[1]       0.96818551 0.014372852 0.934746443 0.97063417 0.98877811 1.00  2937
mu.phi[2]       0.96762199 0.014157222 0.933940634 0.97001948 0.98852129 1.00  3397
mu.phi[3]       0.97610691 0.008456950 0.956609819 0.97724753 0.98896420 1.00  1753
mu.phi[4]       0.93588922 0.019887065 0.891480901 0.93790250 0.96864207 1.00  1286
mu.phi[5]       0.82981687 0.037687931 0.747696715 0.83315387 0.89483860 1.00  1129
mu.r            0.96865223 0.015273115 0.932316885 0.97090263 0.99124011 1.00  5306
sigma.M         0.08985360 0.081349826 0.008950123 0.06646636 0.31760593 1.47    47
sigma.R         0.17268283 0.174506600 0.010480018 0.11487291 0.66974917 1.57    31
sigma.phi       0.95768319 0.147057185 0.691900679 0.94718865 1.27014481 1.01   842
