Information and diagnostics 
=========================== 
Total iter:                       5000 
Thin:                             1 
Num chains:                       3 
Max Rhat:                         1.72 
Min n.eff:                        0 


Model summary 
============= 
                       mean          sd         2.5%         50%       97.5% Rhat n.eff
B.veg[1]        -0.25755782 0.440100969 -1.101817108 -0.26116188  0.61525460 1.00  1868
B.veg[2]        -0.28688377 0.375541629 -1.003976780 -0.29749606  0.48357657 1.01  1109
B.veg[3]        -0.16904299 0.393227316 -0.889825544 -0.19107489  0.65247436 1.00   768
B.veg[4]        -0.24817410 0.374296524 -0.943746784 -0.26666776  0.51703864 1.01   876
B.veg[5]        -0.48450982 0.306749802 -1.081782798 -0.48811812  0.15089272 1.01   438
mean.M[1, 1]     0.22073258 0.049160481  0.122987167  0.22105344  0.32294883 1.02  2491
mean.M[2, 1]     0.07905999 0.022100817  0.040220296  0.07764851  0.12864337 1.02  2263
mean.M[3, 1]     0.02348708 0.008256129  0.010471109  0.02243816  0.04280142 1.01  2655
mean.M[4, 1]     0.01505513 0.007016994  0.005049344  0.01386553  0.03198330 1.00  2800
mean.M[5, 1]     0.03531738 0.012525620  0.015867392  0.03378411  0.06484546 1.00  2573
mean.M[1, 2]     0.21069539 0.046139847  0.115441523  0.21205697  0.29837503 1.02  1099
mean.M[2, 2]     0.09671052 0.029711928  0.056482255  0.09036987  0.17168035 1.06  1129
mean.M[3, 2]     0.02448584 0.009055643  0.011307612  0.02320968  0.04557702 1.02  2172
mean.M[4, 2]     0.01504202 0.007010821  0.005048662  0.01385873  0.03160784 1.00  2883
mean.M[5, 2]     0.03562344 0.012762736  0.015430246  0.03396892  0.06554980 1.00  2386
mean.M[1, 3]     0.23742680 0.047995360  0.153764001  0.23328894  0.34586626 1.01  2892
mean.M[2, 3]     0.08054663 0.020661376  0.044960652  0.07875446  0.12827646 1.01  2690
mean.M[3, 3]     0.02280409 0.007750322  0.010357705  0.02199652  0.04018853 1.00  2811
mean.M[4, 3]     0.01503992 0.007046302  0.005093950  0.01391002  0.03164178 1.00  2814
mean.M[5, 3]     0.03732973 0.013097344  0.017582653  0.03549569  0.06852746 1.01  2836
mean.M[1, 4]     0.26922505 0.061114192  0.179091292  0.25767736  0.41881166 1.06   640
mean.M[2, 4]     0.07534983 0.019869689  0.038284321  0.07449844  0.11788740 1.01  2371
mean.M[3, 4]     0.02259825 0.007659679  0.010038635  0.02172595  0.04018959 1.01  2515
mean.M[4, 4]     0.01487306 0.006706406  0.005020990  0.01375719  0.03071937 1.00  3142
mean.M[5, 4]     0.03545770 0.012566278  0.015513649  0.03401738  0.06473505 1.01  2539
mean.M[1, 5]     0.26000392 0.055381147  0.176153415  0.25170782  0.39579690 1.05  1256
mean.M[2, 5]     0.08603761 0.022402215  0.048940074  0.08349271  0.13943786 1.01  2535
mean.M[3, 5]     0.02322312 0.007669305  0.010784542  0.02238492  0.04094775 1.01  2780
mean.M[4, 5]     0.01502117 0.006945631  0.004971821  0.01394222  0.03101949 1.00  2583
mean.M[5, 5]     0.03494057 0.012241461  0.015302493  0.03350724  0.06372451 1.01  2763
mean.M[1, 6]     0.23085811 0.052201432  0.132068897  0.22843227  0.34311084 1.02  2495
mean.M[2, 6]     0.07705297 0.020201387  0.040499982  0.07593430  0.12069566 1.01  2459
mean.M[3, 6]     0.02263824 0.007253989  0.010878165  0.02183808  0.03891027 1.00  2864
mean.M[4, 6]     0.01611151 0.007762816  0.005413534  0.01474488  0.03440214 1.00  2482
mean.M[5, 6]     0.03584075 0.013276789  0.015199472  0.03407526  0.06733342 1.00  2391
mean.M[1, 7]     0.27663653 0.066139762  0.181224628  0.26280206  0.44011651 1.05   429
mean.M[2, 7]     0.07707807 0.020980644  0.038368178  0.07586395  0.12293333 1.01  2530
mean.M[3, 7]     0.02369369 0.007669555  0.011701459  0.02279135  0.04190953 1.01  3062
mean.M[4, 7]     0.01490515 0.006728812  0.005068994  0.01380593  0.03090426 1.00  2928
mean.M[5, 7]     0.03586225 0.013534946  0.015929927  0.03393384  0.06843652 1.01  2301
mean.M[1, 8]     0.24584298 0.055158513  0.152641534  0.23972997  0.37237690 1.02  1887
mean.M[2, 8]     0.08547904 0.024182995  0.047037922  0.08270092  0.14463943 1.01  2432
mean.M[3, 8]     0.02269521 0.007349440  0.010780009  0.02193098  0.03968783 1.01  3095
mean.M[4, 8]     0.01685782 0.007933794  0.005995139  0.01529840  0.03616161 1.01  2470
mean.M[5, 8]     0.03573364 0.013438079  0.015934513  0.03372624  0.06805472 1.00  2469
mean.M[1, 9]     0.24548941 0.043132413  0.170760390  0.24162486  0.34144211 1.00  3063
mean.M[2, 9]     0.08010330 0.022184819  0.042125859  0.07828773  0.13113999 1.01  2421
mean.M[3, 9]     0.02654735 0.009794573  0.012924496  0.02479441  0.05081077 1.04  1691
mean.M[4, 9]     0.01542496 0.006815416  0.005319444  0.01426049  0.03182889 1.00  3191
mean.M[5, 9]     0.03801372 0.014331166  0.017380228  0.03573454  0.07313533 1.02  2261
mean.M[1, 10]    0.22582403 0.047258819  0.133446505  0.22496828  0.32559899 1.01  2785
mean.M[2, 10]    0.07674437 0.019319348  0.040758047  0.07601123  0.11819811 1.01  2552
mean.M[3, 10]    0.02210638 0.007284019  0.009999738  0.02148058  0.03841523 1.01  2738
mean.M[4, 10]    0.01455519 0.006494303  0.005063499  0.01350942  0.02954305 1.00  3064
mean.M[5, 10]    0.03722687 0.013172726  0.017104030  0.03527602  0.06947065 1.01  2888
mean.M[1, 11]    0.20738099 0.045551860  0.113568173  0.20964333  0.29207062 1.02  1057
mean.M[2, 11]    0.07493685 0.018620659  0.039853201  0.07430734  0.11429374 1.01  2521
mean.M[3, 11]    0.02246905 0.007547711  0.009945724  0.02183364  0.03935862 1.00  2605
mean.M[4, 11]    0.01536510 0.006826398  0.005330610  0.01415165  0.03179635 1.00  2873
mean.M[5, 11]    0.03444168 0.011771122  0.015238648  0.03336141  0.06113431 1.01  2576
mean.M[1, 12]    0.26039722 0.051794781  0.178818304  0.25241926  0.38407976 1.04  1144
mean.M[2, 12]    0.09386775 0.026340242  0.056095791  0.08929619  0.16047661 1.03  1304
mean.M[3, 12]    0.02277363 0.007329802  0.010547421  0.02209954  0.03901333 1.00  2784
mean.M[4, 12]    0.01456396 0.006422651  0.005033413  0.01358261  0.02989155 1.00  2949
mean.M[5, 12]    0.03702124 0.012523636  0.017502174  0.03538503  0.06663504 1.01  2527
mean.M[1, 13]    0.22988688 0.043151316  0.148346094  0.22823916  0.32142507 1.01  2881
mean.M[2, 13]    0.09305554 0.025259681  0.055593224  0.08849693  0.15418147 1.03  1245
mean.M[3, 13]    0.02386695 0.007662089  0.011864315  0.02288068  0.04176972 1.01  2814
mean.M[4, 13]    0.01577870 0.007182919  0.005447718  0.01444229  0.03333880 1.01  3195
mean.M[5, 13]    0.04047243 0.013638720  0.020250793  0.03819788  0.07432804 1.01  2192
mean.M[1, 14]    0.22354175 0.043206147  0.138168514  0.22356285  0.31206337 1.02  3128
mean.M[2, 14]    0.07268749 0.018428694  0.037042784  0.07246479  0.11018515 1.02  2098
mean.M[3, 14]    0.02386360 0.007688000  0.011638315  0.02295755  0.04175653 1.01  2917
mean.M[4, 14]    0.01478163 0.006666084  0.005138571  0.01373781  0.03029602 1.00  2926
mean.M[5, 14]    0.03423030 0.011361978  0.015843193  0.03285783  0.06006525 1.01  2944
mean.M[1, 15]    0.21808251 0.040423559  0.139278006  0.21873283  0.29833378 1.01  2389
mean.M[2, 15]    0.07910854 0.019835804  0.043635218  0.07757120  0.12396444 1.02  2950
mean.M[3, 15]    0.02321647 0.007389345  0.011226971  0.02242418  0.03997260 1.00  3092
mean.M[4, 15]    0.01483372 0.006690031  0.004977717  0.01371274  0.03099831 1.00  2885
mean.M[5, 15]    0.03522551 0.011577255  0.016393091  0.03390037  0.06171212 1.01  2952
mean.M[1, 16]    0.19230402 0.046936135  0.096839053  0.19560465  0.27559406 1.07   354
mean.M[2, 16]    0.08954099 0.021660078  0.055086995  0.08656283  0.14067678 1.02  2693
mean.M[3, 16]    0.02379620 0.008031311  0.011330412  0.02287722  0.04230451 1.01  2588
mean.M[4, 16]    0.01443052 0.006398100  0.005073645  0.01341922  0.02938511 1.00  2891
mean.M[5, 16]    0.03725656 0.012009477  0.018426079  0.03567328  0.06579587 1.01  2734
mean.M[1, 17]    0.23134133 0.051288618  0.134544675  0.22858515  0.34430153 1.01  2449
mean.M[2, 17]    0.07756082 0.019936440  0.041092361  0.07668012  0.12131159 1.01  2506
mean.M[3, 17]    0.02278233 0.007763312  0.010337245  0.02181314  0.04080090 1.01  2263
mean.M[4, 17]    0.01442528 0.006352109  0.005012706  0.01351281  0.02921575 1.00  2984
mean.M[5, 17]    0.03235360 0.010569625  0.014465681  0.03135032  0.05572691 1.00  2391
mean.Pi[1]       0.88946914 0.098946232  0.631925712  0.91764740  0.99653947 1.00 15000
mean.Pi[2]       0.97634164 0.023108115  0.915411339  0.98319083  0.99934701 1.00  1225
mean.Pi[3]       0.98201868 0.017629320  0.933674924  0.98742197  0.99962749 1.00  1291
mean.Pi[4]       0.98622899 0.013506889  0.950749310  0.99014909  0.99959552 1.01  1183
mean.Pi[5]       0.97674563 0.016709390  0.933761831  0.98076661  0.99736696 1.00  1852
mean.Pi[6]       0.98947550 0.010046495  0.962873390  0.99258151  0.99967428 1.00  1347
mean.Pi[7]       0.98705492 0.012553693  0.953471660  0.99081800  0.99965533 1.01  1145
mean.Pi[8]       0.98890724 0.010658452  0.960737550  0.99199023  0.99970061 1.01  1353
mean.Pi[9]       0.98590713 0.014027789  0.946935870  0.99018013  0.99962591 1.00  1092
mean.Pi[10]      0.98765777 0.012201451  0.955329634  0.99152309  0.99963190 1.02  1185
mean.Pi[11]      0.98925754 0.010678610  0.960095242  0.99264173  0.99969369 1.01  1149
mean.Pi[12]      0.99063001 0.009284813  0.965590515  0.99354468  0.99977351 1.01  1272
mean.Pi[13]      0.98985078 0.009741415  0.963924686  0.99269754  0.99967091 1.00  1262
mean.Pi[14]      0.98997904 0.009905075  0.963944520  0.99293153  0.99968459 1.01  1218
mean.Pi[15]      0.98522383 0.012594966  0.952656741  0.98849588  0.99944308 1.01  1468
mean.Pi[16]      0.98372163 0.011525574  0.954436733  0.98621773  0.99829404 1.01  1967
mean.Pi[17]      0.98214014 0.013221816  0.950571967  0.98526646  0.99805957 1.01  1326
mean.Pi[18]      0.91706596 0.029417911  0.854105054  0.91918073  0.96975298 1.01  1814
mean.Po[1]       0.49975764 0.166507782  0.186000451  0.49809470  0.81195299 1.00 15061
mean.Po[2]       0.50789231 0.166672143  0.189256786  0.50881873  0.82102681 1.00  3389
mean.Po[3]       0.35682081 0.124367347  0.141067656  0.34816902  0.62118851 1.00  3451
mean.Po[4]       0.23921101 0.089830600  0.085775378  0.23067495  0.43833625 1.00  3045
mean.Po[5]       0.17759460 0.070462546  0.065483690  0.16946987  0.33144037 1.01  3224
mean.Po[6]       0.13227707 0.054393825  0.045652838  0.12439485  0.25354373 1.00  3079
mean.Po[7]       0.09902187 0.046157593  0.026977288  0.09264948  0.20593633 1.00  2714
mean.Po[8]       0.10094953 0.041657591  0.034105125  0.09586049  0.19726946 1.00  3030
mean.Po[9]       0.08932328 0.037557551  0.030031202  0.08447789  0.17781635 1.00  2925
mean.Po[10]      0.09565618 0.034463451  0.039859079  0.09198849  0.17158242 1.00  2941
mean.Po[11]      0.07792343 0.030432286  0.029976604  0.07407140  0.14565759 1.00  2816
mean.Po[12]      0.08673957 0.030797654  0.035967603  0.08357437  0.15494434 1.00  2978
mean.Po[13]      0.04123502 0.020024643  0.011730501  0.03798475  0.08842102 1.00  2825
mean.Po[14]      0.03523867 0.017581526  0.009486196  0.03232951  0.07760823 1.00  2510
mean.Po[15]      0.03254432 0.015682105  0.009197548  0.02999501  0.06986690 1.00  2759
mean.Po[16]      0.02915914 0.013953675  0.008278533  0.02712255  0.06178249 1.00  3103
mean.Po[17]      0.03377001 0.014850911  0.011097536  0.03179728  0.06860233 1.00  2765
mean.Po[18]      0.03246977 0.014518598  0.010525236  0.03042364  0.06675516 1.00  2684
mean.R[1, 1]     0.09158897 0.085891980  0.002122263  0.06650222  0.31910351 1.00  1458
mean.R[2, 1]     0.33613183 0.104149250  0.150952943  0.32935997  0.55339088 1.00  3297
mean.R[3, 1]     0.29599158 0.090226026  0.136007575  0.29061924  0.49187588 1.00  3240
mean.R[4, 1]     0.26973158 0.071894160  0.142842841  0.26465675  0.42518659 1.00  3101
mean.R[5, 1]     0.12567472 0.041267193  0.058005475  0.12154661  0.21698482 1.00  3077
mean.R[1, 2]     0.09144635 0.085911122  0.002114996  0.06587628  0.31912437 1.00  1501
mean.R[2, 2]     0.33632289 0.104310217  0.149362585  0.33022495  0.55137918 1.00  3272
mean.R[3, 2]     0.29632099 0.090969674  0.134919586  0.28940971  0.49049296 1.00  3290
mean.R[4, 2]     0.27009126 0.072300503  0.143035767  0.26496789  0.42493096 1.00  3038
mean.R[5, 2]     0.12352582 0.040237308  0.056750468  0.11954317  0.21282277 1.00  3168
mean.R[1, 3]     0.09159892 0.086203240  0.002068298  0.06561610  0.32007157 1.00  1492
mean.R[2, 3]     0.33852777 0.104418437  0.150592708  0.33277502  0.55441278 1.00  3217
mean.R[3, 3]     0.29607737 0.090817669  0.133543354  0.28976309  0.49162984 1.00  3245
mean.R[4, 3]     0.26769304 0.071293418  0.141502798  0.26289140  0.41709529 1.01  3010
mean.R[5, 3]     0.12401978 0.040506430  0.057567518  0.12023148  0.21199377 1.00  3177
mean.R[1, 4]     0.09176869 0.086429334  0.002055914  0.06609489  0.32067934 1.00  1473
mean.R[2, 4]     0.33685837 0.103948624  0.149136026  0.33136028  0.54896665 1.00  3313
mean.R[3, 4]     0.29386418 0.090434293  0.134912531  0.28695314  0.48938069 1.00  3227
mean.R[4, 4]     0.27023933 0.072191418  0.142575206  0.26570895  0.42174889 1.01  3092
mean.R[5, 4]     0.12398604 0.040687114  0.056849600  0.11994467  0.21288999 1.00  3083
mean.R[1, 5]     0.09136534 0.085910141  0.002057619  0.06541410  0.31789633 1.00  1483
mean.R[2, 5]     0.33652594 0.104281413  0.147909749  0.33265309  0.55336648 1.00  3259
mean.R[3, 5]     0.30143131 0.092299007  0.137323710  0.29494691  0.50139224 1.01  3124
mean.R[4, 5]     0.27022287 0.071550034  0.145053807  0.26461253  0.42160746 1.01  3119
mean.R[5, 5]     0.12384896 0.041039496  0.056533295  0.11980110  0.21559581 1.00  2970
mean.R[1, 6]     0.09135573 0.085827148  0.002097382  0.06569107  0.31892413 1.00  1473
mean.R[2, 6]     0.33594686 0.104430737  0.149155150  0.32989833  0.55179086 1.00  3465
mean.R[3, 6]     0.29594441 0.090579722  0.136580063  0.29011631  0.48882074 1.00  3232
mean.R[4, 6]     0.26555074 0.070204245  0.140727118  0.26130378  0.41230226 1.01  3161
mean.R[5, 6]     0.12383735 0.040239732  0.057680386  0.11932137  0.21391239 1.00  3199
mean.R[1, 7]     0.09146917 0.086224358  0.002106715  0.06530996  0.31770640 1.00  1465
mean.R[2, 7]     0.33540345 0.103508952  0.149538103  0.32973163  0.54887961 1.00  3319
mean.R[3, 7]     0.29414280 0.090612733  0.134278072  0.28754365  0.48983882 1.00  3146
mean.R[4, 7]     0.26960907 0.072751672  0.140896760  0.26521979  0.42443801 1.01  3055
mean.R[5, 7]     0.12630402 0.041846652  0.059121136  0.12133833  0.21931851 1.01  3082
mean.R[1, 8]     0.09150104 0.086301306  0.002138871  0.06534698  0.31863223 1.00  1464
mean.R[2, 8]     0.33640005 0.104340408  0.148495747  0.32998392  0.55086214 1.00  3253
mean.R[3, 8]     0.29821971 0.091039796  0.137574846  0.29161442  0.49316129 1.00  3132
mean.R[4, 8]     0.27175916 0.071315125  0.147289946  0.26633526  0.42380954 1.01  3218
mean.R[5, 8]     0.12475596 0.040457122  0.057915525  0.12101143  0.21365855 1.00  3115
mean.R[1, 9]     0.09167154 0.086110331  0.002076075  0.06609220  0.32118923 1.00  1464
mean.R[2, 9]     0.33665974 0.104605606  0.149187139  0.33075012  0.55180611 1.00  3251
mean.R[3, 9]     0.29863874 0.091466252  0.137268557  0.29252307  0.49623259 1.00  3172
mean.R[4, 9]     0.27172440 0.071172548  0.147526397  0.26662805  0.42245978 1.01  3210
mean.R[5, 9]     0.12356165 0.040218217  0.056802682  0.11941247  0.21175654 1.00  3249
mean.R[1, 10]    0.09155315 0.086081812  0.002036926  0.06586905  0.31774571 1.00  1474
mean.R[2, 10]    0.33720473 0.103772561  0.150213740  0.33100179  0.55193693 1.00  3309
mean.R[3, 10]    0.29571753 0.090855373  0.134601540  0.28947625  0.49081513 1.00  3197
mean.R[4, 10]    0.27336784 0.071856703  0.148868140  0.26816087  0.42492793 1.01  3134
mean.R[5, 10]    0.12445290 0.041152016  0.058417246  0.12053625  0.21405326 1.00  3131
mean.R[1, 11]    0.09183644 0.086351236  0.001985070  0.06553231  0.31678474 1.00  1490
mean.R[2, 11]    0.33597336 0.103904060  0.149290048  0.33029316  0.55141087 1.00  3239
mean.R[3, 11]    0.29600456 0.091406888  0.134540329  0.28919323  0.49373926 1.00  3102
mean.R[4, 11]    0.26986313 0.072117122  0.143000218  0.26513859  0.42259278 1.01  3072
mean.R[5, 11]    0.12467325 0.041135330  0.057515261  0.12025104  0.21588688 1.00  3070
mean.R[1, 12]    0.09138236 0.085954053  0.002103136  0.06555347  0.31909420 1.00  1486
mean.R[2, 12]    0.33625638 0.104124289  0.147411256  0.32994228  0.55207833 1.00  3273
mean.R[3, 12]    0.29492108 0.090612847  0.132590619  0.28973059  0.48890099 1.00  3244
mean.R[4, 12]    0.26971595 0.071989715  0.144241986  0.26436414  0.42068068 1.01  3027
mean.R[5, 12]    0.12381118 0.040224835  0.057344608  0.11967307  0.21297357 1.00  3140
mean.R[1, 13]    0.09176006 0.086421504  0.002033402  0.06552022  0.32257496 1.00  1492
mean.R[2, 13]    0.33800610 0.103971312  0.150923967  0.33293611  0.55321677 1.00  3283
mean.R[3, 13]    0.29587090 0.091424033  0.134317849  0.28947638  0.49314518 1.00  3269
mean.R[4, 13]    0.27014281 0.071537168  0.143094127  0.26551041  0.42059853 1.00  3120
mean.R[5, 13]    0.12906601 0.043531623  0.059795916  0.12447377  0.22721032 1.02  2645
mean.R[1, 14]    0.09168777 0.086186577  0.002027352  0.06579288  0.31756120 1.00  1480
mean.R[2, 14]    0.33441403 0.103713773  0.148743198  0.32865013  0.54872747 1.00  3281
mean.R[3, 14]    0.29609140 0.090495220  0.133975976  0.29009940  0.48972089 1.00  3299
mean.R[4, 14]    0.27139942 0.072033468  0.143955914  0.26657153  0.42621064 1.01  3101
mean.R[5, 14]    0.12490498 0.040692653  0.058408220  0.12107295  0.21560954 1.00  3047
mean.R[1, 15]    0.09148179 0.086122546  0.002063822  0.06528527  0.31975528 1.00  1467
mean.R[2, 15]    0.33831565 0.104368695  0.149879279  0.33326212  0.55407030 1.00  3257
mean.R[3, 15]    0.29481135 0.090555808  0.133708895  0.28854051  0.48912466 1.00  3323
mean.R[4, 15]    0.26904467 0.071595006  0.144293617  0.26413455  0.41881706 1.00  3091
mean.R[5, 15]    0.12462457 0.041360657  0.056926937  0.12016298  0.21730787 1.00  3121
mean.R[1, 16]    0.09172594 0.086146452  0.002065296  0.06573301  0.31866702 1.00  1476
mean.R[2, 16]    0.33823477 0.104281785  0.151270791  0.33324408  0.55236139 1.00  3475
mean.R[3, 16]    0.29582822 0.090717702  0.132775989  0.28984401  0.49046362 1.00  3289
mean.R[4, 16]    0.26751645 0.071616615  0.141539295  0.26271503  0.41537392 1.01  2997
mean.R[5, 16]    0.12499867 0.041304559  0.057786078  0.12042836  0.21740281 1.00  3087
mean.R[1, 17]    0.09164084 0.086108423  0.002118147  0.06582261  0.31909428 1.00  1472
mean.R[2, 17]    0.33728837 0.104652554  0.149594145  0.33091541  0.55334710 1.00  3281
mean.R[3, 17]    0.29619325 0.091185753  0.133955205  0.29046085  0.49486489 1.00  3233
mean.R[4, 17]    0.26920963 0.071944560  0.142818717  0.26351986  0.42248027 1.01  3015
mean.R[5, 17]    0.12486100 0.040893349  0.057891078  0.12032284  0.21611370 1.00  3128
mean.phi[1, 1]   0.97534797 0.030208550  0.892632253  0.98538083  0.99878594 1.00  3449
mean.phi[2, 1]   0.97160394 0.031432210  0.884940711  0.98147203  0.99782098 1.01  3329
mean.phi[3, 1]   0.96783416 0.037282075  0.864499201  0.97994126  0.99789909 1.00  3393
mean.phi[4, 1]   0.93827767 0.057039070  0.781968035  0.95538176  0.99425696 1.01  3418
mean.phi[5, 1]   0.89065815 0.067849287  0.718131842  0.90422771  0.97934176 1.00  4299
mean.phi[1, 2]   0.97133593 0.030048131  0.885868552  0.98110832  0.99836757 1.00  4190
mean.phi[2, 2]   0.96216884 0.035674581  0.862483320  0.97318262  0.99724550 1.00  3131
mean.phi[3, 2]   0.96625432 0.033608585  0.871838590  0.97678257  0.99799120 1.00  3158
mean.phi[4, 2]   0.92043606 0.068137862  0.739928123  0.93992875  0.99363194 1.01  2638
mean.phi[5, 2]   0.61513519 0.112847060  0.383906843  0.61967040  0.81944405 1.00  3789
mean.phi[1, 3]   0.94732813 0.045901143  0.824772893  0.96007661  0.99605636 1.00  4946
mean.phi[2, 3]   0.95229584 0.034713185  0.864158614  0.96045574  0.99420606 1.00  4218
mean.phi[3, 3]   0.97289486 0.025637682  0.904134535  0.98069891  0.99857306 1.00  2419
mean.phi[4, 3]   0.80856258 0.115986860  0.524597117  0.83005228  0.96892511 1.00  3567
mean.phi[5, 3]   0.68957564 0.110403601  0.455177163  0.69834120  0.87807724 1.00  3931
mean.phi[1, 4]   0.96870594 0.032946395  0.876998782  0.97934643  0.99830772 1.00  3712
mean.phi[2, 4]   0.94792040 0.031702106  0.869579583  0.95441411  0.98969142 1.00  4538
mean.phi[3, 4]   0.93073313 0.038889242  0.836305732  0.93814932  0.98457027 1.00  4043
mean.phi[4, 4]   0.94000376 0.048346916  0.810791836  0.95244955  0.99454150 1.01  3151
mean.phi[5, 4]   0.68922724 0.110945413  0.448020974  0.69766222  0.87937455 1.00  3438
mean.phi[1, 5]   0.98115354 0.019697394  0.925401853  0.98765750  0.99863836 1.00  3421
mean.phi[2, 5]   0.98034904 0.018450064  0.929289419  0.98599236  0.99804030 1.00  3288
mean.phi[3, 5]   0.95515139 0.023707074  0.897208751  0.95948505  0.98827447 1.00  3970
mean.phi[4, 5]   0.96058583 0.031065451  0.881024498  0.96913015  0.99520336 1.00  3139
mean.phi[5, 5]   0.82189017 0.081948523  0.633286772  0.83541990  0.94542606 1.00  3455
mean.phi[1, 6]   0.97139202 0.039936878  0.863914999  0.98427011  0.99845155 1.02  2929
mean.phi[2, 6]   0.98080542 0.016774892  0.935100461  0.98560427  0.99794162 1.00  3666
mean.phi[3, 6]   0.98732057 0.010040273  0.960381434  0.99001782  0.99833636 1.00  3292
mean.phi[4, 6]   0.72575865 0.093768154  0.518520606  0.73344656  0.88115296 1.00  3514
mean.phi[5, 6]   0.44421936 0.113663985  0.229448878  0.44269459  0.66894768 1.00  2353
mean.phi[1, 7]   0.98074900 0.022326324  0.919027907  0.98792970  0.99890308 1.00  3679
mean.phi[2, 7]   0.95964986 0.034826721  0.863318506  0.97007484  0.99546451 1.00  3370
mean.phi[3, 7]   0.97367535 0.015659793  0.934714704  0.97709428  0.99406281 1.00  4346
mean.phi[4, 7]   0.96701698 0.026333829  0.897387312  0.97412729  0.99591730 1.00  3076
mean.phi[5, 7]   0.85324607 0.095116445  0.607093079  0.87490685  0.97418710 1.00  2941
mean.phi[1, 8]   0.97581912 0.030927930  0.895314290  0.98538461  0.99857885 1.02  3200
mean.phi[2, 8]   0.97761524 0.021680439  0.917321805  0.98438759  0.99786667 1.01  3494
mean.phi[3, 8]   0.95312214 0.022323343  0.899387621  0.95664367  0.98592556 1.00  4093
mean.phi[4, 8]   0.82882429 0.058979045  0.699600498  0.83469163  0.92483222 1.00  3843
mean.phi[5, 8]   0.56139423 0.133127570  0.291410841  0.56588478  0.80257692 1.00  2636
mean.phi[1, 9]   0.98604625 0.013421775  0.949442951  0.98993936  0.99883744 1.00  3428
mean.phi[2, 9]   0.97851696 0.021193270  0.923877033  0.98465856  0.99805133 1.00  3353
mean.phi[3, 9]   0.94888273 0.027743656  0.882533871  0.95397896  0.98713779 1.00  3436
mean.phi[4, 9]   0.87513425 0.043650755  0.775772951  0.88016564  0.94533025 1.00  3819
mean.phi[5, 9]   0.57977378 0.119578884  0.338864429  0.58318021  0.79782079 1.00  2442
mean.phi[1, 10]  0.96285210 0.035164123  0.865549448  0.97391840  0.99660703 1.00  3202
mean.phi[2, 10]  0.98476621 0.012578352  0.950405263  0.98836908  0.99833157 1.00  3320
mean.phi[3, 10]  0.97423829 0.018993577  0.926324677  0.97894496  0.99578011 1.01  3640
mean.phi[4, 10]  0.91203755 0.035531315  0.828440176  0.91677315  0.96703376 1.00  4071
mean.phi[5, 10]  0.93328922 0.047114320  0.812942582  0.94476118  0.99021409 1.00  3131
mean.phi[1, 11]  0.98222513 0.018490381  0.928725894  0.98825969  0.99856456 1.00  3717
mean.phi[2, 11]  0.95425156 0.024508241  0.895299934  0.95875130  0.98838326 1.00  3916
mean.phi[3, 11]  0.98286819 0.014715865  0.944184445  0.98699315  0.99816789 1.02  3313
mean.phi[4, 11]  0.97630638 0.016977942  0.932593285  0.98032137  0.99658151 1.00  3028
mean.phi[5, 11]  0.92887058 0.040423884  0.829625239  0.93657676  0.98408002 1.00  3518
mean.phi[1, 12]  0.98363268 0.016496029  0.939466100  0.98876514  0.99869229 1.00  3088
mean.phi[2, 12]  0.98116078 0.016406105  0.938175062  0.98599976  0.99801986 1.00  3549
mean.phi[3, 12]  0.97896539 0.014357294  0.942309580  0.98245711  0.99633683 1.01  3646
mean.phi[4, 12]  0.95904025 0.025739376  0.894193734  0.96431332  0.99257220 1.00  3102
mean.phi[5, 12]  0.86791693 0.045703704  0.765455619  0.87236196  0.94336215 1.00  3548
mean.phi[1, 13]  0.98349645 0.015077890  0.944082839  0.98792575  0.99841520 1.01  3680
mean.phi[2, 13]  0.97204065 0.019109227  0.922244929  0.97686135  0.99524682 1.00  3683
mean.phi[3, 13]  0.98701641 0.010192954  0.959775184  0.98983920  0.99826980 1.00  3401
mean.phi[4, 13]  0.96521276 0.025604026  0.899539648  0.97158357  0.99549364 1.01  3394
mean.phi[5, 13]  0.92599151 0.031641351  0.852033421  0.93018018  0.97493679 1.00  3546
mean.phi[1, 14]  0.98278662 0.016727880  0.937879830  0.98786225  0.99853374 1.00  4007
mean.phi[2, 14]  0.96517948 0.021043693  0.912361207  0.96958560  0.99260491 1.00  3733
mean.phi[3, 14]  0.98755373 0.009511957  0.962009719  0.99020580  0.99832739 1.01  3034
mean.phi[4, 14]  0.95033683 0.032454541  0.867477435  0.95790506  0.99088773 1.00  3283
mean.phi[5, 14]  0.85311609 0.042436523  0.759569572  0.85671427  0.92526298 1.00  3836
mean.phi[1, 15]  0.98613671 0.012855634  0.950770474  0.98997275  0.99888286 1.00  3705
mean.phi[2, 15]  0.97629040 0.016849454  0.932796599  0.98039065  0.99642386 1.01  3737
mean.phi[3, 15]  0.98298605 0.011279645  0.953953253  0.98565725  0.99679392 1.01  3609
mean.phi[4, 15]  0.96258332 0.029463419  0.883801875  0.97034309  0.99552698 1.00  3399
mean.phi[5, 15]  0.95077571 0.024230291  0.893120405  0.95455570  0.98593778 1.01  3135
mean.phi[1, 16]  0.98363820 0.015972513  0.941211392  0.98832140  0.99864137 1.00  3867
mean.phi[2, 16]  0.97844500 0.014442973  0.942138563  0.98169897  0.99641372 1.00  3792
mean.phi[3, 16]  0.98814947 0.008968772  0.964600675  0.99053203  0.99830339 1.00  3412
mean.phi[4, 16]  0.95654367 0.022916493  0.901036791  0.96067646  0.98861657 1.00  3863
mean.phi[5, 16]  0.97098912 0.018001838  0.926489397  0.97466601  0.99471181 1.00  2930
mean.phi[1, 17]  0.97922526 0.027187593  0.904506322  0.98837455  0.99927963 1.01  3741
mean.phi[2, 17]  0.98776846 0.011163831  0.959061688  0.99091683  0.99897190 1.00  3244
mean.phi[3, 17]  0.98940778 0.008744696  0.966642037  0.99175322  0.99888749 1.00  3474
mean.phi[4, 17]  0.97915502 0.016254854  0.936815067  0.98331957  0.99774179 1.00  3512
mean.phi[5, 17]  0.97691850 0.015673121  0.937157141  0.98033874  0.99662346 1.00  3221
mean.rO[1]       0.96048322 0.019574832  0.913971490  0.96347013  0.98953937 1.00  2925
mean.rO[2]       0.96057608 0.019286362  0.915062674  0.96335570  0.98965844 1.00  2774
mean.rO[3]       0.96059109 0.019272464  0.915146799  0.96347907  0.98937148 1.00  2748
mean.rO[4]       0.96101607 0.019087009  0.915351245  0.96378287  0.98953284 1.00  2633
mean.rO[5]       0.96064118 0.019219438  0.914954265  0.96345979  0.98949288 1.00  2699
mean.rO[6]       0.96068175 0.019297205  0.915487387  0.96360879  0.98971401 1.00  2708
mean.rO[7]       0.96088503 0.018997376  0.916172949  0.96369016  0.98940050 1.00  2760
mean.rO[8]       0.96073113 0.019514107  0.914976365  0.96358489  0.98975883 1.00  2499
mean.rO[9]       0.96057348 0.019401217  0.915062440  0.96346971  0.98958195 1.00  2646
mean.rO[10]      0.96128046 0.018840346  0.916417487  0.96407903  0.98960598 1.00  2680
mean.rO[11]      0.96054557 0.019465255  0.915079323  0.96349826  0.98953266 1.00  2392
mean.rO[12]      0.96076380 0.019184277  0.915233277  0.96361036  0.98957966 1.00  2734
mean.rO[13]      0.96071153 0.019168232  0.915369061  0.96368790  0.98971916 1.00  2737
mean.rO[14]      0.96077873 0.019319065  0.914613858  0.96373079  0.98965571 1.00  2718
mean.rO[15]      0.96088555 0.019151293  0.915457104  0.96379387  0.98973164 1.00  2741
mean.rO[16]      0.96056667 0.019384087  0.914790225  0.96353807  0.98954864 1.00  2720
mean.rO[17]      0.96049195 0.019658463  0.915044548  0.96342051  0.98944779 1.00  2649
mean.rO[18]      0.96031936 0.019855943  0.912648045  0.96349641  0.98974911 1.00  2343
mean.rR[1]       0.89427332 0.051397680  0.774418440  0.90225656  0.96966076 1.00  2909
mean.rR[2]       0.89470137 0.050741424  0.775597741  0.90263920  0.97000720 1.00  2691
mean.rR[3]       0.89462820 0.050959488  0.774969337  0.90244470  0.96991500 1.00  2542
mean.rR[4]       0.89495324 0.050943116  0.773945085  0.90315067  0.96977184 1.00  2604
mean.rR[5]       0.89461836 0.050446232  0.776070874  0.90260840  0.96965501 1.00  2722
mean.rR[6]       0.89525851 0.050176471  0.778440286  0.90254757  0.97025685 1.00  2656
mean.rR[7]       0.89488580 0.050578739  0.778107250  0.90252492  0.97036493 1.00  2708
mean.rR[8]       0.89520268 0.051161640  0.776531288  0.90308339  0.97067587 1.00  2583
mean.rR[9]       0.89543999 0.049920670  0.781225457  0.90300648  0.96978273 1.00  2806
mean.rR[10]      0.89564020 0.050275861  0.779002823  0.90339804  0.97045023 1.00  2717
mean.rR[11]      0.89506603 0.050347276  0.780221121  0.90255507  0.96954730 1.00  2665
mean.rR[12]      0.89493791 0.050140298  0.778619328  0.90254430  0.96951277 1.00  2728
mean.rR[13]      0.89435794 0.050959740  0.776207906  0.90227943  0.96966688 1.00  2719
mean.rR[14]      0.89534194 0.050429601  0.776897251  0.90355622  0.96994755 1.00  2683
mean.rR[15]      0.89525206 0.050162702  0.779375601  0.90283453  0.96990222 1.00  2722
mean.rR[16]      0.89489063 0.050903491  0.774218461  0.90266429  0.96965008 1.00  2756
mean.rR[17]      0.89456226 0.050842404  0.776096295  0.90202523  0.96984940 1.00  2735
mean.rR[18]      0.89326085 0.052959595  0.771067705  0.90215917  0.96944467 1.00  2316
mu.M[1]          0.23045141 0.027539209  0.178905980  0.22999267  0.28653546 1.00  2420
mu.M[2]          0.08039241 0.013021100  0.055995732  0.07960196  0.10712675 1.00  2107
mu.M[3]          0.02278043 0.005429189  0.013139380  0.02241697  0.03449764 1.00  2370
mu.M[4]          0.01475507 0.005502097  0.006074243  0.01397408  0.02743440 1.00  2950
mu.M[5]          0.03523814 0.009124282  0.020107366  0.03433981  0.05573651 1.00  2327
mu.R[1]          0.09124690 0.085314123  0.002069058  0.06583202  0.31376444 1.00  1478
mu.R[2]          0.33601749 0.101707959  0.151277483  0.33171004  0.54613293 1.00  3313
mu.R[3]          0.29546849 0.088300888  0.137702332  0.28964152  0.48478005 1.00  3264
mu.R[4]          0.26906229 0.068732513  0.148375439  0.26448752  0.41023664 1.00  3130
mu.R[5]          0.12432422 0.039078522  0.059077872  0.12063457  0.20998904 1.00  3101
mu.phi[1]        0.97971247 0.010677415  0.953249262  0.98201527  0.99404323 1.00  1376
mu.phi[2]        0.97253098 0.010189118  0.948682976  0.97407762  0.98782426 1.00  1087
mu.phi[3]        0.97510870 0.008736785  0.954556564  0.97638897  0.98825966 1.03   847
mu.phi[4]        0.93322888 0.021943331  0.883227398  0.93585749  0.96784284 1.01   563
mu.phi[5]        0.83064850 0.040753403  0.737427120  0.83494229  0.89684809 1.01   425
mu.rO            0.96079259 0.018740404  0.915812825  0.96350268  0.98934611 1.00  2786
mu.rR            0.89502422 0.048625310  0.781405417  0.90188897  0.96847261 1.00  2732
sigma.M          0.22935360 0.128238971  0.012014271  0.22492817  0.48429269 1.24    57
sigma.R          0.08514684 0.077671990  0.010605398  0.05459961  0.29724007 1.72    20
sigma.phi        1.02173657 0.154605658  0.750206773  1.01278052  1.35522139 1.02   368
sigma.rO         0.08075376 0.084487993  0.004265964  0.04879752  0.29821883 1.06    35
sigma.rR         0.11732330 0.094748896  0.006341707  0.09380291  0.36567470 1.05    70
veg[1]          -0.35032899 0.909507273 -2.096478002 -0.35475691  1.45834465 1.00  2184
veg[2]           1.78600000 0.000000000  1.786000000  1.78600000  1.78600000  NaN     0
veg[3]           2.19000000 0.000000000  2.190000000  2.19000000  2.19000000  NaN     0
veg[4]           1.65100000 0.000000000  1.651000000  1.65100000  1.65100000  NaN     0
veg[5]          -0.54900000 0.000000000 -0.549000000 -0.54900000 -0.54900000  NaN     0
veg[6]          -0.44700000 0.000000000 -0.447000000 -0.44700000 -0.44700000  NaN     0
veg[7]          -0.95300000 0.000000000 -0.953000000 -0.95300000 -0.95300000  NaN     0
veg[8]          -0.51800000 0.000000000 -0.518000000 -0.51800000 -0.51800000  NaN     0
veg[9]          -0.53700000 0.000000000 -0.537000000 -0.53700000 -0.53700000  NaN     0
veg[10]         -0.66400000 0.000000000 -0.664000000 -0.66400000 -0.66400000  NaN     0
veg[11]         -0.50900000 0.000000000 -0.509000000 -0.50900000 -0.50900000  NaN     0
veg[12]         -0.37700000 0.000000000 -0.377000000 -0.37700000 -0.37700000  NaN     0
veg[13]          0.07500000 0.000000000  0.075000000  0.07500000  0.07500000  NaN     0
veg[14]         -0.24300000 0.000000000 -0.243000000 -0.24300000 -0.24300000  NaN     0
veg[15]         -0.51000000 0.000000000 -0.510000000 -0.51000000 -0.51000000  NaN     0
veg[16]         -0.39400000 0.000000000 -0.394000000 -0.39400000 -0.39400000  NaN     0
veg[17]         -1.16930435 1.051195345 -3.057549617 -1.23819253  1.08595211 1.00   958
