Information and diagnostics 
=========================== 
Total iter:                       10000 
Thin:                             1 
Num chains:                       3 
Max Rhat:                         1.06 
Min n.eff:                        0 


Model summary 
============= 
                        mean          sd         2.5%           50%       97.5% Rhat n.eff
betaVR.R[1]      0.378991498 0.564101386 -0.617283931  3.438035e-01  1.59510723 1.00  3282
betaVR.R[2]     -0.609559451 0.421065649 -1.447251115 -6.003292e-01  0.19812048 1.00  4418
betaVR.R[3]      0.621457124 0.585120791 -0.509506792  6.168971e-01  1.80368677 1.00  4878
betaVR.R[4]      0.024952982 0.401155634 -0.731378740  1.224799e-02  0.83088086 1.00  4444
betaVR.phi[1]   -0.163609405 0.270920233 -0.714124845 -1.598367e-01  0.35756772 1.01  1799
betaVR.phi[2]   -0.112835971 0.239499882 -0.577135257 -1.171332e-01  0.36923620 1.00  1929
betaVR.phi[3]    0.228862570 0.290671405 -0.358586728  2.352556e-01  0.78529687 1.00  2184
betaVR.phi[4]    0.195295028 0.254385614 -0.312011601  1.979060e-01  0.68912163 1.00  1388
betaX.R         -0.934821013 0.260612005 -1.458981347 -9.272772e-01 -0.44855845 1.00  2786
betaX.phi        0.413592933 0.092535016  0.234861415  4.137681e-01  0.59862868 1.00  4754
eps.R[1]         0.156242928 0.524909994 -0.740623743  4.887669e-02  1.48639146 1.00  1637
eps.R[2]        -0.185910813 0.489434710 -1.463279556 -6.923505e-02  0.56036251 1.01  1068
eps.R[3]        -0.158454911 0.428876961 -1.236281782 -6.803691e-02  0.56726962 1.01  2004
eps.R[4]        -0.149678787 0.437125320 -1.255426773 -5.923433e-02  0.58056476 1.01  1963
eps.R[5]         0.084858486 0.427663362 -0.758713508  3.131458e-02  1.11053556 1.01  3055
eps.R[6]        -0.306530796 0.500704151 -1.617496285 -1.562114e-01  0.40317100 1.01   641
eps.R[7]        -0.130804485 0.452225664 -1.253732267 -5.146327e-02  0.67691202 1.00  2212
eps.R[8]         0.109935646 0.336289172 -0.528431885  6.189743e-02  0.88122344 1.00  3399
eps.R[9]         0.086310663 0.351370229 -0.601682394  4.186838e-02  0.89347450 1.00  2984
eps.R[10]        0.168005423 0.416379332 -0.564395041  8.816652e-02  1.15523433 1.01  1910
eps.R[11]       -0.005283822 0.439999848 -0.978929805  2.018593e-03  0.91112367 1.00  3598
eps.R[12]       -0.279090019 0.527503766 -1.632194154 -1.331033e-01  0.40862305 1.00   607
eps.R[13]        0.148941730 0.387878593 -0.547410433  8.180216e-02  1.08413306 1.00  2250
eps.R[14]        0.009784463 0.390989542 -0.833961755  2.801677e-03  0.85683661 1.00  4341
eps.R[15]       -0.006056465 0.420003032 -0.933301217 -8.791381e-04  0.87907436 1.00  3642
eps.R[16]       -0.156381382 0.411511750 -1.175208865 -7.669470e-02  0.55702956 1.00  2037
eps.R[17]       -0.250198471 0.523217654 -1.627862113 -1.069669e-01  0.48382265 1.01   898
eps.p[1]         0.000000000 0.000000000  0.000000000  0.000000e+00  0.00000000  NaN     0
eps.p[2]         0.005855293 0.128029562 -0.253463924 -1.970549e-05  0.29280592 1.02  2994
eps.p[3]         0.011811750 0.126648065 -0.218452141  2.155931e-03  0.30586389 1.03  2139
eps.p[4]         0.002513490 0.129132834 -0.262712587  1.197872e-03  0.28943547 1.01  1815
eps.p[5]        -0.005215038 0.134677646 -0.283690956 -1.237147e-03  0.25693101 1.02  1884
eps.p[6]         0.013018145 0.129527600 -0.226845131  3.418521e-03  0.31190270 1.01  1417
eps.p[7]        -0.025940209 0.154136526 -0.337767813 -5.236442e-03  0.18838923 1.01  1385
eps.p[8]        -0.007531068 0.122887319 -0.285583412 -2.306094e-03  0.24209177 1.03  2292
eps.p[9]        -0.012593984 0.140817853 -0.325703571 -2.190704e-03  0.24579180 1.02  1885
eps.p[10]        0.007121052 0.127456141 -0.240986585  3.807425e-04  0.29399803 1.01  2185
eps.p[11]        0.012065770 0.134311629 -0.232256623  2.207015e-03  0.31898072 1.00  1959
eps.p[12]        0.018601739 0.144201643 -0.219848305  3.211412e-03  0.33995611 1.04  1777
eps.p[13]        0.010869067 0.127882199 -0.231339578  1.912372e-03  0.30189623 1.03  1866
eps.p[14]        0.017820031 0.128413178 -0.208082120  4.350614e-03  0.34057449 1.01  2096
eps.p[15]        0.017908646 0.147877982 -0.224063871  2.588427e-03  0.34363305 1.06  1967
eps.p[16]       -0.001731942 0.131094269 -0.270098642 -4.985724e-04  0.26219774 1.03  3086
eps.p[17]       -0.004041891 0.132116493 -0.278142907  4.996982e-04  0.25901775 1.02  1734
eps.p[18]       -0.007681707 0.141743340 -0.293675440 -8.855761e-04  0.25578296 1.01  2521
eps.phi[1, 1]    0.398935319 0.619715193 -0.747159633  3.601548e-01  1.71666055 1.00  5510
eps.phi[2, 1]    0.126477186 0.657730901 -1.142072847  1.075747e-01  1.48605305 1.00  6253
eps.phi[3, 1]    0.227866586 0.638642512 -0.963490084  2.064881e-01  1.57915781 1.00  6203
eps.phi[4, 1]    0.739834613 0.548496308 -0.270783070  7.156248e-01  1.88828986 1.00  3535
eps.phi[1, 2]   -0.301072422 0.510752806 -1.302137654 -3.082796e-01  0.71956854 1.00  5729
eps.phi[2, 2]    0.010162726 0.580449448 -1.097147680 -3.664467e-03  1.19398498 1.00  6306
eps.phi[3, 2]    0.306122638 0.614858575 -0.844946880  2.836945e-01  1.58176238 1.00  5953
eps.phi[4, 2]   -0.168636386 0.438962831 -1.039641890 -1.652607e-01  0.69060679 1.00  5585
eps.phi[1, 3]    0.183001317 0.458061329 -0.683632506  1.640850e-01  1.12007877 1.00  5295
eps.phi[2, 3]    0.537882832 0.582534058 -0.500577366  5.019392e-01  1.78770972 1.00  5385
eps.phi[3, 3]   -0.356884197 0.574271297 -1.516253331 -3.469255e-01  0.76960962 1.00  5240
eps.phi[4, 3]    0.052799100 0.448268127 -0.810717885  4.886506e-02  0.95129655 1.00  5466
eps.phi[1, 4]    0.555186439 0.485639101 -0.330485841  5.339604e-01  1.57765683 1.00  4001
eps.phi[2, 4]   -0.315969648 0.493152165 -1.292685924 -3.169143e-01  0.65424015 1.00  4586
eps.phi[3, 4]    0.411548520 0.604627577 -0.730504286  3.946811e-01  1.65955075 1.00  5500
eps.phi[4, 4]    0.091477141 0.476118646 -0.838779064  8.556606e-02  1.05030478 1.00  5451
eps.phi[1, 5]   -0.115495270 0.587772071 -1.281243114 -1.181775e-01  1.05920157 1.01  3669
eps.phi[2, 5]   -0.130009199 0.520053643 -1.167001696 -1.268617e-01  0.90825989 1.00  2626
eps.phi[3, 5]    0.668750286 0.596674421 -0.445946393  6.384261e-01  1.93130423 1.00  3912
eps.phi[4, 5]    0.640893251 0.554108351 -0.409106816  6.216939e-01  1.77953307 1.00  2332
eps.phi[1, 6]    0.100117037 0.593434575 -1.026612436  8.225645e-02  1.30711638 1.01  4865
eps.phi[2, 6]    0.571683893 0.544885123 -0.440227608  5.407672e-01  1.71623220 1.00  3451
eps.phi[3, 6]   -0.807921753 0.555640138 -1.973300012 -7.791349e-01  0.21584099 1.00  1960
eps.phi[4, 6]   -0.758291473 0.534998804 -1.888986664 -7.297505e-01  0.23546839 1.00  2158
eps.phi[1, 7]   -0.009560798 0.602727687 -1.189654596 -2.228311e-02  1.22690034 1.00  5958
eps.phi[2, 7]   -0.040465390 0.513538803 -1.078268811 -4.149109e-02  0.96681194 1.00  2811
eps.phi[3, 7]    0.697732285 0.598350299 -0.404167769  6.553330e-01  1.96946298 1.00  3775
eps.phi[4, 7]    0.373658884 0.594905574 -0.766235636  3.557144e-01  1.59538944 1.00  4736
eps.phi[1, 8]   -0.258225537 0.559820872 -1.372912278 -2.529300e-01  0.83807053 1.00  5686
eps.phi[2, 8]   -0.247015429 0.438233922 -1.099405416 -2.531441e-01  0.63156990 1.00  3850
eps.phi[3, 8]   -0.934337786 0.451529744 -1.840783990 -9.264723e-01 -0.07318756 1.00  2180
eps.phi[4, 8]   -0.678569209 0.508113444 -1.736637544 -6.606807e-01  0.26380327 1.00  3529
eps.phi[1, 9]    0.332281741 0.610476648 -0.826612998  3.094778e-01  1.60647153 1.00  5818
eps.phi[2, 9]   -0.912311251 0.493792019 -1.891432050 -9.083885e-01  0.04526464 1.00  2136
eps.phi[3, 9]   -0.609409411 0.422962709 -1.449976123 -6.031198e-01  0.20888030 1.00  2957
eps.phi[4, 9]   -1.061702605 0.528836218 -2.158970579 -1.037938e+00 -0.10237282 1.00  2213
eps.phi[1, 10]   0.322587830 0.494353538 -0.617985758  3.078223e-01  1.32503900 1.00  4516
eps.phi[2, 10]   0.022547840 0.572003462 -1.067611408  3.460405e-03  1.19775048 1.00  6785
eps.phi[3, 10]  -0.167191813 0.446171882 -1.041025395 -1.644335e-01  0.72319764 1.00  3965
eps.phi[4, 10]   0.329776747 0.561186011 -0.725796651  3.059281e-01  1.49991391 1.00  6432
eps.phi[1, 11]   0.040820396 0.458682155 -0.838102594  2.793279e-02  0.98523696 1.00  3202
eps.phi[2, 11]   0.380989039 0.622668643 -0.748289127  3.455020e-01  1.74364527 1.00  5551
eps.phi[3, 11]   0.607945622 0.592399736 -0.464752215  5.749826e-01  1.90353194 1.00  3511
eps.phi[4, 11]   0.623273872 0.547955588 -0.366152781  5.962548e-01  1.76976591 1.01  3780
eps.phi[1, 12]  -0.287257344 0.466888317 -1.226260049 -2.822078e-01  0.61611958 1.00  3616
eps.phi[2, 12]  -0.089803820 0.504961368 -1.088032840 -9.183007e-02  0.89579864 1.00  4442
eps.phi[3, 12]   0.109766820 0.568964740 -0.982913459  1.032554e-01  1.23462875 1.00  6126
eps.phi[4, 12]  -0.029145795 0.417225509 -0.832284795 -3.552076e-02  0.79762696 1.00  3255
eps.phi[1, 13]  -0.701973735 0.428500233 -1.545267340 -6.980685e-01  0.11705394 1.00  2661
eps.phi[2, 13]   0.134863358 0.519993298 -0.888438194  1.220123e-01  1.19347503 1.00  4528
eps.phi[3, 13]  -0.089812221 0.595528358 -1.264835232 -9.239151e-02  1.11737118 1.00  6407
eps.phi[4, 13]   0.122273344 0.414682473 -0.681960439  1.153320e-01  0.96852334 1.00  3667
eps.phi[1, 14]   0.340943028 0.504780865 -0.591363967  3.172726e-01  1.40170260 1.00  5025
eps.phi[2, 14]   0.179726362 0.508710980 -0.806076874  1.641944e-01  1.22440571 1.00  5245
eps.phi[3, 14]  -0.046212861 0.596716567 -1.229293746 -5.261494e-02  1.16381948 1.00  6183
eps.phi[4, 14]  -0.567532927 0.420403907 -1.391609664 -5.616831e-01  0.24417327 1.00  3375
eps.phi[1, 15]   0.199800085 0.441589530 -0.647101758  1.858569e-01  1.10909314 1.00  4803
eps.phi[2, 15]   0.038532109 0.470313110 -0.855978350  3.049321e-02  0.99347675 1.00  4634
eps.phi[3, 15]   0.194395568 0.636509204 -1.023869700  1.743576e-01  1.50084526 1.00  6391
eps.phi[4, 15]   0.122416223 0.455743912 -0.728023515  1.151777e-01  1.05579072 1.00  5833
eps.phi[1, 16]  -0.148012049 0.400627292 -0.927546572 -1.481507e-01  0.65685792 1.00  3871
eps.phi[2, 16]   0.240824176 0.500917221 -0.692825169  2.188266e-01  1.27542804 1.00  5410
eps.phi[3, 16]   0.047693522 0.514224966 -0.978904173  4.370041e-02  1.08754582 1.00  5622
eps.phi[4, 16]   0.418952859 0.506080541 -0.540282493  4.020348e-01  1.48148071 1.00  5390
eps.phi[1, 17]  -0.041419114 0.438299190 -0.886709590 -3.921882e-02  0.83557162 1.00  3431
eps.phi[2, 17]  -0.306917807 0.476891032 -1.249338534 -3.102715e-01  0.63901859 1.00  3684
eps.phi[3, 17]   0.603040381 0.589916760 -0.459254928  5.705388e-01  1.86701333 1.00  3565
eps.phi[4, 17]   0.423367112 0.531435108 -0.575592844  4.005739e-01  1.54026956 1.00  4908
mean.R[1, 1]     0.097327315 0.100449027  0.008978629  6.895699e-02  0.38958112 1.01  2586
mean.R[2, 1]     0.136233469 0.121838511  0.011015621  1.028392e-01  0.48017927 1.00  2387
mean.R[3, 1]     0.298792910 0.196992335  0.041051843  2.491564e-01  0.81004544 1.00  3779
mean.R[4, 1]     0.124440032 0.094433821  0.027726396  9.868440e-02  0.38468001 1.00  2172
mean.R[1, 2]     0.058444224 0.034517825  0.011506209  5.227308e-02  0.14320918 1.00  3143
mean.R[2, 2]     0.090194123 0.051267522  0.016563671  8.126206e-02  0.21289579 1.00  3947
mean.R[3, 2]     0.209369589 0.094270057  0.048659296  2.024477e-01  0.41240491 1.00  2921
mean.R[4, 2]     0.077845477 0.039465992  0.017284332  7.270439e-02  0.16838912 1.00  3565
mean.R[1, 3]     0.059821695 0.034236620  0.013236806  5.354478e-02  0.14363449 1.01  3294
mean.R[2, 3]     0.089686303 0.050093929  0.018969095  8.069811e-02  0.21084602 1.01  3650
mean.R[3, 3]     0.214581312 0.090899336  0.060211667  2.074156e-01  0.41325377 1.01  3650
mean.R[4, 3]     0.078789986 0.038804515  0.020645017  7.329372e-02  0.17056662 1.00  4096
mean.R[1, 4]     0.071439209 0.041694515  0.015617158  6.364049e-02  0.17156774 1.01  4018
mean.R[2, 4]     0.072477176 0.046122296  0.012830909  6.242405e-02  0.18829718 1.01  4068
mean.R[3, 4]     0.273321314 0.130939521  0.062598955  2.590765e-01  0.55991547 1.00  3466
mean.R[4, 4]     0.081936738 0.043592493  0.018426842  7.498361e-02  0.18567030 1.00  4143
mean.R[1, 5]     0.058546700 0.070630872  0.001599168  3.364664e-02  0.25513490 1.00  3801
mean.R[2, 5]     0.297108918 0.150723321  0.071960690  2.742406e-01  0.64400486 1.00  6817
mean.R[3, 5]     0.121839232 0.121247294  0.007806930  8.166570e-02  0.46460936 1.01  3671
mean.R[4, 5]     0.110049399 0.088115194  0.013817967  8.516563e-02  0.34366048 1.01  3433
mean.R[1, 6]     0.043033058 0.051835363  0.001361050  2.504657e-02  0.18895922 1.00  3177
mean.R[2, 6]     0.206503637 0.120726137  0.036619436  1.849166e-01  0.49102432 1.00  3292
mean.R[3, 6]     0.089891700 0.074471779  0.008226878  6.880253e-02  0.28797471 1.00  6631
mean.R[4, 6]     0.073844759 0.051323012  0.010720729  6.168831e-02  0.20830596 1.00  4741
mean.R[1, 7]     0.050055573 0.062429138  0.001260456  2.800134e-02  0.22590458 1.00  3629
mean.R[2, 7]     0.250976819 0.135315530  0.051610668  2.293263e-01  0.56593496 1.00  6169
mean.R[3, 7]     0.104000980 0.101420321  0.006672948  7.212856e-02  0.38679183 1.00  6072
mean.R[4, 7]     0.091292923 0.073380474  0.010629276  7.098419e-02  0.28588184 1.00  4712
mean.R[1, 8]     0.068762247 0.041986304  0.016230974  5.964268e-02  0.17552539 1.00  2875
mean.R[2, 8]     0.130135212 0.060849477  0.042934393  1.196634e-01  0.27796032 1.00  4001
mean.R[3, 8]     0.218021257 0.078304087  0.094667202  2.082260e-01  0.39935949 1.00  5252
mean.R[4, 8]     0.098001569 0.046903822  0.033211000  8.909409e-02  0.21593999 1.00  3590
mean.R[1, 9]     0.071658309 0.042060621  0.018557845  6.262876e-02  0.17925854 1.00  3063
mean.R[2, 9]     0.114192944 0.056605570  0.035041918  1.038169e-01  0.25145721 1.00  4047
mean.R[3, 9]     0.238198091 0.084104230  0.101705578  2.291263e-01  0.42633515 1.00  4878
mean.R[4, 9]     0.096273035 0.046191004  0.033681413  8.719679e-02  0.21103145 1.00  3642
mean.R[1, 10]    0.070431402 0.049953938  0.013131777  5.773299e-02  0.20320143 1.00  2663
mean.R[2, 10]    0.154946927 0.081129198  0.048572138  1.378029e-01  0.36378422 1.00  2504
mean.R[3, 10]    0.209835842 0.093746317  0.076939350  1.933044e-01  0.44296503 1.00  2753
mean.R[4, 10]    0.105889122 0.061934870  0.032122049  9.147784e-02  0.26790369 1.01  1789
mean.R[1, 11]    0.096466400 0.061557917  0.020708736  8.210299e-02  0.25408211 1.00  5014
mean.R[2, 11]    0.071066276 0.058402675  0.009339112  5.479682e-02  0.22521911 1.00  3633
mean.R[3, 11]    0.358264804 0.178502627  0.073845676  3.393372e-01  0.73974486 1.00  3854
mean.R[4, 11]    0.097460933 0.060605456  0.019780263  8.502061e-02  0.24982025 1.00  4769
mean.R[1, 12]    0.074949742 0.047301379  0.012600695  6.493752e-02  0.19242628 1.00  3397
mean.R[2, 12]    0.056929365 0.043490722  0.006237621  4.587385e-02  0.17135572 1.00  3453
mean.R[3, 12]    0.301950970 0.163914915  0.045166781  2.831826e-01  0.65931097 1.01  2205
mean.R[4, 12]    0.076950548 0.046127117  0.012660741  6.905834e-02  0.18849319 1.00  2228
mean.R[1, 13]    0.098934922 0.055866378  0.026866928  8.736024e-02  0.23933999 1.00  3476
mean.R[2, 13]    0.086922267 0.061763100  0.015038199  7.133635e-02  0.24892618 1.00  3332
mean.R[3, 13]    0.355604704 0.155054135  0.101500770  3.406476e-01  0.68753097 1.00  4643
mean.R[4, 13]    0.105677607 0.054263528  0.031606183  9.579395e-02  0.24167139 1.00  4282
mean.R[1, 14]    0.085107263 0.050153884  0.021268323  7.448892e-02  0.21099499 1.00  4375
mean.R[2, 14]    0.079760663 0.053555464  0.014557507  6.691167e-02  0.21970243 1.00  4331
mean.R[3, 14]    0.313945574 0.141341714  0.087124704  2.975099e-01  0.62528847 1.00  5208
mean.R[4, 14]    0.093351146 0.048256847  0.026361917  8.494090e-02  0.21381105 1.00  5652
mean.R[1, 15]    0.076067323 0.042669414  0.019526381  6.770587e-02  0.18295273 1.00  3913
mean.R[2, 15]    0.088055463 0.054384887  0.017861974  7.620648e-02  0.22506345 1.00  4252
mean.R[3, 15]    0.279133470 0.123429335  0.078096716  2.652702e-01  0.55642070 1.00  4258
mean.R[4, 15]    0.091744919 0.048702886  0.025486495  8.317060e-02  0.20972517 1.00  4842
mean.R[1, 16]    0.063773734 0.033818648  0.016351342  5.756710e-02  0.14572119 1.00  3988
mean.R[2, 16]    0.080272782 0.047765406  0.015728011  7.069906e-02  0.19784859 1.00  3811
mean.R[3, 16]    0.241179978 0.106256256  0.066644162  2.313461e-01  0.47389947 1.00  3916
mean.R[4, 16]    0.079718001 0.040465847  0.020744738  7.352176e-02  0.17531110 1.00  4534
mean.R[1, 17]    0.056778921 0.040672070  0.006397700  4.804890e-02  0.15827863 1.00  3504
mean.R[2, 17]    0.080518951 0.059589902  0.007083721  6.740456e-02  0.22831880 1.00  3291
mean.R[3, 17]    0.245164007 0.172595039  0.029305585  2.026394e-01  0.71296002 1.00  2775
mean.R[4, 17]    0.077537376 0.048347210  0.012168896  6.928160e-02  0.19708059 1.00  3727
mean.p[1]        0.990663171 0.002810970  0.984421125  9.909317e-01  0.99535760 1.00  4890
mean.p[2]        0.990654056 0.003039583  0.983873009  9.909764e-01  0.99555808 1.00  5085
mean.p[3]        0.990697279 0.003041101  0.983943551  9.910074e-01  0.99569886 1.00  4312
mean.p[4]        0.990637725 0.002995555  0.983919073  9.909555e-01  0.99552524 1.00  5370
mean.p[5]        0.990555368 0.003084958  0.983634778  9.909084e-01  0.99546477 1.00  4559
mean.p[6]        0.990724406 0.002985851  0.984074186  9.910312e-01  0.99558230 1.00  4641
mean.p[7]        0.990327408 0.003513306  0.983235823  9.907436e-01  0.99529557 1.00  3576
mean.p[8]        0.990539619 0.003056851  0.983701173  9.908810e-01  0.99545357 1.00  4633
mean.p[9]        0.990493212 0.003079707  0.983577695  9.908478e-01  0.99541682 1.00  4937
mean.p[10]       0.990661807 0.003043581  0.983895944  9.909868e-01  0.99562434 1.00  4505
mean.p[11]       0.990699602 0.003022941  0.983989181  9.910005e-01  0.99567841 1.00  4343
mean.p[12]       0.990753609 0.002992567  0.984097826  9.910408e-01  0.99573550 1.00  4325
mean.p[13]       0.990720725 0.002942135  0.984098604  9.910105e-01  0.99551383 1.00  5203
mean.p[14]       0.990761357 0.002976575  0.984189417  9.910446e-01  0.99565135 1.00  4427
mean.p[15]       0.990747315 0.003018882  0.984032949  9.910495e-01  0.99573251 1.00  4441
mean.p[16]       0.990594128 0.003026011  0.983821969  9.909346e-01  0.99549804 1.00  4951
mean.p[17]       0.990574257 0.003037399  0.983827822  9.908948e-01  0.99547423 1.00  4795
mean.p[18]       0.990503817 0.003301382  0.983406593  9.908834e-01  0.99547560 1.00  3889
mean.phi[1, 1]   0.904354622 0.055540656  0.767459347  9.149443e-01  0.97978619 1.00  5935
mean.phi[2, 1]   0.924866715 0.052205133  0.793784310  9.373354e-01  0.98646783 1.00  5449
mean.phi[3, 1]   0.913287491 0.056996982  0.768559906  9.256853e-01  0.98480536 1.00  5873
mean.phi[4, 1]   0.817460825 0.077901408  0.642201933  8.268268e-01  0.94177654 1.00  4904
mean.phi[1, 2]   0.830257446 0.070883871  0.661537542  8.406487e-01  0.93856654 1.00  6174
mean.phi[2, 2]   0.922229183 0.041910255  0.818773996  9.303799e-01  0.97924258 1.00  6703
mean.phi[3, 2]   0.917982760 0.047556647  0.799568801  9.273081e-01  0.98130012 1.00  5872
mean.phi[4, 2]   0.632606982 0.096482521  0.431049472  6.386445e-01  0.80500220 1.00  6828
mean.phi[1, 3]   0.888344457 0.043519985  0.788166129  8.940718e-01  0.95674466 1.00  6986
mean.phi[2, 3]   0.951829507 0.026512420  0.886510064  9.565799e-01  0.98862930 1.00  4414
mean.phi[3, 3]   0.859048330 0.070992937  0.682295689  8.731440e-01  0.95707474 1.00  5896
mean.phi[4, 3]   0.681597368 0.091796853  0.489354200  6.875735e-01  0.84412828 1.00  6927
mean.phi[1, 4]   0.913453119 0.036130613  0.829902667  9.187535e-01  0.96932929 1.00  5181
mean.phi[2, 4]   0.895375857 0.043418223  0.794825664  9.019634e-01  0.96093992 1.00  6747
mean.phi[3, 4]   0.932888533 0.039675691  0.833424002  9.414611e-01  0.98453078 1.00  5012
mean.phi[4, 4]   0.707083153 0.092596139  0.509687840  7.135714e-01  0.86742206 1.00  6778
mean.phi[1, 5]   0.885040227 0.062193541  0.732904990  8.965827e-01  0.97222878 1.00  5521
mean.phi[2, 5]   0.931629564 0.029372088  0.861535080  9.360107e-01  0.97554185 1.00  7787
mean.phi[3, 5]   0.908744241 0.052934556  0.782168044  9.189701e-01  0.98267199 1.00  3049
mean.phi[4, 5]   0.715069599 0.102573441  0.493623305  7.234422e-01  0.88996869 1.00  3402
mean.phi[1, 6]   0.899708468 0.057955075  0.758149461  9.112768e-01  0.97778800 1.00  5564
mean.phi[2, 6]   0.962330726 0.019356091  0.915047842  9.655980e-01  0.98996933 1.00  5065
mean.phi[3, 6]   0.733664084 0.087246584  0.545142293  7.409457e-01  0.88324688 1.00  7462
mean.phi[4, 6]   0.413703480 0.111391164  0.206658932  4.108611e-01  0.63641411 1.00  4373
mean.phi[1, 7]   0.890196338 0.067723480  0.720751082  9.054799e-01  0.97842316 1.01  4970
mean.phi[2, 7]   0.936793274 0.026595504  0.874166878  9.407133e-01  0.97686020 1.00  7776
mean.phi[3, 7]   0.912637304 0.051009613  0.788805120  9.224653e-01  0.98227408 1.00  2903
mean.phi[4, 7]   0.659422845 0.135687904  0.371844254  6.696532e-01  0.89002246 1.00  3887
mean.phi[1, 8]   0.839735334 0.076824285  0.651841086  8.535225e-01  0.94841135 1.00  5373
mean.phi[2, 8]   0.910803650 0.033254906  0.832289526  9.153599e-01  0.96278609 1.00  7217
mean.phi[3, 8]   0.773441438 0.069676284  0.617817800  7.807916e-01  0.88851889 1.00  4932
mean.phi[4, 8]   0.499853217 0.118913228  0.258822442  5.023458e-01  0.71994094 1.00  4831
mean.phi[1, 9]   0.897329284 0.056671729  0.757764984  9.078720e-01  0.97472561 1.00  6311
mean.phi[2, 9]   0.836230933 0.062817740  0.690706356  8.454821e-01  0.93303973 1.00  3966
mean.phi[3, 9]   0.832302373 0.051838451  0.716915246  8.382061e-01  0.91755906 1.00  7318
mean.phi[4, 9]   0.421000037 0.119601774  0.193725349  4.196230e-01  0.65444767 1.00  2461
mean.phi[1, 10]  0.907774328 0.039823633  0.812520436  9.135762e-01  0.96822603 1.00  7016
mean.phi[2, 10]  0.927152438 0.039259479  0.829306585  9.347828e-01  0.98070120 1.00  7018
mean.phi[3, 10]  0.872818336 0.045485546  0.769910795  8.787627e-01  0.94516772 1.00  7270
mean.phi[4, 10]  0.710280899 0.110726319  0.470121872  7.200387e-01  0.89578953 1.00  6119
mean.phi[1, 11]  0.858704663 0.047965578  0.753719977  8.635539e-01  0.93802160 1.00  8108
mean.phi[2, 11]  0.936557231 0.038640853  0.840198284  9.445202e-01  0.98765785 1.00  5406
mean.phi[3, 11]  0.949055082 0.029329165  0.875963040  9.550690e-01  0.98903425 1.00  5146
mean.phi[4, 11]  0.810033768 0.079740822  0.627486290  8.195353e-01  0.93640272 1.00  5085
mean.phi[1, 12]  0.815214424 0.064814303  0.669804259  8.226137e-01  0.91973877 1.00  7172
mean.phi[2, 12]  0.910665959 0.038979875  0.818589488  9.167605e-01  0.96859674 1.00  7100
mean.phi[3, 12]  0.919123998 0.045239544  0.806704972  9.284387e-01  0.97951564 1.00  6229
mean.phi[4, 12]  0.700313608 0.075874403  0.541043184  7.045965e-01  0.83596718 1.00  7849
mean.phi[1, 13]  0.753961952 0.068729524  0.604594495  7.592712e-01  0.87066245 1.00  5808
mean.phi[2, 13]  0.927475822 0.033927224  0.846082806  9.326470e-01  0.97777018 1.00  6850
mean.phi[3, 13]  0.898963571 0.058558972  0.750995586  9.114085e-01  0.97616848 1.00  6090
mean.phi[4, 13]  0.724089170 0.073316846  0.569514250  7.288721e-01  0.85397418 1.00  7568
mean.phi[1, 14]  0.892853877 0.046303209  0.783686292  8.996360e-01  0.96392068 1.00  6730
mean.phi[2, 14]  0.931396439 0.031522294  0.856240067  9.362112e-01  0.97822649 1.00  6475
mean.phi[3, 14]  0.901115855 0.056698069  0.759098283  9.126686e-01  0.97600108 1.00  6053
mean.phi[4, 14]  0.568644934 0.092961726  0.381115952  5.712126e-01  0.74143250 1.00  6463
mean.phi[1, 15]  0.885682647 0.041719492  0.791437781  8.902376e-01  0.95249591 1.00  7208
mean.phi[2, 15]  0.925343616 0.031099881  0.851824176  9.298834e-01  0.97181365 1.00  7412
mean.phi[3, 15]  0.913939989 0.054373847  0.774818445  9.256054e-01  0.98170161 1.00  5794
mean.phi[4, 15]  0.708258374 0.088906710  0.517217495  7.148099e-01  0.86337221 1.00  7113
mean.phi[1, 16]  0.850053191 0.045991995  0.746635750  8.545165e-01  0.92640894 1.00  7687
mean.phi[2, 16]  0.937666726 0.028222164  0.872316721  9.419492e-01  0.97969376 1.00  6648
mean.phi[3, 16]  0.906998432 0.043185422  0.801993229  9.144134e-01  0.97039496 1.00  6722
mean.phi[4, 16]  0.758266765 0.087731918  0.564915837  7.665915e-01  0.90575572 1.00  6600
mean.phi[1, 17]  0.862346318 0.045135351  0.761174394  8.670911e-01  0.93686624 1.00  7908
mean.phi[2, 17]  0.896623571 0.040440795  0.805213485  9.015445e-01  0.96049834 1.00  7020
mean.phi[3, 17]  0.944921304 0.031722406  0.867181424  9.508472e-01  0.98850262 1.00  4534
mean.phi[4, 17]  0.765066453 0.090878117  0.566265474  7.732660e-01  0.91776497 1.00  6205
mu.R[1]          0.061838091 0.029660850  0.019303479  5.687471e-02  0.13389109 1.00  2581
mu.R[2]          0.107502044 0.044354248  0.038917743  1.013825e-01  0.20933192 1.00  3551
mu.R[3]          0.212532672 0.066398640  0.100201885  2.067655e-01  0.35669403 1.00  3815
mu.R[4]          0.085878592 0.031141922  0.035914171  8.182033e-02  0.15762798 1.00  3966
mu.p             0.990663171 0.002810970  0.984421125  9.909317e-01  0.99535760 1.00  4890
mu.phi[1]        0.878557048 0.024796270  0.824944991  8.802212e-01  0.92208146 1.01  1723
mu.phi[2]        0.930699590 0.015701677  0.896130426  9.319298e-01  0.95717218 1.00  1888
mu.phi[3]        0.901340126 0.023088302  0.851703465  9.030111e-01  0.94102056 1.00  2092
mu.phi[4]        0.667807181 0.042983746  0.580472521  6.686567e-01  0.74832169 1.00  2217
sigma.R          0.407843096 0.299909695  0.015572002  3.461464e-01  1.11302662 1.02   181
sigma.p          0.093637299 0.094961030  0.008100839  6.363100e-02  0.34754602 1.04    80
sigma.phi        0.675395909 0.144818246  0.402295206  6.704697e-01  0.97170043 1.00   594
vegr[1]          0.253874728 1.050892420 -1.842767721  2.615884e-01  2.24678450 1.00  3042
vegr[2]          0.159000000 0.000000000  0.159000000  1.590000e-01  0.15900000  NaN     0
vegr[3]          0.195000000 0.000000000  0.195000000  1.950000e-01  0.19500000  NaN     0
vegr[4]          0.662000000 0.000000000  0.662000000  6.620000e-01  0.66200000  NaN     0
vegr[5]         -1.872000000 0.000000000 -1.872000000 -1.872000e+00 -1.87200000  NaN     0
vegr[6]         -1.612000000 0.000000000 -1.612000000 -1.612000e+00 -1.61200000  NaN     0
vegr[7]         -1.795000000 0.000000000 -1.795000000 -1.795000e+00 -1.79500000  NaN     0
vegr[8]         -0.145000000 0.000000000 -0.145000000 -1.450000e-01 -0.14500000  NaN     0
vegr[9]          0.081000000 0.000000000  0.081000000  8.100000e-02  0.08100000  NaN     0
vegr[10]        -0.360000000 0.000000000 -0.360000000 -3.600000e-01 -0.36000000  NaN     0
vegr[11]         1.085000000 0.000000000  1.085000000  1.085000e+00  1.08500000  NaN     0
vegr[12]         1.027000000 0.000000000  1.027000000  1.027000e+00  1.02700000  NaN     0
vegr[13]         0.867000000 0.000000000  0.867000000  8.670000e-01  0.86700000  NaN     0
vegr[14]         0.765000000 0.000000000  0.765000000  7.650000e-01  0.76500000  NaN     0
vegr[15]         0.516000000 0.000000000  0.516000000  5.160000e-01  0.51600000  NaN     0
vegr[16]         0.427000000 0.000000000  0.427000000  4.270000e-01  0.42700000  NaN     0
vegr[17]         0.417846396 0.889002926 -1.332143494  4.321194e-01  2.15707181 1.00  2356
