Information and diagnostics 
=========================== 
Total iter:                       10000 
Thin:                             1 
Num chains:                       3 
Max Rhat:                         1.04 
Min n.eff:                        0 


Model summary 
============= 
                         mean         sd          2.5%           50%       97.5% Rhat n.eff
betaVR.R[1]      0.3499180311 0.66843382 -1.0082506498  0.3534347452  1.64787693 1.00  1547
betaVR.R[2]      0.1439520427 0.60328355 -0.9724366949  0.1246545219  1.36073769 1.00   745
betaVR.R[3]     -0.5636992712 0.62403337 -1.8243833000 -0.5518820579  0.65270212 1.00  2132
betaVR.R[4]     -0.3881121945 0.68776820 -1.7752927538 -0.3766372083  0.97159993 1.00  2957
betaVR.phi[1]   -0.3826821396 0.18841515 -0.7598331219 -0.3769124056 -0.02352667 1.00  3369
betaVR.phi[2]    0.1039650612 0.13991500 -0.1736962109  0.1038713047  0.37704911 1.00  3837
betaVR.phi[3]   -0.0370082780 0.26186173 -0.5696192266 -0.0290123128  0.45765148 1.00  4925
betaVR.phi[4]   -0.1046176868 0.32216695 -0.7355643306 -0.1050812113  0.53796352 1.00  3509
betaX.R         -0.8478671923 0.36186269 -1.6069554527 -0.8330274906 -0.16693425 1.00  1373
betaX.phi        0.1249681328 0.08902231 -0.0480908925  0.1249068586  0.30190654 1.00  4700
eps.R[1]         1.0195619735 1.58519717 -1.6076589812  0.7709251236  4.72947175 1.00  2133
eps.R[2]        -0.9729914003 1.44727901 -4.4761210890 -0.7253436605  1.25338989 1.01  1691
eps.R[3]        -0.4208406826 1.06408786 -2.7663586443 -0.3263290187  1.55605662 1.01  2037
eps.R[4]        -0.1214430900 0.80933336 -1.7550902219 -0.1090528528  1.51347139 1.00  2262
eps.R[5]         1.7505102645 1.22783267 -0.2894021582  1.6522589374  4.38690726 1.00   553
eps.R[6]         1.2463639413 1.05952853 -0.5375204600  1.1522840678  3.53976927 1.01   640
eps.R[7]         0.0066351337 1.77664170 -3.7706837767  0.0072270994  3.81933393 1.00  1185
eps.R[8]         0.8314577606 1.22507000 -1.3666527351  0.7160000024  3.47064350 1.00  1646
eps.R[9]        -0.4349883901 0.99697388 -2.5565819967 -0.3658358677  1.41453494 1.00  2660
eps.R[10]       -0.1104527176 1.05228696 -2.3315502175 -0.0690093199  1.90139085 1.00  2798
eps.R[11]        1.9851866351 1.30989378 -0.1025452731  1.8718873464  4.79596597 1.01   597
eps.R[12]        0.2653698979 1.22126853 -2.1114498049  0.1989718575  2.87298001 1.00  1457
eps.R[13]        2.1759191662 1.51647359 -0.0907228279  1.9738948693  5.71369412 1.00   586
eps.R[14]        0.1054194969 1.10093676 -2.1085503481  0.1047462580  2.35498539 1.00  1634
eps.R[15]       -0.6505482093 1.51798953 -4.1015243408 -0.4786245410  2.04822796 1.00  1351
eps.R[16]        1.5627262506 1.56346745 -0.6927860221  1.2745700803  5.37419632 1.01   634
eps.R[17]       -0.0618543678 1.58867700 -3.3698635225 -0.0354044312  3.17421300 1.00   807
eps.p[1]         0.0000000000 0.00000000  0.0000000000  0.0000000000  0.00000000  NaN     0
eps.p[2]         0.3300349886 0.68164623 -0.9276522955  0.2917291757  1.75053552 1.00  5965
eps.p[3]         0.4045240209 0.66922574 -0.8088306621  0.3644519891  1.84664122 1.00  5534
eps.p[4]         0.8116354908 0.63518465 -0.2587108656  0.7575684805  2.21377993 1.00  3878
eps.p[5]         0.6230351289 0.56170008 -0.3850264066  0.5902073492  1.82441077 1.00  3892
eps.p[6]         0.8858086696 0.63199194 -0.1755202412  0.8180377029  2.29292060 1.00  3710
eps.p[7]         0.8864503135 0.62242404 -0.1831712210  0.8276847135  2.27202124 1.00  3446
eps.p[8]         0.5044530432 0.56433963 -0.5101018330  0.4683057719  1.72004489 1.00  4698
eps.p[9]         0.7807884731 0.62483407 -0.3213556513  0.7359592100  2.14431444 1.00  3986
eps.p[10]        0.3503416033 0.57210089 -0.6759366930  0.3160403618  1.58256731 1.00  6234
eps.p[11]        0.3276212915 0.51352978 -0.5999846149  0.3012995617  1.42181079 1.00  4787
eps.p[12]       -0.1430302891 0.46058208 -1.0220556620 -0.1501318099  0.78767281 1.00  4449
eps.p[13]       -0.6832406701 0.43862492 -1.5388190542 -0.6790374397  0.17077323 1.00  3279
eps.p[14]       -1.6744641798 0.38713229 -2.4456770139 -1.6722236454 -0.91580689 1.00  1730
eps.p[15]       -0.3223936637 0.44907432 -1.1968802396 -0.3302508644  0.57561961 1.00  3622
eps.p[16]       -0.0005115986 0.48744893 -0.9277321406 -0.0174241792  0.99967156 1.00  5328
eps.p[17]        0.1523261184 0.48498249 -0.7596492547  0.1338221755  1.15116709 1.00  4906
eps.p[18]       -0.6215066735 0.64169587 -1.7599037015 -0.6668984733  0.73903246 1.00  1856
eps.phi[1, 1]    0.0076670158 0.20470913 -0.4211014408  0.0027568955  0.44906416 1.01  3111
eps.phi[2, 1]    0.0052099999 0.20525259 -0.4346449535  0.0034342138  0.46438086 1.00  3997
eps.phi[3, 1]   -0.0280888082 0.22087502 -0.5368018719 -0.0100657390  0.39064130 1.03  3247
eps.phi[4, 1]    0.0607173131 0.21987354 -0.3039614598  0.0231508167  0.61728442 1.01  2233
eps.phi[1, 2]    0.0138850329 0.18529481 -0.3623697975  0.0026506252  0.43133373 1.01  3821
eps.phi[2, 2]    0.0101957414 0.21147136 -0.4096320847  0.0037696269  0.47171356 1.01  3051
eps.phi[3, 2]   -0.0364623473 0.22012055 -0.5559279517 -0.0115263793  0.37267863 1.01  2531
eps.phi[4, 2]   -0.0924425703 0.23919906 -0.7353394687 -0.0406239843  0.26225165 1.02   926
eps.phi[1, 3]    0.0354585449 0.17622458 -0.2976767134  0.0150730784  0.44592343 1.01  2771
eps.phi[2, 3]   -0.0007238463 0.19180511 -0.4181070055 -0.0014009422  0.41524522 1.01  3531
eps.phi[3, 3]   -0.0064346951 0.20566011 -0.4592867472 -0.0029692640  0.42964906 1.01  4251
eps.phi[4, 3]   -0.0594824857 0.21286675 -0.5963552474 -0.0216654795  0.29753961 1.02  1403
eps.phi[1, 4]    0.0037687282 0.16817419 -0.3569113153  0.0005954397  0.36933258 1.01  3656
eps.phi[2, 4]    0.0742693907 0.21304116 -0.2721918462  0.0324065753  0.61273306 1.01  1387
eps.phi[3, 4]    0.0074163317 0.20012894 -0.4104355847  0.0025479168  0.44292186 1.00  3273
eps.phi[4, 4]   -0.0847722937 0.22506334 -0.6843527895 -0.0371742728  0.27296974 1.01   849
eps.phi[1, 5]    0.0320263440 0.21197826 -0.3606593638  0.0106036349  0.53047705 1.00  2531
eps.phi[2, 5]   -0.0005248976 0.18258736 -0.3817370315 -0.0012795284  0.38576581 1.01  3329
eps.phi[3, 5]    0.0023498254 0.20081623 -0.4230879912  0.0001531271  0.44650899 1.01  3730
eps.phi[4, 5]   -0.0069498060 0.20898783 -0.4786594770 -0.0005872665  0.41265934 1.01  3363
eps.phi[1, 6]   -0.0373310062 0.19443736 -0.5028074673 -0.0122149615  0.33881571 1.01  2705
eps.phi[2, 6]    0.0165355441 0.17477293 -0.3435445810  0.0050771100  0.40166533 1.01  3651
eps.phi[3, 6]   -0.0962928954 0.23919026 -0.7447269684 -0.0415863944  0.25739645 1.02   888
eps.phi[4, 6]   -0.0146772396 0.20627013 -0.4904053813 -0.0021426487  0.38276915 1.01  3743
eps.phi[1, 7]    0.0470665498 0.20338078 -0.3154041945  0.0175242880  0.54524204 1.02  3328
eps.phi[2, 7]   -0.0399386771 0.18750797 -0.4944617105 -0.0151836939  0.31073805 1.02  2747
eps.phi[3, 7]    0.0602284505 0.21979045 -0.3151793995  0.0243551016  0.61898592 1.01  1338
eps.phi[4, 7]    0.0186666953 0.21066201 -0.3993214792  0.0046730631  0.50333109 1.01  3919
eps.phi[1, 8]   -0.0212300851 0.20979001 -0.5000590720 -0.0069408145  0.39456160 1.01  3624
eps.phi[2, 8]    0.0533616036 0.18154926 -0.2731169607  0.0237494084  0.49850921 1.01  3138
eps.phi[3, 8]    0.0456174637 0.19889291 -0.3077637963  0.0170453979  0.52108191 1.01  2857
eps.phi[4, 8]   -0.0271898643 0.20664048 -0.4933276955 -0.0093395305  0.38659913 1.00  3599
eps.phi[1, 9]    0.0135390102 0.21193143 -0.4005068742  0.0028831811  0.48146170 1.01  2996
eps.phi[2, 9]   -0.1448844434 0.23620208 -0.7876653335 -0.0793513554  0.17225806 1.03   379
eps.phi[3, 9]    0.0545966475 0.20476508 -0.2997506950  0.0198095919  0.55224531 1.02  2326
eps.phi[4, 9]    0.0199577747 0.20669748 -0.3952215834  0.0072970994  0.47443643 1.01  3635
eps.phi[1, 10]  -0.0170423051 0.18931014 -0.4411035078 -0.0067953351  0.36663305 1.01  3787
eps.phi[2, 10]   0.0532323092 0.20257085 -0.2922079631  0.0239830628  0.53682564 1.02  2417
eps.phi[3, 10]   0.1006301274 0.22176747 -0.2250621731  0.0511793348  0.67690083 1.01   748
eps.phi[4, 10]   0.0586968684 0.21169644 -0.3031340405  0.0231038042  0.58569217 1.02  1686
eps.phi[1, 11]   0.0223969310 0.17284379 -0.3197652113  0.0092703665  0.41380680 1.00  3311
eps.phi[2, 11]  -0.0015763122 0.19586627 -0.4245904616  0.0002134652  0.40904025 1.01  4192
eps.phi[3, 11]   0.0002172085 0.19226332 -0.4069429343 -0.0001980796  0.42608306 1.01  4186
eps.phi[4, 11]   0.0024939437 0.19570904 -0.3902415297 -0.0006775232  0.43159410 1.01  3819
eps.phi[1, 12]   0.0374687912 0.18470676 -0.3174726736  0.0144928732  0.47531682 1.01  3573
eps.phi[2, 12]   0.0177216653 0.18979374 -0.3609475233  0.0065140326  0.44565200 1.01  3522
eps.phi[3, 12]  -0.0210731596 0.20157468 -0.4755237117 -0.0080960424  0.37653543 1.01  2709
eps.phi[4, 12]   0.0360198686 0.19699081 -0.3207010398  0.0110985825  0.51928882 1.00  2599
eps.phi[1, 13]  -0.0503875467 0.17757134 -0.4694928111 -0.0247998697  0.28549315 1.02  3793
eps.phi[2, 13]  -0.0337041828 0.19457226 -0.5033297164 -0.0121362426  0.33397766 1.02  3021
eps.phi[3, 13]   0.0113331420 0.19995561 -0.4025295721  0.0049392302  0.46091796 1.01  3245
eps.phi[4, 13]   0.1085376377 0.23001258 -0.2144296870  0.0518987147  0.71486044 1.01   531
eps.phi[1, 14]   0.0128891018 0.17550783 -0.3245440496  0.0012263006  0.41072376 1.01  3668
eps.phi[2, 14]  -0.0148632408 0.18704432 -0.4424473415 -0.0038740458  0.36777700 1.01  3009
eps.phi[3, 14]   0.0192045979 0.20520892 -0.3711548906  0.0018561541  0.50296079 1.01  3624
eps.phi[4, 14]  -0.0212394575 0.19589140 -0.4821258131 -0.0067181332  0.37411714 1.01  4087
eps.phi[1, 15]   0.0595602842 0.20072810 -0.2876776952  0.0244969496  0.55181516 1.02  2040
eps.phi[2, 15]  -0.0335458018 0.18735545 -0.4777701414 -0.0087850150  0.31254404 1.01  2135
eps.phi[3, 15]   0.0087311194 0.19988639 -0.4066380490  0.0040513792  0.43183329 1.02  3636
eps.phi[4, 15]  -0.0364818193 0.19203695 -0.4893203731 -0.0120449242  0.32608899 1.01  2951
eps.phi[1, 16]  -0.0770923807 0.18371083 -0.5314543527 -0.0392970262  0.22473537 1.02  1353
eps.phi[2, 16]   0.0322730737 0.18689485 -0.3188467174  0.0099998517  0.46249063 1.01  3788
eps.phi[3, 16]  -0.0675024447 0.20429329 -0.5906706860 -0.0295929388  0.27801768 1.01  1586
eps.phi[4, 16]   0.0152995216 0.20507599 -0.3976398925  0.0040878287  0.47656267 1.01  3450
eps.phi[1, 17]  -0.0358007370 0.20240177 -0.5217063648 -0.0115493736  0.35501658 1.01  2490
eps.phi[2, 17]  -0.0353307641 0.20220650 -0.5120893782 -0.0120245366  0.35075552 1.01  2857
eps.phi[3, 17]  -0.0262594569 0.20456739 -0.5022559018 -0.0092121405  0.38492294 1.01  3190
eps.phi[4, 17]   0.0001902895 0.21012578 -0.4593497614  0.0010279914  0.43695424 1.02  4416
mean.R[1, 1]     0.6581146111 0.26573761  0.0857023983  0.7133755988  0.99405518 1.00  2895
mean.R[2, 1]     0.4854769261 0.27863250  0.0399737735  0.4664247247  0.97844121 1.00  2941
mean.R[3, 1]     0.5471411768 0.27151297  0.0652541719  0.5495282076  0.98270847 1.00  4377
mean.R[4, 1]     0.2839481126 0.26432252  0.0089112785  0.1882300522  0.93009760 1.00  3001
mean.R[1, 2]     0.3719074385 0.24205946  0.0093185962  0.3556377349  0.83474181 1.00  1488
mean.R[2, 2]     0.1970406047 0.17414320  0.0029212771  0.1496455800  0.62830637 1.00  1821
mean.R[3, 2]     0.1862914670 0.16561119  0.0026165231  0.1421953716  0.59850020 1.00  1755
mean.R[4, 2]     0.0579514230 0.06541396  0.0005623034  0.0362410706  0.23821548 1.00  2624
mean.R[1, 3]     0.4528601485 0.22401027  0.0597971477  0.4518539378  0.86233329 1.00  2040
mean.R[2, 3]     0.2497540380 0.18494203  0.0158351041  0.2082889847  0.70173670 1.00  1885
mean.R[3, 3]     0.2299556928 0.16884753  0.0140689361  0.1940477623  0.62914711 1.00  2416
mean.R[4, 3]     0.0761853144 0.07545262  0.0029680453  0.0532090054  0.28191525 1.00  3120
mean.R[1, 4]     0.5431744872 0.17306472  0.2028468064  0.5508912067  0.85325029 1.00  3650
mean.R[2, 4]     0.2974452727 0.19002077  0.0405547507  0.2605524574  0.74446465 1.00  1789
mean.R[3, 4]     0.2213043328 0.15180726  0.0260219761  0.1869852823  0.59517831 1.00  2930
mean.R[4, 4]     0.0758801865 0.07053207  0.0061403803  0.0549457684  0.26850949 1.01  3318
mean.R[1, 5]     0.6879434732 0.24656273  0.1425876235  0.7463201499  0.99110589 1.00  1880
mean.R[2, 5]     0.5951219538 0.18114289  0.2256709027  0.6062209362  0.90380194 1.00  4602
mean.R[3, 5]     0.7938006340 0.18563879  0.3083766119  0.8538450735  0.98989058 1.00  2958
mean.R[4, 5]     0.4902434400 0.27606067  0.0418287154  0.4836340962  0.95823074 1.00  2822
mean.R[1, 6]     0.6305410517 0.24508769  0.1374708047  0.6654559640  0.97926324 1.00  1988
mean.R[2, 6]     0.4968482400 0.17946952  0.1616607424  0.4943135109  0.83503198 1.00  4623
mean.R[3, 6]     0.7148363230 0.18670958  0.2804240931  0.7504686239  0.96809086 1.00  3581
mean.R[4, 6]     0.3851219200 0.25195503  0.0282976635  0.3468891687  0.89254405 1.00  3590
mean.R[1, 7]     0.4268554431 0.31558015  0.0049090930  0.3842988674  0.98000480 1.00  1612
mean.R[2, 7]     0.3218258077 0.27352728  0.0022421654  0.2567757841  0.92185801 1.00   976
mean.R[3, 7]     0.5079603531 0.31170565  0.0097594066  0.5231094105  0.98490460 1.00  1522
mean.R[4, 7]     0.2617013872 0.27402456  0.0012192893  0.1520434060  0.92418021 1.00  1900
mean.R[1, 8]     0.6581353182 0.22140435  0.1778011132  0.6903634795  0.97281839 1.00  2235
mean.R[2, 8]     0.4556470099 0.23300591  0.0703735439  0.4351449156  0.90695324 1.00  2322
mean.R[3, 8]     0.4789833845 0.23972215  0.0749874294  0.4674617919  0.92481740 1.00  2620
mean.R[4, 8]     0.2197167187 0.18805759  0.0154338401  0.1620280378  0.72070061 1.00  2462
mean.R[1, 9]     0.4408594006 0.22009993  0.0631817066  0.4416453042  0.84816169 1.00  2127
mean.R[2, 9]     0.2340110407 0.15955943  0.0222713199  0.2012899122  0.61384148 1.00  2516
mean.R[3, 9]     0.2289105291 0.15693446  0.0193694594  0.1990537959  0.59584994 1.00  2089
mean.R[4, 9]     0.0797942034 0.08552412  0.0034139150  0.0521520755  0.31578111 1.00  2824
mean.R[1, 10]    0.4748433399 0.22395056  0.0667767601  0.4819599644  0.87808815 1.00  2667
mean.R[2, 10]    0.2823183858 0.18957544  0.0231244819  0.2496138975  0.71613957 1.00  2563
mean.R[3, 10]    0.3256856611 0.19320481  0.0326828294  0.3022657568  0.74186006 1.00  3575
mean.R[4, 10]    0.1218819184 0.12260254  0.0052642496  0.0813168575  0.46839959 1.00  3195
mean.R[1, 11]    0.8692479469 0.12796148  0.5200194590  0.9121359064  0.99558757 1.02  1179
mean.R[2, 11]    0.6778923935 0.25086615  0.1392247651  0.7359912744  0.98932263 1.00   755
mean.R[3, 11]    0.5660070253 0.23823747  0.1181110094  0.5809623952  0.94965571 1.00  1193
mean.R[4, 11]    0.3277864848 0.24092556  0.0241275291  0.2694428481  0.88191715 1.00  1360
mean.R[1, 12]    0.6362160198 0.22217995  0.1498251435  0.6702134100  0.95861160 1.00  2319
mean.R[2, 12]    0.3894727494 0.26087819  0.0288333188  0.3417699034  0.92307063 1.00  1292
mean.R[3, 12]    0.2735229702 0.21983921  0.0142395899  0.2154968093  0.81590087 1.01  2092
mean.R[4, 12]    0.1232482701 0.15096820  0.0033210339  0.0661011817  0.58165242 1.01  2045
mean.R[1, 13]    0.8728299596 0.12502001  0.5472273589  0.9143911692  0.99795721 1.01   865
mean.R[2, 13]    0.6975408013 0.23902540  0.1790004869  0.7539699244  0.99402875 1.00   734
mean.R[3, 13]    0.6078805989 0.24939111  0.1315774130  0.6262910426  0.98423410 1.00  1013
mean.R[4, 13]    0.3734022437 0.27584536  0.0277239976  0.3027810684  0.95440701 1.00   934
mean.R[1, 14]    0.5901614017 0.23587537  0.1066913029  0.6240521440  0.94742795 1.00  1637
mean.R[2, 14]    0.3464731191 0.22169470  0.0372871034  0.3060847972  0.84656011 1.00  1735
mean.R[3, 14]    0.2672176159 0.20371178  0.0158868038  0.2173441973  0.76592994 1.01  1973
mean.R[4, 14]    0.1004952030 0.10311727  0.0040224814  0.0674042118  0.38804642 1.00  2828
mean.R[1, 15]    0.4480707392 0.26894692  0.0151327106  0.4487514990  0.92079927 1.00  1367
mean.R[2, 15]    0.2464000230 0.20771791  0.0049981482  0.1907197534  0.75517558 1.00  1510
mean.R[3, 15]    0.2066587207 0.19404026  0.0027942092  0.1476096798  0.71148007 1.00  1630
mean.R[4, 15]    0.0795152516 0.11156598  0.0006777711  0.0394568928  0.41423623 1.00  1686
mean.R[1, 16]    0.7848164875 0.17739516  0.3657603213  0.8279931441  0.99572267 1.01  1096
mean.R[2, 16]    0.5866422275 0.26335610  0.1072113598  0.5955731106  0.98777259 1.00   860
mean.R[3, 16]    0.5410315620 0.25333368  0.1048541566  0.5329006837  0.97977375 1.00   784
mean.R[4, 16]    0.3023152819 0.25871004  0.0198467953  0.2140012619  0.93099366 1.00   873
mean.R[1, 17]    0.5231247098 0.28764542  0.0232479427  0.5424814418  0.97502734 1.00   945
mean.R[2, 17]    0.3319158719 0.26639520  0.0077400902  0.2645439819  0.92798378 1.00   954
mean.R[3, 17]    0.3090112380 0.25623868  0.0057998918  0.2436722129  0.89901884 1.00  1184
mean.R[4, 17]    0.1402841524 0.18383757  0.0012632788  0.0679539923  0.72049295 1.00  1284
mean.p[1]        0.9319341195 0.01532756  0.8982092553  0.9331634843  0.95840761 1.00  1493
mean.p[2]        0.9410880132 0.03788816  0.8448454839  0.9491987042  0.98863288 1.00  5861
mean.p[3]        0.9453463477 0.03431775  0.8591472235  0.9525590756  0.98972739 1.00  6167
mean.p[4]        0.9637301412 0.02073981  0.9138712213  0.9675312001  0.99244768 1.00  4226
mean.p[5]        0.9581903117 0.02126793  0.9067860505  0.9617332346  0.98846980 1.00  4762
mean.p[6]        0.9663023761 0.01915965  0.9198353961  0.9696250838  0.99291249 1.00  4230
mean.p[7]        0.9663639763 0.01917504  0.9193735826  0.9697735386  0.99280351 1.00  3671
mean.p[8]        0.9531499786 0.02384568  0.8949745641  0.9569987982  0.98749098 1.00  5834
mean.p[9]        0.9626859389 0.02158657  0.9097100527  0.9670533323  0.99196512 1.00  4452
mean.p[10]       0.9453311643 0.02882478  0.8751849366  0.9504503413  0.98635565 1.00  6471
mean.p[11]       0.9458925361 0.02489231  0.8862040944  0.9496834514  0.98316256 1.00  6420
mean.p[12]       0.9183375630 0.03245373  0.8424646716  0.9230194743  0.96809050 1.00  7007
mean.p[13]       0.8699159536 0.04478784  0.7680384182  0.8756794833  0.94078142 1.00  6037
mean.p[14]       0.7201347140 0.06289350  0.5896620621  0.7225727627  0.83556141 1.00  3799
mean.p[15]       0.9046305306 0.03561120  0.8222767968  0.9095312678  0.96042046 1.00  7363
mean.p[16]       0.9274802038 0.03127095  0.8536190400  0.9324344049  0.97410090 1.00  7140
mean.p[17]       0.9371294978 0.02691893  0.8742919856  0.9411966556  0.97760231 1.00  7009
mean.p[18]       0.8675426470 0.06612573  0.7165443442  0.8763968909  0.96928530 1.00  2102
mean.phi[1, 1]   0.8011317469 0.06960737  0.6489928638  0.8048100173  0.92464587 1.00  4281
mean.phi[2, 1]   0.8213472375 0.04415392  0.7228994851  0.8241867080  0.90032838 1.00  4673
mean.phi[3, 1]   0.7293161820 0.07925632  0.5379676046  0.7387797219  0.85981618 1.01  4414
mean.phi[4, 1]   0.6316118729 0.09735858  0.4540354271  0.6243988739  0.84398791 1.00  4285
mean.phi[1, 2]   0.7787875960 0.03829641  0.6980018795  0.7797390563  0.85253092 1.00  4644
mean.phi[2, 2]   0.8296445493 0.03738347  0.7493624344  0.8314527054  0.89779966 1.01  3855
mean.phi[3, 2]   0.7371711381 0.05843212  0.6008409053  0.7434341896  0.83195869 1.01  3239
mean.phi[4, 2]   0.5591630729 0.07408489  0.3852666718  0.5662389254  0.68278682 1.01  2155
mean.phi[1, 3]   0.7804974191 0.03471282  0.7100270519  0.7804478080  0.84993814 1.00  4321
mean.phi[2, 3]   0.8291129053 0.03480480  0.7536757138  0.8307652012  0.89292299 1.00  4327
mean.phi[3, 3]   0.7428327621 0.05407366  0.6226981763  0.7473337638  0.83685806 1.00  4529
mean.phi[4, 3]   0.5661560279 0.06830250  0.4130497798  0.5713050459  0.68742479 1.01  3207
mean.phi[1, 4]   0.7427875693 0.03786735  0.6640439173  0.7435077806  0.81545606 1.00  5897
mean.phi[2, 4]   0.8449264831 0.03541851  0.7746237358  0.8449535407  0.91592947 1.00  2777
mean.phi[3, 4]   0.7416136148 0.05724208  0.6214661598  0.7447300995  0.84455228 1.00  5684
mean.phi[4, 4]   0.5481063348 0.07763971  0.3693023920  0.5541732796  0.68290251 1.00  2272
mean.phi[1, 5]   0.8797650869 0.04737265  0.7718195267  0.8858646268  0.95353905 1.00  3320
mean.phi[2, 5]   0.7963140019 0.04315375  0.7056110916  0.7986225886  0.87452514 1.00  6912
mean.phi[3, 5]   0.7477460487 0.10224951  0.5191714490  0.7590355749  0.91313167 1.00  4666
mean.phi[4, 5]   0.6181670153 0.15709862  0.2827823906  0.6315869620  0.87934905 1.00  3588
mean.phi[1, 6]   0.8626739996 0.04856679  0.7514317628  0.8684867667  0.93990574 1.00  3402
mean.phi[2, 6]   0.8038448988 0.03852464  0.7232525226  0.8056978627  0.87469493 1.00  7438
mean.phi[3, 6]   0.7293665891 0.10471217  0.4904927024  0.7428533856  0.89602317 1.01  2464
mean.phi[4, 6]   0.6129445879 0.14349742  0.3084543255  0.6238726100  0.85783403 1.00  3437
mean.phi[1, 7]   0.8782893241 0.04753688  0.7713466980  0.8837692151  0.95364345 1.00  3105
mean.phi[2, 7]   0.7912786473 0.04428801  0.6940732240  0.7946238869  0.86841788 1.00  6945
mean.phi[3, 7]   0.7582778295 0.09586438  0.5442666093  0.7681604678  0.91586730 1.00  5275
mean.phi[4, 7]   0.6221904517 0.15376958  0.2951949560  0.6353484823  0.87932476 1.00  3371
mean.phi[1, 8]   0.7915162019 0.04376930  0.6937732474  0.7946466084  0.86728357 1.00  3298
mean.phi[2, 8]   0.8321999887 0.03073960  0.7710714326  0.8317762521  0.89425835 1.01  4043
mean.phi[3, 8]   0.7548985343 0.05030859  0.6500607223  0.7564306728  0.84976914 1.00  4936
mean.phi[4, 8]   0.5819491896 0.07480134  0.4273864402  0.5852030206  0.72122457 1.00  3677
mean.phi[1, 9]   0.7830779221 0.04265617  0.6920926610  0.7841863076  0.86574885 1.01  3411
mean.phi[2, 9]   0.8058420698 0.04300806  0.6958017411  0.8132165178  0.86755309 1.02   725
mean.phi[3, 9]   0.7553248229 0.04735136  0.6597182238  0.7562261074  0.84556033 1.00  5176
mean.phi[4, 9]   0.5876170270 0.06943302  0.4490119740  0.5877312181  0.72527444 1.00  4193
mean.phi[1, 10]  0.8056080811 0.03864610  0.7221286928  0.8074882435  0.87577343 1.00  4062
mean.phi[2, 10]  0.8285178703 0.03403342  0.7604314867  0.8279830543  0.89832058 1.01  3583
mean.phi[3, 10]  0.7658107711 0.05045169  0.6643091633  0.7667037895  0.86269814 1.00  2714
mean.phi[4, 10]  0.6067258734 0.08024394  0.4475957103  0.6075692195  0.76399788 1.01  3061
mean.phi[1, 11]  0.7142292273 0.04562192  0.6208924157  0.7151997541  0.80094838 1.00  6862
mean.phi[2, 11]  0.8401666065 0.04106769  0.7517755806  0.8434591089  0.91109506 1.00  3880
mean.phi[3, 11]  0.7362514116 0.06469761  0.6005157723  0.7403642848  0.85110499 1.00  7309
mean.phi[4, 11]  0.5577230119 0.08664143  0.3845782608  0.5592343213  0.72401866 1.00  5992
mean.phi[1, 12]  0.7213048638 0.04806212  0.6242035678  0.7221622442  0.81569758 1.00  5316
mean.phi[2, 12]  0.8422986733 0.03841765  0.7603800171  0.8447169078  0.91033237 1.00  4312
mean.phi[3, 12]  0.7325042816 0.06642214  0.5893194101  0.7371636814  0.84892952 1.00  5630
mean.phi[4, 12]  0.5673889984 0.08124577  0.4044934792  0.5690689147  0.72345380 1.00  6628
mean.phi[1, 13]  0.7165861883 0.04405406  0.6197662457  0.7194388635  0.79491384 1.01  5726
mean.phi[2, 13]  0.8338301108 0.03692783  0.7519666256  0.8368866975  0.89722283 1.00  4293
mean.phi[3, 13]  0.7401055010 0.06239609  0.6081479016  0.7438897269  0.85178077 1.00  5416
mean.phi[4, 13]  0.5884874076 0.07766483  0.4391473244  0.5881264490  0.74595822 1.00  2032
mean.phi[1, 14]  0.7366905375 0.04116071  0.6518476469  0.7371928755  0.81866896 1.00  5679
mean.phi[2, 14]  0.8349267935 0.03644065  0.7553617778  0.8370465977  0.90049976 1.00  4408
mean.phi[3, 14]  0.7426761250 0.05908143  0.6205123278  0.7450062328  0.85076279 1.00  5397
mean.phi[4, 14]  0.5607017999 0.07293613  0.4087032419  0.5624957634  0.69709044 1.00  5800
mean.phi[1, 15]  0.7626539433 0.04082983  0.6832259359  0.7614942647  0.84894952 1.01  3867
mean.phi[2, 15]  0.8293971881 0.03391434  0.7549446819  0.8317079188  0.88877238 1.00  4597
mean.phi[3, 15]  0.7430562743 0.05625452  0.6236328919  0.7468344198  0.84405346 1.00  4849
mean.phi[4, 15]  0.5635819783 0.06706281  0.4208558756  0.5668812903  0.68617269 1.00  4232
mean.phi[1, 16]  0.7443471741 0.04072913  0.6482942937  0.7489865683  0.81166703 1.01  2214
mean.phi[2, 16]  0.8369981470 0.03289096  0.7692119928  0.8375987108  0.90019969 1.00  4079
mean.phi[3, 16]  0.7294223605 0.05764264  0.5940347387  0.7355638784  0.82480401 1.00  2503
mean.phi[4, 16]  0.5780339283 0.06767057  0.4407920397  0.5790919303  0.71104375 1.00  5151
mean.phi[1, 17]  0.7535192289 0.07010317  0.5965852815  0.7591522800  0.87971137 1.00  3006
mean.phi[2, 17]  0.8227789020 0.04114208  0.7285138763  0.8259691347  0.89466931 1.00  3770
mean.phi[3, 17]  0.7291243933 0.06789001  0.5727656198  0.7360211051  0.84416164 1.00  4604
mean.phi[4, 17]  0.5773925073 0.09434140  0.3781356904  0.5805429207  0.76052510 1.00  5147
mu.R[1]          0.5204881862 0.12709651  0.2692787672  0.5240055426  0.75916140 1.00  1394
mu.R[2]          0.2783517638 0.11140076  0.0921888061  0.2681985517  0.52268230 1.00  1152
mu.R[3]          0.2809378535 0.10817407  0.0940816329  0.2720866833  0.50812931 1.01  1189
mu.R[4]          0.0899005682 0.05703601  0.0152300972  0.0776077663  0.23039445 1.00  1998
mu.p             0.9319341195 0.01532756  0.8982092553  0.9331634843  0.95840761 1.00  1493
mu.phi[1]        0.7880102912 0.02540193  0.7376618212  0.7882961797  0.83751413 1.00  3198
mu.phi[2]        0.8280459792 0.02243380  0.7819768693  0.8285083163  0.87028697 1.00  3980
mu.phi[3]        0.7471487954 0.03787465  0.6703187247  0.7479968994  0.81723566 1.00  5475
mu.phi[4]        0.5857326720 0.05253657  0.4812128549  0.5869757665  0.68616609 1.00  4371
sigma.R          1.5870368229 0.71929986  0.3140476743  1.5095885697  3.19058326 1.02   284
sigma.p          0.7466557379 0.18012012  0.4427705713  0.7305675572  1.13925363 1.01  1268
sigma.phi        0.1732907264 0.12061255  0.0095703799  0.1478715284  0.50917655 1.04    63
vegr[1]         -0.3285321479 0.99766185 -2.2286181464 -0.3389213207  1.64627109 1.00  3729
vegr[2]          0.1590000000 0.00000000  0.1590000000  0.1590000000  0.15900000  NaN     0
vegr[3]          0.1950000000 0.00000000  0.1950000000  0.1950000000  0.19500000  NaN     0
vegr[4]          0.6620000000 0.00000000  0.6620000000  0.6620000000  0.66200000  NaN     0
vegr[5]         -1.8720000000 0.00000000 -1.8720000000 -1.8720000000 -1.87200000  NaN     0
vegr[6]         -1.6120000000 0.00000000 -1.6120000000 -1.6120000000 -1.61200000  NaN     0
vegr[7]         -1.7950000000 0.00000000 -1.7950000000 -1.7950000000 -1.79500000  NaN     0
vegr[8]         -0.1450000000 0.00000000 -0.1450000000 -0.1450000000 -0.14500000  NaN     0
vegr[9]          0.0810000000 0.00000000  0.0810000000  0.0810000000  0.08100000  NaN     0
vegr[10]        -0.3600000000 0.00000000 -0.3600000000 -0.3600000000 -0.36000000  NaN     0
vegr[11]         1.0850000000 0.00000000  1.0850000000  1.0850000000  1.08500000  NaN     0
vegr[12]         1.0270000000 0.00000000  1.0270000000  1.0270000000  1.02700000  NaN     0
vegr[13]         0.8670000000 0.00000000  0.8670000000  0.8670000000  0.86700000  NaN     0
vegr[14]         0.7650000000 0.00000000  0.7650000000  0.7650000000  0.76500000  NaN     0
vegr[15]         0.5160000000 0.00000000  0.5160000000  0.5160000000  0.51600000  NaN     0
vegr[16]         0.4270000000 0.00000000  0.4270000000  0.4270000000  0.42700000  NaN     0
vegr[17]         0.2812609480 0.87581591 -1.4982565643  0.3047641858  1.92250185 1.00  2470
